Enhancer: E22P3G3
Label: mm_v_all
Padding: True
Batch Size: 256
Learning Rate: 2e-06
Epochs: 1000
Subset: 1.0 (number of training samples: 2128)
Weight Decay: 0.01
Optimizer: adam
Coverage: 10
Jiggle: 3
Confusion Matrix: [[1.0, 0.0], [1.0, 0.0]]
Unnormalized Confusion Matrix: [[567, 0], [105, 0]]
Number of Epochs: 121
Train Losses: [0.7017015020052592, 0.699318892425961, 0.6981380449401008, 0.6999624636438158, 0.6983752846717834, 0.6927061544524299, 0.6944922937287225, 0.6977259847852919, 0.6981805165608724, 0.6961190899213155, 0.6940871013535393, 0.699124276638031, 0.699531250529819, 0.6963755223486159, 0.6987302634451125, 0.6944417688581679, 0.6991853912671407, 0.6934783988528781, 0.6938016878234016, 0.6968583001030816, 0.6972324848175049, 0.6943564414978027, 0.6968471076753404, 0.6987603240542941, 0.6989082164234586, 0.6970751418007745, 0.698637326558431, 0.6981146269374423, 0.698813279469808, 0.6963439517550998, 0.6949627995491028, 0.699499593840705, 0.6996070941289266, 0.6958599752850003, 0.6960031125280592, 0.6932123700777689, 0.6973723438051012, 0.6978935731781853, 0.6948937177658081, 0.6963718997107612, 0.6907550891240438, 0.6932802597681681, 0.6949321031570435, 0.6961577402220832, 0.699554959932963, 0.6935398976008097, 0.694735222392612, 0.6976995600594414, 0.6942989230155945, 0.696132567193773, 0.6930732925732931, 0.6952548225720724, 0.6974271072281731, 0.69414750734965, 0.6968714197476705, 0.6940651072396172, 0.6927172078026665, 0.6981716222233243, 0.6935299899843004, 0.6934232711791992, 0.6942087411880493, 0.694682240486145, 0.6947365403175354, 0.6923878259128995, 0.6940763592720032, 0.6924167341656156, 0.6943205992380778, 0.6940176884333292, 0.6946350468529595, 0.6944822271664938, 0.6928579873508878, 0.6924629277653165, 0.6925228834152222, 0.6927994820806715, 0.6944951746198866, 0.6953713960117764, 0.6947002212206522, 0.6940070589383444, 0.6935128569602966, 0.6936333179473877, 0.6913742158148024, 0.6936256090799967, 0.694131592909495, 0.6942072510719299, 0.6923687193128798, 0.6938515769110786, 0.6930745840072632, 0.693388839562734, 0.6916236148940192, 0.693052245510949, 0.6958175036642287, 0.6919567916128371, 0.6930756171544393, 0.6940468947092692, 0.6932244168387519, 0.6928927434815301, 0.692212873035007, 0.6955998407469856, 0.6950771080123054, 0.6937515205807157, 0.6926771733495924, 0.6933621697955661, 0.6934093899197049, 0.6932063632541232, 0.6926924917432997, 0.6933624611960517, 0.6944269471698337, 0.6927155521180894, 0.6927406059371101, 0.6928839286168417, 0.6937982969813876, 0.6950073175960116, 0.6939067774348788, 0.6925042933887906, 0.6925004058414035, 0.6923919982380338, 0.6932043366962009, 0.6932515568203397, 0.695276591512892, 0.6919911238882277, 0.6927584807078043]
Validation Losses: [0.6932491262753805, 0.6927310625712076, 0.6933308442433676, 0.6932263970375061, 0.6874012152353922, 0.6904965043067932, 0.7012223203976949, 0.7023231585820516, 0.7020277778307596, 0.7080071369806925, 0.6988294919331869, 0.7253087759017944, 0.6846214532852173, 0.7024598320325216, 0.7066308856010437, 0.6833629012107849, 0.6957209904988607, 0.6967049042383829, 0.7079437772432963, 0.6969647407531738, 0.6813940008481344, 0.7045803864796957, 0.7014744281768799, 0.6943516135215759, 0.6913929184277853, 0.7013391057650248, 0.7089178363482157, 0.6944035689036051, 0.6994397242863973, 0.7001007000605265, 0.6922457218170166, 0.6982457836469015, 0.6893224120140076, 0.6854109565416971, 0.6987245877583822, 0.6965440909067789, 0.6961619257926941, 0.6913687785466512, 0.6924721201260885, 0.6905860304832458, 0.6937664349873861, 0.7020362615585327, 0.6972166101137797, 0.6912306944529215, 0.6871705849965414, 0.7005225618680319, 0.7019536296526591, 0.6964093248049418, 0.6891987125078837, 0.6973470449447632, 0.6926716566085815, 0.6971309582392374, 0.6977880994478861, 0.6964452465375265, 0.6932075023651123, 0.6998705069224039, 0.6985238989194235, 0.6988561948140463, 0.6992538770039877, 0.693873922030131, 0.6970125238100687, 0.6953104933102926, 0.694134533405304, 0.6905555923779806, 0.691651443640391, 0.6859909892082214, 0.6918535629908243, 0.6936702330907186, 0.6921848257382711, 0.6922609806060791, 0.6918479402860006, 0.6997035543123881, 0.6943591833114624, 0.6906705896059672, 0.6960687836011251, 0.6903790831565857, 0.6944084167480469, 0.6922374367713928, 0.6995909412701925, 0.6914083957672119, 0.6988579432169596, 0.6961663961410522, 0.6946539084116617, 0.6916977961858114, 0.6864373286565145, 0.6908270120620728, 0.6921719908714294, 0.6915108958880106, 0.6938689748446146, 0.6929545601209005, 0.6906018455823263, 0.6990285913149515, 0.6957501371701559, 0.6891570091247559, 0.692500631014506, 0.6978099544843038, 0.6929909586906433, 0.6932345628738403, 0.6871498227119446, 0.6950205365816752, 0.6968159079551697, 0.6906451980272929, 0.7026753822962443, 0.6941838065783182, 0.7014402945836385, 0.6932776172955831, 0.6976210673650106, 0.6908442378044128, 0.6929374734560648, 0.6915942033131918, 0.695058286190033, 0.6961848934491476, 0.6919897397359213, 0.6908310651779175, 0.6900961597760519, 0.6936490337053934, 0.6927379965782166, 0.6916560331980387, 0.6954429149627686, 0.6905084848403931, 0.6942901213963827]
