Enhancer: E24A3
Label: mm_v_all
Padding: True
Batch Size: 256
Learning Rate: 2e-06
Epochs: 1000
Subset: 1.0 (number of training samples: 2086)
Weight Decay: 0.01
Optimizer: adam
Coverage: 10
Jiggle: 3
Confusion Matrix: [[0.8178963893249608, 0.18210361067503925], [0.6666666666666666, 0.3333333333333333]]
Unnormalized Confusion Matrix: [[521, 116], [14, 7]]
Number of Epochs: 240
Train Losses: [0.687402175532447, 0.6873797376950582, 0.6869302921824985, 0.6865617367956374, 0.6848998268445333, 0.6846643951204088, 0.683364126417372, 0.6830037302441068, 0.6831660270690918, 0.6836036642392477, 0.6803300645616319, 0.679658505651686, 0.6811860203742981, 0.679485923714108, 0.6783711579110887, 0.6779318451881409, 0.6782223714722527, 0.6784091922971938, 0.6768682996431986, 0.6764266093571981, 0.6758039792378744, 0.6745279298888313, 0.6741153730286492, 0.6732549733585782, 0.6722524828381009, 0.6742006341616312, 0.6712579727172852, 0.6706206202507019, 0.669734795888265, 0.6697734528117709, 0.6661031113730537, 0.6695314976904128, 0.6670550439092848, 0.6660838590727912, 0.6635368333922492, 0.6651608877711825, 0.6629010372691684, 0.663526197274526, 0.6611701250076294, 0.6601044138272604, 0.6603837410608927, 0.6609408126937019, 0.6587807403670417, 0.658611622121599, 0.657609932952457, 0.6554995046721565, 0.6548631654845344, 0.6549498107698228, 0.6555545330047607, 0.6524724827872382, 0.6517560084660848, 0.6529579096370273, 0.650505370563931, 0.6511904199918112, 0.6468137568897672, 0.6482419305377536, 0.648875461684333, 0.6466926866107516, 0.645548509226905, 0.6442163321706984, 0.6437795824474759, 0.6408593124813504, 0.6419082548883226, 0.6384173631668091, 0.6405835747718811, 0.6397187776035733, 0.6330671310424805, 0.6355918380949233, 0.6371575858857896, 0.6339131461249458, 0.634480357170105, 0.6328516403834025, 0.6320212682088217, 0.6317900617917379, 0.629224439462026, 0.6278640296724107, 0.6265110373497009, 0.625591410530938, 0.6261277927292718, 0.6249144739574857, 0.623269279797872, 0.6241864893171523, 0.622249530421363, 0.6193496055073209, 0.6186435156398349, 0.616953624619378, 0.6179023848639594, 0.6172024872567918, 0.6150419380929735, 0.6111308336257935, 0.6095268660121493, 0.6118668516476949, 0.609523269865248, 0.6097885966300964, 0.6067882577578226, 0.6098661025365194, 0.605276518397861, 0.6056301328870985, 0.6011981632974412, 0.600682622856564, 0.6025441156493293, 0.5982564886411031, 0.5996547208891975, 0.6005499561627706, 0.5963245100445218, 0.600593732462989, 0.5954954226811727, 0.5930023921860589, 0.5941066145896912, 0.5878791941536797, 0.5909242894914415, 0.5954766935772366, 0.5890612602233887, 0.5840975575976901, 0.5826325549019707, 0.5827957921557956, 0.5802906155586243, 0.5823551615079244, 0.5775031646092733, 0.5766943030887179, 0.5756697058677673, 0.5751904182963901, 0.5742161340183682, 0.5765865710046556, 0.5766182012028165, 0.575745575957828, 0.5688101980421278, 0.5697688195440505, 0.5696269869804382, 0.5725758804215325, 0.5640140440728929, 0.5668900940153334, 0.5678834848933749, 0.564405255847507, 0.5613129337628683, 0.5611967378192477, 0.5626669062508477, 0.5584428111712137, 0.5547770924038358, 0.5568035907215543, 0.5549273623360528, 0.5514829026328193, 0.5525117781427171, 0.5532454318470426, 0.5587237609757317, 0.5543412632412381, 0.5484082897504171, 0.5493945876757304, 0.5453544523980882, 0.550614959663815, 0.5434473355611166, 0.5401260256767273, 0.5375656021965874, 0.5364321768283844, 0.547215739885966, 0.5405821998914083, 0.5368032256762186, 0.5381764504644606, 0.5304509798685709, 0.5391039318508573, 0.5354715585708618, 0.538676917552948, 0.5317508313390944, 0.5279606845643785, 0.5353755354881287, 0.5297388964229159, 0.5286295082834032, 0.5287719435162015, 0.5261111127005683, 0.526336305671268, 0.5242014196183946, 0.5246142745018005, 0.5291097362836202, 0.5214875671598647, 0.5238931907547845, 0.5214509235488044, 0.5234656797515022, 0.5186767611238692, 0.518441187010871, 0.5186524589856466, 0.5112172563870748, 0.5193366010983785, 0.5202901495827569, 0.5114137993918525, 0.5086142089631822, 0.5082198878129324, 0.5118846164809333, 0.5066969725820754, 0.5037137700451745, 0.5106058286295997, 0.5099446740415361, 0.5012628568543328, 0.504021041923099, 0.5069809026188321, 0.500832157002555, 0.5027925239668952, 0.5051948361926608, 0.5072405007150438, 0.502737906244066, 0.4982485506269667, 0.504583865404129, 0.5017094612121582, 0.49520806471506756, 0.496494366063012, 0.4969176716274685, 0.48942987124125165, 0.4893163873089684, 0.4931807352436913, 0.4937007493442959, 0.4895140329996745, 0.49533384376102024, 0.489805410305659, 0.48860517144203186, 0.4862444996833801, 0.4839024543762207, 0.48618580235375297, 0.48388030131657916, 0.48673022786776227, 0.48482371038860744, 0.48009924425019157, 0.4717552794350518, 0.4759269886546665, 0.4837346110079024, 0.48616676529248554, 0.47688760691218907, 0.4714175694518619, 0.47577662931548226, 0.4822276135285695, 0.4785899983512031, 0.48327380749914384, 0.48114492495854694, 0.4693502551979489, 0.4693259563710954, 0.4748857319355011, 0.4656742546293471, 0.4668757948610518, 0.4729563097159068, 0.4635603096750047, 0.4639095399114821, 0.4688027931584252]
Validation Losses: [0.691961427529653, 0.6935991644859314, 0.6938334902127584, 0.6943179567654928, 0.6928203304608663, 0.695259690284729, 0.6962597568829855, 0.6954861283302307, 0.6946985522905985, 0.6956670681635538, 0.6943815350532532, 0.6956366101900736, 0.6959591706593832, 0.6961406071980795, 0.6959407329559326, 0.6932003895441691, 0.6953606406847636, 0.6995745301246643, 0.6974135239919027, 0.6946523189544678, 0.6944705843925476, 0.695824146270752, 0.6985400716463724, 0.6935647328694662, 0.6971882780392965, 0.6973084608713785, 0.696043332417806, 0.6971278190612793, 0.6980502406756083, 0.6981314023335775, 0.6969374815622965, 0.6967325409253439, 0.6973806619644165, 0.7020310560862223, 0.6959067185719808, 0.7019201318422953, 0.6983336607615153, 0.7000009218851725, 0.7005529006322225, 0.6996694803237915, 0.6980386972427368, 0.7016643484433492, 0.6962392330169678, 0.7000601689020792, 0.7014017899831136, 0.69325323899587, 0.69505908091863, 0.6902464826901754, 0.6952454050381979, 0.7006059288978577, 0.6998833417892456, 0.7033917506535848, 0.6987122495969137, 0.7087067166964213, 0.701215386390686, 0.7021509806315104, 0.694458524386088, 0.7030179699261984, 0.6930410663286845, 0.6858826478322347, 0.6980084379514059, 0.6979525089263916, 0.7032004594802856, 0.6986127098401388, 0.7018575469652811, 0.7048098842302958, 0.7067649563153585, 0.6917322278022766, 0.7075586517651876, 0.7045540809631348, 0.7080974181493124, 0.7092503507932028, 0.7028539578119913, 0.7089177568753561, 0.7223112980524699, 0.7126102248827616, 0.7029474178949991, 0.6993838548660278, 0.6956989765167236, 0.7021175026893616, 0.6968936125437418, 0.7025488217671713, 0.7103857596715292, 0.7026352683703104, 0.7207088669141134, 0.7077292998631796, 0.701350728670756, 0.7160451809565226, 0.719305415948232, 0.730493446191152, 0.6945275266965231, 0.7115938862164816, 0.7201393644014994, 0.7203789949417114, 0.7283449570337931, 0.719781219959259, 0.712821880976359, 0.6879582007726034, 0.6995266477266947, 0.7274135152498881, 0.7119562228520712, 0.701385498046875, 0.7195583780606588, 0.7021966377894083, 0.7144909699757894, 0.6908937891324362, 0.7071909308433533, 0.7270898620287577, 0.7233344912528992, 0.709202508131663, 0.7353880604108175, 0.7154366374015808, 0.7334054509798685, 0.7299990256627401, 0.7275661826133728, 0.7232255538304647, 0.7489481767018636, 0.7477211753527323, 0.7421327233314514, 0.7259390155474345, 0.7181739807128906, 0.7293546994527181, 0.7455547451972961, 0.7275827725728353, 0.7242360909779867, 0.6971842050552368, 0.7220109303792318, 0.7186274528503418, 0.732653538386027, 0.7005263964335123, 0.7434672514597574, 0.7429418762524923, 0.705002228418986, 0.7323344548543295, 0.6938410798708597, 0.7032750447591146, 0.7645693023999532, 0.7186508377393087, 0.7084609071413676, 0.6847160855929056, 0.7295814355214437, 0.7173429330190023, 0.724403977394104, 0.7369237343470255, 0.7461544871330261, 0.7442437012990316, 0.753813644250234, 0.7460252245267233, 0.7395733793576559, 0.6971816817919413, 0.745477298895518, 0.7482228875160217, 0.751348614692688, 0.7142935792605082, 0.7663219372431437, 0.7493923107782999, 0.7143019239107767, 0.7847670118014017, 0.7537095149358114, 0.7616997559865316, 0.7246262629826864, 0.7309537728627523, 0.7150695125261942, 0.7441298564275106, 0.7450793186823527, 0.7376439372698466, 0.6949745019276937, 0.7031580805778503, 0.7020705938339233, 0.7461084127426147, 0.7856167157491049, 0.7519744435946146, 0.7569337487220764, 0.7402530113855997, 0.7710390289624532, 0.7362078229586283, 0.7678003509839376, 0.7910009225209554, 0.7207563122113546, 0.7733195622762045, 0.7237638235092163, 0.713578442732493, 0.7264263033866882, 0.7926096717516581, 0.7487056652704874, 0.7198296387990316, 0.7254811922709147, 0.7412869334220886, 0.7748914162317911, 0.7297857403755188, 0.7314343055089315, 0.7776557405789694, 0.7446748812993368, 0.7342618306477865, 0.7573192516962687, 0.7565553188323975, 0.7637609044710795, 0.7646242181460062, 0.6901128689448038, 0.7815336982409159, 0.825478216012319, 0.76960688829422, 0.7906146844228109, 0.780338188012441, 0.7639585336049398, 0.7287626465161642, 0.7268487016359965, 0.715445895989736, 0.8075295686721802, 0.7895113229751587, 0.7366504669189453, 0.7800577680269877, 0.7320532401402792, 0.7985041936238607, 0.8016846577326456, 0.7590827941894531, 0.7898086508115133, 0.7518030603726705, 0.7915064096450806, 0.7893156409263611, 0.776090681552887, 0.8183854420979818, 0.8096369107564291, 0.8144929011662801, 0.7607225577036539, 0.8008023500442505, 0.7984276413917542, 0.7745434641838074, 0.7739370862642924, 0.800292432308197, 0.8150728146235148, 0.7692774136861166, 0.7969474991162618, 0.7796211640040079, 0.7631220817565918, 0.781235416730245, 0.7830612460772196, 0.8308660189310709, 0.7514618436495463, 0.8193141222000122]
