Enhancer: E22P3B3
Label: mm_v_all
Padding: True
Batch Size: 256
Learning Rate: 2e-06
Epochs: 1000
Subset: 1.0 (number of training samples: 5551)
Weight Decay: 0.01
Optimizer: adam
Coverage: 10
Jiggle: 3
Confusion Matrix: [[0.9847148736037625, 0.015285126396237508], [0.4, 0.6]]
Unnormalized Confusion Matrix: [[1675, 26], [14, 21]]
Number of Epochs: 838
Train Losses: [0.7008156668056141, 0.699693351984024, 0.6987545598636974, 0.6980065920136191, 0.7000332610173658, 0.6982184865257957, 0.6967024396766316, 0.6964571584354747, 0.6959123828194358, 0.6984978291121396, 0.695021309635856, 0.6955206096172333, 0.6967050351879813, 0.6956101655960083, 0.695259996435859, 0.6949195753444325, 0.6938680410385132, 0.691212762485851, 0.691980017857118, 0.6912150084972382, 0.6913216195323251, 0.6914453506469727, 0.6917019323869185, 0.6905103380029852, 0.6903538216244091, 0.6912681081078269, 0.6881527602672577, 0.6900330023332075, 0.6893105533989993, 0.6908358850262382, 0.6895962628451261, 0.6882927715778351, 0.6883336739106611, 0.6887198524041609, 0.6868379766290839, 0.68941760875962, 0.6874039579521526, 0.6870253438299353, 0.6858841993592002, 0.6851863617246802, 0.685107870535417, 0.684895623813976, 0.6840589371594515, 0.6857076558199796, 0.6845620545473966, 0.6836316829377954, 0.6824382760308005, 0.683124840259552, 0.6834857355464589, 0.6829997003078461, 0.6822646395726637, 0.6817304410717704, 0.681871007789265, 0.6804519241506403, 0.679735695773905, 0.6801484037529338, 0.678871975703673, 0.6787757792256095, 0.6786907288161191, 0.677830541675741, 0.6771845519542694, 0.6771633245728232, 0.6767735345797106, 0.6773023551160638, 0.6761131557551298, 0.6758836155587976, 0.6750904728065837, 0.6751112233508717, 0.6759894246404822, 0.6737132587216117, 0.67279975251718, 0.6722008044069464, 0.6713847815990448, 0.6718755824999376, 0.671420855955644, 0.6710711798884652, 0.671528550711545, 0.6695877774195238, 0.6695555990392511, 0.6685079363259402, 0.6682295094836842, 0.6670803265138106, 0.6662199849432165, 0.6662132306532427, 0.6655523045496508, 0.6649440662427382, 0.6646760431202975, 0.6629116399721666, 0.6647466041825034, 0.6630013205788352, 0.6613014421679757, 0.6613614450801503, 0.6598773002624512, 0.6592894277789376, 0.6586367623372511, 0.658523372628472, 0.6578292629935525, 0.6561526574871757, 0.6560906361449849, 0.65440880168568, 0.6548514853824269, 0.6538754349405115, 0.6526031439954584, 0.6521454616026445, 0.6525612717325037, 0.6512091024355455, 0.6494306894865903, 0.6486414996060458, 0.6474831998348236, 0.6472874934023077, 0.6464100236242468, 0.6458328826860948, 0.6437178389592604, 0.6428980122913014, 0.6424487151882865, 0.6412821059877222, 0.6395478411154314, 0.6379153728485107, 0.6376551281322133, 0.635931218212301, 0.6361793604764071, 0.6374626511877234, 0.6337084011598066, 0.632458134130998, 0.6308628401973031, 0.6305978894233704, 0.6299352239478718, 0.6293986141681671, 0.6274100325324319, 0.627190194346688, 0.6245657503604889, 0.623863008889285, 0.6226348037069495, 0.6237150511958383, 0.6208160682158037, 0.6195747283372012, 0.6184504438530315, 0.6177107745950873, 0.6168323999101465, 0.6173545203425668, 0.6157252625985579, 0.6146915717558428, 0.6106090518561277, 0.6121570901437239, 0.6110474846579812, 0.6090570390224457, 0.6066326065496965, 0.604558221318505, 0.6035916669802233, 0.6039741472764448, 0.6033656759695574, 0.6015765992077914, 0.6009804335507479, 0.5989614779298956, 0.5976350117813457, 0.597756483338096, 0.5957112799991261, 0.594250735911456, 0.5957346260547638, 0.5939695049415935, 0.5876753817905079, 0.589321721683849, 0.5854133665561676, 0.5866159309040416, 0.5863209177147258, 0.5819485783576965, 0.5849895287643779, 0.579977271231738, 0.5812894431027499, 0.5783500075340271, 0.5789023068818179, 0.5763903260231018, 0.5762400898066434, 0.5749926675449718, 0.5758096521550958, 0.5701465525410392, 0.5726963091980327, 0.5685515214096416, 0.5644486492330377, 0.5657091872258619, 0.5656926577741449, 0.5658364675261758, 0.5640686642039906, 0.5641184882684187, 0.5603854033080015, 0.5571548369797793, 0.554606248031963, 0.559829592704773, 0.5554264648394152, 0.5551604167981581, 0.5537152127786116, 0.552255858074535, 0.5500221333720468, 0.5494566343047402, 0.5487814843654633, 0.5469468371434645, 0.5447435135191138, 0.5451774624260989, 0.5434850291772322, 0.5396380261941389, 0.5424395826729861, 0.5407926738262177, 0.538132908669385, 0.5371077250350605, 0.5324842604723844, 0.533272469585592, 0.5296193821863695, 0.5290830406275663, 0.5280467542735013, 0.5299794619733637, 0.5244445611130107, 0.5300191126086495, 0.52952871539376, 0.5224468003619801, 0.5218216533010657, 0.5188380479812622, 0.5199596312913027, 0.5158564367077567, 0.5151446190747347, 0.5156140300360593, 0.5165555558421395, 0.5121678818355907, 0.5104241885922172, 0.5091924978928133, 0.5102457539601759, 0.5055998821150173, 0.5090261616490104, 0.5055163678797808, 0.5067253004420887, 0.49753397703170776, 0.4961246292699467, 0.5013742406259883, 0.4992728531360626, 0.49990539117292926, 0.4980356761000373, 0.49435922368006274, 0.4920966083353216, 0.4933637421239506, 0.49220503866672516, 0.4911281845786355, 0.4903610755096782, 0.4885534264824607, 0.48775221136483277, 0.4833260788158937, 0.4856875091791153, 0.4818838441913778, 0.4830028915947134, 0.48320410739291797, 0.48081028732386505, 0.479254886507988, 0.4793064851652492, 0.4769961441105062, 0.4769292013211684, 0.4711103222586892, 0.4720632162961093, 0.466616537083279, 0.4686972200870514, 0.4706740528345108, 0.46904729306697845, 0.46760763227939606, 0.4647157124497674, 0.46685796163298865, 0.4633705792101947, 0.4661327072165229, 0.45914569090713153, 0.46043361723423004, 0.4565059637481516, 0.4581698246977546, 0.4565784592520107, 0.4567548077214848, 0.45170963216911664, 0.45241364159367303, 0.45388351109894837, 0.4531098414551128, 0.4523999474265359, 0.4470469463955272, 0.4475284665822983, 0.44358781386505475, 0.4436613836071708, 0.4460094760764729, 0.44371987743811175, 0.44322853874076495, 0.4421725340864875, 0.4393586096438495, 0.43849453600970184, 0.43717505715110083, 0.4407437931407582, 0.43726421757177875, 0.4311414347453551, 0.4290181181647561, 0.43086525662378833, 0.4245796528729526, 0.43516899374398316, 0.4302814467386766, 0.42448540980165655, 0.43021065267649566, 0.4302187765186483, 0.422916363586079, 0.42615566741336475, 0.42320074005560443, 0.42215502533045685, 0.41688911752267316, 0.41256318986415863, 0.41601223159920087, 0.4116162264888937, 0.41767736185680737, 0.41523349014195526, 0.41451925852081994, 0.41817629066380585, 0.4079763184894215, 0.40502402457323944, 0.4046508046713742, 0.40546167574145575, 0.4077379608696157, 0.4030763086947528, 0.4011092321439223, 0.3971495967019688, 0.3964090089906346, 0.40240606665611267, 0.3956344114108519, 0.3973507677966898, 0.39658556336706335, 0.39054711027578876, 0.3919940780509602, 0.3927123641425913, 0.39177069609815424, 0.39138293672691693, 0.39193404669111426, 0.39139729873700574, 0.3872975476763465, 0.38492409749464557, 0.3835408335382288, 0.3849146217107773, 0.38199772347103467, 0.3787954950874502, 0.3858182348988273, 0.37723708288236096, 0.37665607170625165, 0.3727631365711039, 0.36801000210371887, 0.3753747181458907, 0.37280449813062494, 0.37410076639868994, 0.37289561195807025, 0.3679365041581067, 0.3684315586631948, 0.36453771591186523, 0.37014554711905395, 0.3649751828475432, 0.3579417792233554, 0.362589649178765, 0.36019041592424567, 0.3572427278215235, 0.35838443311777984, 0.3577476861802014, 0.35524203696034173, 0.35577842457727954, 0.34978908977725287, 0.34866237098520453, 0.34922161291946063, 0.352250490676273, 0.3529174111106179, 0.3526685346256603, 0.34426877715370874, 0.3469166254455393, 0.3464907570318742, 0.33808593587441876, 0.3396009721539237, 0.34318122403188184, 0.3380794850262729, 0.34225617755543103, 0.33545842089436273, 0.34047165513038635, 0.3381384407932108, 0.3352315385233272, 0.3369892564686862, 0.3354811573570425, 0.33780328116633673, 0.33741730180653656, 0.3235629444772547, 0.33004340529441833, 0.33081467720595276, 0.32717594368891284, 0.33149600706317206, 0.32515069435943256, 0.32056328518824145, 0.3275853395462036, 0.32157925042239105, 0.32149297811768274, 0.3206656019796025, 0.31650057570500806, 0.3214396834373474, 0.31478151001713495, 0.31270148672840814, 0.31573394347320904, 0.3129390911622481, 0.3164819153872403, 0.3133375604044307, 0.30472473529252136, 0.31152532452886755, 0.31020272997292603, 0.3063551742922176, 0.30563886057246814, 0.3032278242436322, 0.29858663271773944, 0.3000053831122138, 0.2981206246397712, 0.31059320677410474, 0.3024580559947274, 0.295701571486213, 0.30158518525687134, 0.2924832227555188, 0.2981205623258244, 0.29270819100466644, 0.2947845594449477, 0.295730859041214, 0.2932217744263736, 0.28777382319623773, 0.2953150814229792, 0.2872804755514318, 0.2924106635830619, 0.2871753085743297, 0.28948120501908386, 0.2839362905784087, 0.27788818830793555, 0.2774660451845689, 0.2854464501142502, 0.2830017615448345, 0.2756793444806879, 0.28040727295658807, 0.2763738361271945, 0.27369221435351804, 0.28325300731442193, 0.2750287882306359, 0.2723062824119221, 0.2689174616878683, 0.2717754976315932, 0.2700750292702155, 0.2648554633964192, 0.26592716439203784, 0.2745682475241748, 0.2641980519348925, 0.2686936286362735, 0.26980150829661975, 0.26598139107227325, 0.26310287009585986, 0.26403656330975617, 0.26265130056576297, 0.25509014996615326, 0.2589167072014375, 0.26169241761619394, 0.2582961449568922, 0.2594877467914061, 0.2558250251141461, 0.2573692019690167, 0.26235889440233057, 0.2531227963891896, 0.2500281787731431, 0.2541013353250243, 0.25098666616461496, 0.25071930207989435, 0.2520644346421415, 0.2481501278552142, 0.2513758397915147, 0.24165907502174377, 0.24800491333007812, 0.24342925575646487, 0.246140024878762, 0.24801711602644486, 0.24422684718262067, 0.24245057255029678, 0.24167931960387665, 0.24194909022613006, 0.24262535504319452, 0.2403159500523047, 0.2341566343199123, 0.24074574221264233, 0.23709224164485931, 0.23464412513104352, 0.2371525845744393, 0.2357502356171608, 0.23155364800583234, 0.2284638841043819, 0.23016801137815823, 0.2307665984738957, 0.23018440333279697, 0.22590167414058338, 0.23152558911930432, 0.22876354984261774, 0.2256610237739303, 0.2248561368747191, 0.22314716130495071, 0.22382094981995496, 0.2211139676245776, 0.2217304124073549, 0.2251685600389134, 0.2224917628548362, 0.22060285102237354, 0.21394412354989487, 0.22361687977205624, 0.2188099114732309, 0.22109897163781253, 0.218088299036026, 0.20924190160903064, 0.21949982643127441, 0.21478304131464523, 0.2142434228550304, 0.21428820219906894, 0.2130671421235258, 0.21002681892026553, 0.2098400206728415, 0.20816717635501514, 0.20658231594345786, 0.20607081394303928, 0.20796906406229193, 0.20386806469071994, 0.20624186504970898, 0.20875504748387771, 0.20309973440387033, 0.2022560557181185, 0.20248729871077972, 0.20130193098024887, 0.19963792779228903, 0.2001265063881874, 0.19705364175818182, 0.2044332975691015, 0.20076655461029572, 0.19940473003820938, 0.19577868960120462, 0.2012467770413919, 0.1968644600022923, 0.19671928137540817, 0.1907633597200567, 0.19124480743299832, 0.19510101865638385, 0.19422791017727417, 0.19375407831235367, 0.18928410316055472, 0.19507856328379025, 0.19041666862639514, 0.18916650793769144, 0.19170487197962674, 0.1836536011912606, 0.19048173319209705, 0.18172130936926062, 0.18814793703230945, 0.18671293218027463, 0.1852894283153794, 0.1876219721003012, 0.18285149877721613, 0.18518162180076947, 0.1850612461566925, 0.1818205714225769, 0.18194051561030475, 0.18198818239298734, 0.1758742406964302, 0.17581949044357648, 0.17992131344296716, 0.17691701718352057, 0.1796684583479708, 0.17944153466007925, 0.17630428617650812, 0.17908221144567837, 0.17429015175862747, 0.17251432687044144, 0.1709844463250854, 0.1728501387617805, 0.16920399462634866, 0.1759481965140863, 0.16774328256195242, 0.17002382535826077, 0.1694175363941626, 0.17267813736742194, 0.1734755039215088, 0.16588834876363928, 0.16211803528395566, 0.16749100048433652, 0.16523817317052322, 0.16562958806753159, 0.164463763887232, 0.16668391905047678, 0.16518698971379886, 0.1720315400849689, 0.1629606316035444, 0.16043875027786603, 0.16482526808977127, 0.15874690833416852, 0.16166667098348791, 0.15767755156213586, 0.15911727398633957, 0.16111572628671472, 0.15781087631529028, 0.15555503287098624, 0.15549768642945724, 0.153034009039402, 0.15646260231733322, 0.15977906774390827, 0.15451807528734207, 0.15087373486974023, 0.15665929425846448, 0.15353461287238382, 0.15329197997396643, 0.14787618748166345, 0.14922588183121246, 0.15327819843183865, 0.1508939875797792, 0.14525489509105682, 0.1462673477151177, 0.14692239598794418, 0.14833674918521533, 0.1479834501038898, 0.14210027862678876, 0.1473553620956161, 0.14415732974355872, 0.15060545097697864, 0.1443809230219234, 0.14450815895741637, 0.1461057182062756, 0.14369304274970834, 0.13994958996772766, 0.1426509672945196, 0.1421002129262144, 0.1434739442034201, 0.14113658463413065, 0.1354158026250926, 0.14151608537543903, 0.13844788616353815, 0.14034405689347873, 0.13978318937800147, 0.13946503807197919, 0.13802939450198953, 0.1406670862978155, 0.13691319152712822, 0.13764526390216567, 0.1351150707765059, 0.13584659892049702, 0.13665107265114784, 0.13459486920725217, 0.1333178864283995, 0.1369051956994967, 0.13300711593844675, 0.13426217436790466, 0.13560638949275017, 0.13408550416881387, 0.13025850328532132, 0.1257044446061958, 0.13056296821344981, 0.12881873378699477, 0.13604997843503952, 0.13328993015668608, 0.1301943680102175, 0.12883545593781906, 0.12720655141906304, 0.12751642546870492, 0.12084296244111928, 0.12578281861814586, 0.12427430091933771, 0.12642369216138666, 0.12662573091008447, 0.12527372654188762, 0.12206384404139085, 0.12327574769204314, 0.11997933313250542, 0.12142934887246652, 0.12058040364222093, 0.119017843157053, 0.12166059897704558, 0.12329403886740858, 0.12065760859034279, 0.11925948377359998, 0.11810643158175728, 0.11666806516322223, 0.12058602544394406, 0.11794056675650856, 0.11696038903160529, 0.11838988621126521, 0.11698470163074406, 0.11944764784791252, 0.1176555295559493, 0.11574450609358874, 0.11614008451049979, 0.11159007014198737, 0.11588040671565315, 0.11280182647434148, 0.11600955948233604, 0.11463826319033449, 0.11126825213432312, 0.11066455766558647, 0.11315584690733389, 0.11314345896244049, 0.11215232549743219, 0.10862141305750067, 0.1104101071303541, 0.11129462651231072, 0.10608384961431677, 0.1093788394196467, 0.11113400858911601, 0.10781292007728056, 0.1054316454313018, 0.10652171346274289, 0.10598208822987297, 0.10557846047661522, 0.10794448683207686, 0.10693244873122736, 0.1035416569899429, 0.10576192120259459, 0.10734249515966936, 0.10867351666092873, 0.10283495147119869, 0.1023026430471377, 0.10459993136200038, 0.1020559235052629, 0.10280182415788824, 0.10180618410760706, 0.09774534065615047, 0.10064246607097713, 0.10108331218361855, 0.10058951716531407, 0.10023525662042877, 0.10016423836350441, 0.09459832073612646, 0.09727947955781763, 0.10108618235046213, 0.09843239662322131, 0.09442562609910965, 0.09911266985264691, 0.09737264127893881, 0.09565834125334566, 0.09889525649222461, 0.09740777076645331, 0.09238797087561, 0.09499785608865997, 0.09613264758478511, 0.08928511867469008, 0.09825127267024734, 0.09710240160877054, 0.09315454214811325, 0.09393444962122223, 0.09168805791573091, 0.09162151745774529, 0.0931272499940612, 0.09245366129008206, 0.09281058982014656, 0.09089314700527625, 0.09153213487430052, 0.091388596391136, 0.08994256975975903, 0.09075836701826616, 0.09237873520363461, 0.08926003561778502, 0.08816730569709431, 0.08880468728867444, 0.0911876725202257, 0.0847086367959326, 0.08746321973475543, 0.08586652035062964, 0.08987325802445412, 0.08762767572294582, 0.08651866391301155, 0.08762219819155606, 0.08478980375961824, 0.08620280975645239, 0.08545537259091031, 0.08750681748444383, 0.080836789005182, 0.08540343459356915, 0.08578954569318077, 0.08167537064714865, 0.08435370298949155, 0.0833996632559733, 0.0848777090961283, 0.08047070726752281, 0.08148856630379503, 0.08021379837935622, 0.08235005695711482, 0.08510191332210194, 0.080491649156267, 0.08240076764063402, 0.08176785097880797, 0.07794151556762782, 0.07998713478446007, 0.07927237180146304, 0.08137801425023512, 0.07856287807226181, 0.08045070313594559, 0.07852489060976288, 0.07673623209649866, 0.07610066370530562, 0.07989992133595726, 0.07719727978110313, 0.07869573530148376, 0.07430696013298901, 0.07461684569716454, 0.07890298793261702, 0.07515132715078918, 0.07353271476247093, 0.07321265001188625, 0.07377511025829749, 0.07194299877367237, 0.07351600971411575, 0.07391848923130469, 0.07734929092905739, 0.07096956636417996, 0.07493519444357265, 0.07136295634237202, 0.07261306572366845, 0.07497049597176639, 0.07429163056341084, 0.06971155276352708, 0.07274836200204762, 0.07394749535755678, 0.07021255215460603, 0.07208612358028238, 0.07110272737389262, 0.07080596566877582, 0.06799099662087181, 0.06965168040584434, 0.07285381735048511, 0.07255887003107504, 0.06912285292690451, 0.06926436112685637, 0.07028145376931537, 0.06863716498694637, 0.06663788651878183, 0.07004974359138445, 0.06835863671519539, 0.06962968612259085, 0.06855751167644154, 0.06635481779548255, 0.06499414044347676, 0.06765166568485173, 0.06578505428677256, 0.0662091736766425, 0.06038495559584011, 0.06397034346380016, 0.06741127253256061, 0.06727685728533701, 0.06514209407297047]
Validation Losses: [0.7054467797279358, 0.695416122674942, 0.7009885907173157, 0.6969692011674246, 0.6926203072071075, 0.6981717546780905, 0.6948220034440359, 0.6954903403917948, 0.6950707038243612, 0.6993140478928884, 0.6964175303777059, 0.6937020321687063, 0.6979120671749115, 0.6950110197067261, 0.7009024918079376, 0.6954362690448761, 0.6947392225265503, 0.6941578686237335, 0.6918249825636545, 0.6939583420753479, 0.6943163871765137, 0.6924534340699514, 0.6919131577014923, 0.6920424699783325, 0.6918203234672546, 0.6937147378921509, 0.6947071850299835, 0.6930126150449117, 0.6919541954994202, 0.6929175953070322, 0.6921419699986776, 0.6908461352189382, 0.6894048750400543, 0.6904254456361135, 0.6925345857938131, 0.6898845732212067, 0.6897224088509878, 0.6896496911843618, 0.6889182527860006, 0.6885877350966135, 0.6875798503557841, 0.6886477569739023, 0.6863621175289154, 0.688158243894577, 0.687419186035792, 0.687876691420873, 0.6857139269510905, 0.6889599363009135, 0.6868527432282766, 0.6877657175064087, 0.6872889995574951, 0.6859783828258514, 0.6863199373086294, 0.6855709155400594, 0.6863697667916616, 0.6864038407802582, 0.6841953297456106, 0.6853527228037516, 0.6839214960734049, 0.6834594209988912, 0.6854724486668905, 0.6859036187330881, 0.6835188070933024, 0.6839518050352732, 0.6821846961975098, 0.682910273472468, 0.6832349300384521, 0.6815314789613088, 0.6813516616821289, 0.6803805629412333, 0.682970811923345, 0.6806676685810089, 0.6807963649431864, 0.6798915366331736, 0.6809678971767426, 0.6802502671877543, 0.6784177323182424, 0.6793914635976156, 0.6800235013167063, 0.6800964772701263, 0.677149365345637, 0.6775562961896261, 0.6778704623381296, 0.6779967149098715, 0.6766648888587952, 0.6766383945941925, 0.6772903700669607, 0.6741333703200022, 0.6754487057526907, 0.6745779116948446, 0.6735174755255381, 0.6741533279418945, 0.6742330888907114, 0.6739024023214976, 0.6729938785235087, 0.6728895405928293, 0.6720655461152395, 0.6721647381782532, 0.6708003481229147, 0.6710001428922018, 0.6693892081578573, 0.6702539225419363, 0.6678846677144369, 0.6685259739557902, 0.6683098872502645, 0.6669477820396423, 0.6685353815555573, 0.6681490838527679, 0.6677459875742594, 0.6674366096655527, 0.662914882103602, 0.6649467547734579, 0.6650041540463766, 0.6625288724899292, 0.6653125286102295, 0.6647869050502777, 0.6630740761756897, 0.6613951126734415, 0.6614749232927958, 0.6610705653826395, 0.6593473056952158, 0.6601275503635406, 0.659341444571813, 0.6598231891791025, 0.6564539869626363, 0.6586552659670512, 0.6583823263645172, 0.6546266078948975, 0.6536618371804556, 0.6533438960711161, 0.6507337788740793, 0.6523591776688894, 0.6516833702723185, 0.6537249386310577, 0.6519846717516581, 0.649484246969223, 0.651378999153773, 0.6484726468722025, 0.6499162216981252, 0.6475824217001597, 0.6431811352570852, 0.642360677321752, 0.6439175605773926, 0.642071266969045, 0.6462795535723368, 0.6410784920056661, 0.6424790521462759, 0.6448626418908437, 0.6402194400628408, 0.6411202649275461, 0.6383407016595205, 0.6359732250372568, 0.6407286127408346, 0.6388484636942545, 0.6362917621930441, 0.6352511545022329, 0.63271763920784, 0.6328183809916178, 0.6295555432637533, 0.637284924586614, 0.6298701167106628, 0.6297191083431244, 0.6269383728504181, 0.6296896040439606, 0.6283877094586691, 0.6256893376509348, 0.625265638033549, 0.6259269913037618, 0.6235036551952362, 0.6256033778190613, 0.6269159217675527, 0.6202531059583029, 0.6174638271331787, 0.6181861460208893, 0.6230791509151459, 0.618688960870107, 0.618593841791153, 0.618237316608429, 0.6149666508038839, 0.6094581484794617, 0.614052802324295, 0.6139654616514841, 0.6073478062947592, 0.6072852412859598, 0.6034420629342397, 0.6083740393320719, 0.6030486822128296, 0.6091678341229757, 0.6044324139753977, 0.6046638985474905, 0.5997765759627024, 0.5996872186660767, 0.5984607338905334, 0.5991739133993784, 0.6011989812056223, 0.596045196056366, 0.5937018295129141, 0.5971101125081381, 0.5905169943968455, 0.5955997407436371, 0.5932703812917074, 0.5928356349468231, 0.592238704363505, 0.5852945446968079, 0.5871038734912872, 0.5836653411388397, 0.5844738086064657, 0.5830468932787577, 0.5877198974291483, 0.5798783500989279, 0.5798714260260264, 0.5749499599138895, 0.5788989166418711, 0.5759666661421458, 0.5718000630537668, 0.570255716641744, 0.5732137362162272, 0.5699982345104218, 0.5735028485457102, 0.5664389133453369, 0.5656698842843374, 0.5680087904135386, 0.5662615895271301, 0.5614995956420898, 0.5603578090667725, 0.5645781755447388, 0.5625176330407461, 0.5592344800631205, 0.5546123186747233, 0.5600605507691702, 0.5567044019699097, 0.5528151591618856, 0.5538867115974426, 0.554943193991979, 0.5543961028258005, 0.5501744250456492, 0.5453156232833862, 0.5467275083065033, 0.5513063967227936, 0.545977383852005, 0.5465520024299622, 0.5418489873409271, 0.538241465886434, 0.535539706548055, 0.5359748303890228, 0.531487762928009, 0.5414623618125916, 0.5373830000559489, 0.5313538114229838, 0.5306101342042288, 0.5281444986661276, 0.5348825256029764, 0.530487467845281, 0.5274497369925181, 0.5272797644138336, 0.5390935440858206, 0.5243179102738699, 0.5228175719579061, 0.5208622713883718, 0.5171823302904764, 0.528347373008728, 0.5215569237867991, 0.5213075578212738, 0.5125600347916285, 0.5123810172080994, 0.5111100375652313, 0.5091053595145544, 0.5089767177899679, 0.5156662166118622, 0.5185405214627584, 0.508916586637497, 0.5136265556017557, 0.5069099962711334, 0.5135229627291361, 0.4979149599870046, 0.5008765012025833, 0.5025173425674438, 0.4957052816947301, 0.49726314345995587, 0.4944457213083903, 0.4991549054781596, 0.5007771849632263, 0.48794836302598316, 0.4881949375073115, 0.4973430087169011, 0.4905855556329091, 0.48937787612279254, 0.48170942564805347, 0.48042238255341846, 0.4820093661546707, 0.4793599645296733, 0.486091544230779, 0.4829060087601344, 0.47882633407910663, 0.479950745900472, 0.47541766862074536, 0.4750699500242869, 0.476277028520902, 0.4779120286305745, 0.46834712227185565, 0.4744090934594472, 0.46743038296699524, 0.47756437957286835, 0.47079546252886456, 0.4630657732486725, 0.46415645877520245, 0.46167268852392834, 0.463794266184171, 0.4618643919626872, 0.46767715613047284, 0.4582754025856654, 0.4600421239932378, 0.4660342037677765, 0.46208932002385456, 0.45209944744904834, 0.4489971498648326, 0.44257278740406036, 0.46229447921117145, 0.45005953311920166, 0.45324741800626117, 0.44527799387772876, 0.4474115918080012, 0.4406260699033737, 0.4486949344476064, 0.44193991521994275, 0.44114722808202106, 0.4412652254104614, 0.43551652630170185, 0.4369966934124629, 0.4371303816636403, 0.43827345967292786, 0.435296634833018, 0.42992807428042096, 0.4344801952441533, 0.43169409533341724, 0.4354016532500585, 0.4376058081785838, 0.4199148267507553, 0.414315606156985, 0.42279315491517383, 0.42959897220134735, 0.42973123490810394, 0.4134153723716736, 0.4160748968521754, 0.4167199929555257, 0.4146878868341446, 0.42381132145722705, 0.41468257705370587, 0.4165053615967433, 0.4112410992383957, 0.4079974095026652, 0.41379112501939136, 0.40674030780792236, 0.4098588873942693, 0.40333324670791626, 0.4049730598926544, 0.40829883019129437, 0.4100174556175868, 0.4037697712580363, 0.3989129513502121, 0.4048300137122472, 0.3928967664639155, 0.3948789139588674, 0.39068401356538135, 0.3920500526825587, 0.39482730130354565, 0.387668455640475, 0.38740720351537067, 0.39926228920618695, 0.38961368799209595, 0.3871555874745051, 0.38841764628887177, 0.379250372449557, 0.38604381680488586, 0.381295308470726, 0.38596958418687183, 0.3765171517928441, 0.37394539018472034, 0.38102444509665173, 0.37892792622248334, 0.3819912225008011, 0.3839577833811442, 0.37621333201726276, 0.3768596996863683, 0.3742943008740743, 0.37287157277266186, 0.37713684638341266, 0.37111301223436993, 0.37373079856236774, 0.3713373790184657, 0.3666995068391164, 0.36235298216342926, 0.3675776521364848, 0.36713006099065143, 0.3609388719002406, 0.36591670910517377, 0.36181890467802685, 0.36374427378177643, 0.36139291028181714, 0.3597550441821416, 0.35701510310173035, 0.3562341133753459, 0.3513135959704717, 0.3552536517381668, 0.365907480319341, 0.35348911583423615, 0.34723907212416333, 0.3466537147760391, 0.3517354875802994, 0.3462697019179662, 0.36745671431223553, 0.3509514133135478, 0.3411357154448827, 0.34528449177742004, 0.34669387340545654, 0.34902768830458325, 0.3503342618544896, 0.34595486521720886, 0.3447110305229823, 0.33990441759427387, 0.35183046261469525, 0.3376116007566452, 0.3406313508749008, 0.33271706104278564, 0.3313652078310649, 0.3310197989145915, 0.3368557542562485, 0.33624588946501416, 0.3411364456017812, 0.3375549912452698, 0.3407718042532603, 0.328936164577802, 0.32865846653779346, 0.324045866727829, 0.33294012149175006, 0.32368484636147815, 0.3236464112997055, 0.32890575627485913, 0.3238603373368581, 0.3229699383179347, 0.32804842789967853, 0.32510646680990857, 0.32938480377197266, 0.33132562537988025, 0.32909493645032245, 0.3184299518664678, 0.3189864903688431, 0.32799320419629413, 0.3166922281185786, 0.31933269401391345, 0.31614184379577637, 0.31426439185937244, 0.31751128534475964, 0.31962668895721436, 0.3175601015488307, 0.3182446261246999, 0.31968382994333905, 0.331139400601387, 0.306531881292661, 0.30953888098398846, 0.31219826141993207, 0.31426626940568286, 0.31455649932225543, 0.3194318314393361, 0.3191610674063365, 0.3006446858247121, 0.31098078191280365, 0.30329713225364685, 0.31426454583803815, 0.3138980567455292, 0.3109499315420787, 0.30754609902699787, 0.31150073806444806, 0.3010241836309433, 0.30261869728565216, 0.30315787096818286, 0.3074112186829249, 0.29314566155274707, 0.3105471730232239, 0.3037237673997879, 0.30340227484703064, 0.3152241309483846, 0.30205969015757245, 0.3027985990047455, 0.298629567027092, 0.3013946861028671, 0.294505774974823, 0.29991142948468524, 0.3005211154619853, 0.29801054298877716, 0.29905563592910767, 0.29667434593041736, 0.29854434728622437, 0.2992917249600093, 0.2964445898930232, 0.28682783246040344, 0.2915506809949875, 0.2879757483800252, 0.2862892250219981, 0.2903006424506505, 0.295369952917099, 0.2963717579841614, 0.2926797221104304, 0.2924233277638753, 0.28924637536207837, 0.2979723612467448, 0.28683868050575256, 0.2896083692709605, 0.2811979353427887, 0.29162901639938354, 0.2840400089820226, 0.28766510883967084, 0.28401631116867065, 0.28564275801181793, 0.28713713586330414, 0.2841801842053731, 0.2849014550447464, 0.277220939596494, 0.28456450005372363, 0.282787745197614, 0.2850273698568344, 0.2883519430955251, 0.2858550697565079, 0.2786186834176381, 0.2846985807021459, 0.2794178823630015, 0.275517205397288, 0.2807122270266215, 0.27755332986513775, 0.2813773999611537, 0.27014044175545376, 0.2837084233760834, 0.27594199279944104, 0.2808733880519867, 0.27571631968021393, 0.2802444597085317, 0.27680835624535877, 0.26815131803353626, 0.2763119141260783, 0.2772715836763382, 0.2742636700471242, 0.27247487505276996, 0.26036057124535245, 0.2760819395383199, 0.2681648408373197, 0.2714462876319885, 0.27412881950537366, 0.2811245421568553, 0.26665447155634564, 0.27636657655239105, 0.267413929104805, 0.28661757707595825, 0.26599309345086414, 0.2820068895816803, 0.2763976901769638, 0.26021450261274975, 0.26619774599870044, 0.27948319911956787, 0.2753632366657257, 0.2784600804249446, 0.2697712207833926, 0.26772341132164, 0.2718594471613566, 0.26911477247873944, 0.2665488049387932, 0.2599058498938878, 0.2652983143925667, 0.27009132504463196, 0.2698242962360382, 0.25433797140916187, 0.26174557705720264, 0.25881799310445786, 0.2648327549298604, 0.27192727228005725, 0.2578962321082751, 0.2506859501202901, 0.25742365419864655, 0.26111699640750885, 0.2678728997707367, 0.26199375092983246, 0.26361366113026935, 0.25737536946932477, 0.2587776730457942, 0.2588765621185303, 0.2691027546922366, 0.24921737362941107, 0.26434846470753354, 0.26658620436986286, 0.2623402252793312, 0.2683558762073517, 0.262509157260259, 0.26541316509246826, 0.2526702756683032, 0.26056964447100955, 0.2517046754558881, 0.24902715782324472, 0.26844122509161633, 0.2556987504164378, 0.2456311136484146, 0.25650884459416073, 0.25669436405102414, 0.2552135686079661, 0.2545982350905736, 0.24999199559291205, 0.2497721090912819, 0.24511192987362543, 0.25791648030281067, 0.2634648183981578, 0.2527548000216484, 0.2473363677660624, 0.24878491461277008, 0.2648124396800995, 0.24668109665314356, 0.24806763728459677, 0.2525867323080699, 0.24873506277799606, 0.26050396263599396, 0.252670352657636, 0.2563139647245407, 0.2555167004466057, 0.24575531482696533, 0.2600729689002037, 0.24820739279190698, 0.2551172549525897, 0.2560129215319951, 0.2525142878293991, 0.24813290685415268, 0.2397222196062406, 0.2434175337354342, 0.24728323270877203, 0.24805216242869696, 0.246574304997921, 0.260202519595623, 0.24363080660502115, 0.24791034559408823, 0.2387185295422872, 0.24095161259174347, 0.23499853909015656, 0.24113334467013678, 0.2334092209736506, 0.24158194412787756, 0.2322018692890803, 0.23737575858831406, 0.24702254186073938, 0.23029547184705734, 0.23898754020531973, 0.2512008498112361, 0.2526326800386111, 0.24761694173018137, 0.24601834267377853, 0.2413973386089007, 0.2515401989221573, 0.2203798939784368, 0.24314963817596436, 0.25167831281820935, 0.24701112508773804, 0.2294417768716812, 0.23778640975554785, 0.24885458002487817, 0.25360244264205295, 0.2409946247935295, 0.25175966570774716, 0.24465986092885336, 0.25254423916339874, 0.24020763983329138, 0.23068504532178244, 0.25440314908822376, 0.24092948933442435, 0.23713933179775873, 0.24661657214164734, 0.232271080215772, 0.23095675806204477, 0.23815865069627762, 0.24392912040154138, 0.253116175532341, 0.2428042342265447, 0.24578053255875906, 0.22671248763799667, 0.24024331818024316, 0.22057068099578223, 0.2329298804203669, 0.24140595644712448, 0.24168596665064493, 0.25175632039705914, 0.23162303119897842, 0.2324095368385315, 0.23623315741618475, 0.23290943602720895, 0.2367972433567047, 0.23574879517157873, 0.24628247569004694, 0.23089805245399475, 0.2251716355482737, 0.24392924457788467, 0.23633060852686563, 0.2448893984158834, 0.24478975435098013, 0.23167401552200317, 0.22578508406877518, 0.23913237700859705, 0.23465913285811743, 0.24368193248907724, 0.2330415571729342, 0.24857784310976663, 0.2360864356160164, 0.2448613221446673, 0.2429326449831327, 0.23402721683184305, 0.24272064616282782, 0.24313239256540933, 0.24232990791400275, 0.23884394516547522, 0.24288131048281988, 0.2357566555341085, 0.2352349435289701, 0.23793558031320572, 0.2203451693058014, 0.22636705388625464, 0.2360145847002665, 0.225912315150102, 0.24099245170752207, 0.2531757056713104, 0.239736999074618, 0.2223782241344452, 0.22567921380201975, 0.2307256187001864, 0.22372399270534515, 0.24061730752388635, 0.2382555902004242, 0.23985235393047333, 0.22106559574604034, 0.22377340495586395, 0.2384249965349833, 0.23484927167495093, 0.23927021274964014, 0.22574366877476373, 0.2403345579902331, 0.21895497292280197, 0.23521468043327332, 0.22891001403331757, 0.2293214350938797, 0.22687619427839914, 0.24878172079722086, 0.24074078102906546, 0.24024463693300882, 0.22945329546928406, 0.22948905328909555, 0.24580923716227213, 0.22530183692773184, 0.239679624636968, 0.24416645616292953, 0.22652067492405573, 0.23601068059603372, 0.2262772172689438, 0.24648101379474005, 0.24497124056021372, 0.23120955377817154, 0.23217595120271048, 0.22857136776049933, 0.23772059132655463, 0.22994588067134222, 0.2291889786720276, 0.23852204531431198, 0.23640509694814682, 0.24224523703257242, 0.24566762646039328, 0.2373739406466484, 0.23009983698527017, 0.24726087103287378, 0.22697981943686804, 0.24577549596627554, 0.24050996452569962, 0.24182498455047607, 0.2227598155538241, 0.22774914652109146, 0.24336801966031393, 0.2398268779118856, 0.2445471336444219, 0.23767268160978952, 0.2240772247314453, 0.24427116165558496, 0.2420331835746765, 0.2418813854455948, 0.2290597806374232, 0.22844048589468002, 0.24520829568306604, 0.23246860007445017, 0.22984597831964493, 0.23754636446634927, 0.22380003581444421, 0.24170629183451334, 0.2262032056848208, 0.2358350877960523, 0.2406278575460116, 0.23848682145277658, 0.24642348289489746, 0.23901421576738358, 0.22984493523836136, 0.24742349982261658, 0.22602361689011255, 0.2315335546930631, 0.2409366319576899, 0.22343257069587708, 0.23538402219613394, 0.2503483270605405, 0.23250993837912878, 0.24046515921751657, 0.23891519755125046, 0.2340406502286593, 0.23748323569695154, 0.23839104672273, 0.2233137240012487, 0.24800762037436166, 0.23535311222076416, 0.22957278788089752, 0.23406916111707687, 0.23212643464406332, 0.24481992920239767, 0.23790771514177322, 0.22868293523788452, 0.23794609059890112, 0.2355789045492808, 0.22960146516561508, 0.25296975175539654, 0.22816108912229538, 0.23393129060665765, 0.24322161575158438, 0.24485208094120026, 0.23420079052448273, 0.2456459328532219, 0.250064159433047, 0.2428641070922216, 0.2516908645629883, 0.22344001630942026, 0.24561201284329096, 0.24171390881141028, 0.24329335987567902, 0.24258693555990854]
