Enhancer: E25E10R3
Label: mm_v_all
Padding: True
Batch Size: 256
Learning Rate: 2e-06
Epochs: 1000
Subset: 1.0 (number of training samples: 169764)
Weight Decay: 0.01
Optimizer: adam
Coverage: 10
Jiggle: 3
Confusion Matrix: [[0.8362957736862469, 0.16370422631375317], [0.2540048277375466, 0.7459951722624534]]
Unnormalized Confusion Matrix: [[36746, 7193], [2315, 6799]]
Number of Epochs: 245
Train Losses: [0.6912325768765196, 0.6868157991802836, 0.6786896538842155, 0.6652509442654001, 0.649321554206222, 0.6334945980504335, 0.6215127226279442, 0.6130120077406067, 0.6046154960451355, 0.5969071309250521, 0.5927106424807066, 0.5882656579635229, 0.5843635867518114, 0.5804787447833153, 0.5765864978353661, 0.5720717739089426, 0.5696451892425497, 0.5662502774811653, 0.562551969146154, 0.5592154053051069, 0.5570203673139394, 0.5534192390560385, 0.5502378342291677, 0.5489415288061262, 0.5452406279383654, 0.5437376534184778, 0.5389947024544319, 0.5371354614126395, 0.5342173963695406, 0.5305070641888193, 0.5282008476914412, 0.5275906380041536, 0.5242653088307524, 0.5213730478412416, 0.5202198608453015, 0.5167006100247423, 0.5132476774953216, 0.5106191464127546, 0.5094299896743643, 0.505920668637537, 0.5051902880420885, 0.503710015934993, 0.4984565441866955, 0.49638446330665104, 0.49609138663992824, 0.49392291342458094, 0.4938187375664711, 0.49095150559063416, 0.48885351226451884, 0.4885323998260211, 0.48778620546302165, 0.4840789423380272, 0.48189110430069715, 0.4794152155518532, 0.4789374334266387, 0.47849688557795733, 0.4778130640646061, 0.4752401168716241, 0.4746714327708784, 0.4721278390701277, 0.47265340127499705, 0.47044214296592285, 0.470043392201145, 0.46917552833097526, 0.46608290489179544, 0.46498681842742196, 0.4649830122130463, 0.46232645850942794, 0.46115264130464517, 0.4622648885271635, 0.46048373585364905, 0.4580379516245371, 0.4585121073367366, 0.45681719652500496, 0.4532408147870776, 0.4521879095539271, 0.4530859077012683, 0.4523991217544998, 0.4517451811985797, 0.45047465774668266, 0.4489508898233075, 0.4484220885009651, 0.4452777374311384, 0.444384965866086, 0.44175641943352767, 0.4442561852285661, 0.44523834540362817, 0.4420598140323018, 0.4431952946336873, 0.4409791086183255, 0.44148309448038237, 0.4382463875843818, 0.4355439251535628, 0.438410647213459, 0.4366871918360871, 0.43517032113060894, 0.43514358117637864, 0.4338073064853628, 0.4324308134256357, 0.4308544276169984, 0.42968814734773464, 0.42891853177044764, 0.4298932404223695, 0.4248139707887747, 0.42860274317573355, 0.4241662872394165, 0.42558998915265844, 0.42449997720050525, 0.4213881636689226, 0.4225893294416278, 0.4217932773641793, 0.42245095694460066, 0.4219391391309629, 0.4206447262900421, 0.4177180721188884, 0.41642801966293747, 0.41834318269807175, 0.415563257792628, 0.41698782285114366, 0.4162145708070462, 0.41250222162848493, 0.41630351399800863, 0.41320636859500265, 0.41315505801733715, 0.41153107035950004, 0.409347664609731, 0.4125692114593035, 0.4080658326576273, 0.40882804347987634, 0.40882118391882943, 0.40686858957072336, 0.4058775522981782, 0.40768916236169367, 0.404457573610616, 0.40191003559045047, 0.40404641632753685, 0.4001052886786231, 0.40397822484374046, 0.4019765469683222, 0.4001779903668955, 0.4010752260864499, 0.3959877173225564, 0.39773716813469506, 0.39594434228647185, 0.3954231688775212, 0.3947828333510692, 0.3961554721267109, 0.39312035141580076, 0.3921499370810497, 0.39298504151134606, 0.393676054899592, 0.3907394858907504, 0.39427011531878664, 0.38920265723423786, 0.3900044108909297, 0.38996421671416387, 0.38873127955629166, 0.3873984619795558, 0.3860640511455306, 0.3875696525336748, 0.38684049859104386, 0.38352597886359835, 0.38295121392212716, 0.3829004679279155, 0.38408049151121854, 0.3835685787251197, 0.38234849525503367, 0.382906545896128, 0.37867647701178686, 0.38303897628583106, 0.381042856408889, 0.37863046352762775, 0.3796583089573556, 0.3749319624649473, 0.3763811242239303, 0.37689976295433847, 0.37713217905845986, 0.3730943663023322, 0.3740988919533879, 0.37646857532392064, 0.37601753001112537, 0.3730253155332014, 0.3733827952879021, 0.3743244830563844, 0.37209985723876093, 0.37314038252435533, 0.36993034278233367, 0.3695852957127324, 0.37085706664316626, 0.3692053033555128, 0.36958157500050154, 0.3658515637718051, 0.3674617653420891, 0.36717054351087075, 0.36555235177637585, 0.3659185974084469, 0.3644303666899003, 0.36383081281400587, 0.36199805293097553, 0.3630218671926533, 0.3617505553705865, 0.3607539663831872, 0.3602448737764933, 0.36097187396273556, 0.35926427158067026, 0.3591421934136425, 0.3570843642375555, 0.3594284181943141, 0.3592652832438429, 0.3594178807394332, 0.3572382663477616, 0.3558424270476203, 0.3554108575525054, 0.3560176672615919, 0.3547605399536081, 0.35422734916210175, 0.35518680230142124, 0.35516937094998646, 0.3532252972384533, 0.3520407663680703, 0.35374141017715616, 0.3489132473267705, 0.34955440816211414, 0.35013768453914, 0.3484173981270876, 0.3486381299703954, 0.3483952278024461, 0.34962109395538465, 0.34703906176679106, 0.3462301229676568, 0.348061575565532, 0.34525871806475056, 0.34542742286281414, 0.3445826205593276, 0.34566195811851913, 0.3439612200999834, 0.33978829636092645, 0.3425209660935833, 0.34270886538258516, 0.3414520246077733, 0.3429590496402907, 0.3407202342368034, 0.34048384439245044, 0.34311622538300884, 0.33825068700923977]
Validation Losses: [0.6892166521893927, 0.6833420912903475, 0.6727456766438772, 0.6576047475079456, 0.6413067618766463, 0.6289692743715033, 0.6167784512761127, 0.6131585778960262, 0.6088295298886587, 0.6000281073242785, 0.5962758107357714, 0.5939712725489973, 0.5947231032762182, 0.5852644626634667, 0.5847397960094084, 0.5789984461054745, 0.5800538598054863, 0.5742533943021154, 0.5699291979692068, 0.5675023528466742, 0.5653309998023941, 0.563881668340729, 0.5619279537574354, 0.5574371798569897, 0.5578284026628517, 0.5569770045309181, 0.5557655564632761, 0.5491696039596236, 0.5477916223097996, 0.5429991882249533, 0.5415540402194103, 0.5384232286947319, 0.5374135971069336, 0.5320456880761917, 0.5331268226166805, 0.5312386020479432, 0.5303596389221857, 0.5253467645989843, 0.526767246873982, 0.5194612615797893, 0.5222509677510664, 0.5173447636595692, 0.5170591031930533, 0.5160229340734253, 0.5079966261085257, 0.5128986117351486, 0.5163057916853802, 0.5110924292400659, 0.5088425442037812, 0.512545980782394, 0.5084646737360092, 0.5070230774132602, 0.5020521144910031, 0.5066927461379982, 0.5039369607546244, 0.5027323763772665, 0.4994199315467513, 0.49387751950556974, 0.5011674672006124, 0.49642536026167583, 0.4989001321864415, 0.4967654320489929, 0.49608903351318406, 0.4927443098950099, 0.49813165129667303, 0.494498292186174, 0.49640876862658073, 0.49183208001665324, 0.4959665052143924, 0.4901871876903327, 0.4884233011538724, 0.49036191834742765, 0.4970025655375906, 0.49407774730619175, 0.5003031357584229, 0.48700735457690364, 0.4952400344682027, 0.49019353522593717, 0.4899448158152132, 0.48896180506212167, 0.485292383525745, 0.4883859286825341, 0.4980106213724757, 0.48601838389793073, 0.4882002481854106, 0.4899725725492799, 0.4834747569388654, 0.48738621390727627, 0.485123626079904, 0.4864713091807193, 0.4863182277564543, 0.4908229683537081, 0.4842661980045847, 0.4873376546135868, 0.48459962692605446, 0.48733600794550885, 0.48362747929900524, 0.48906966900251, 0.4827752325190119, 0.48503394568540964, 0.4862949183906417, 0.48158002420362217, 0.4869860615356859, 0.48718748089060726, 0.486321618219456, 0.48326135669128006, 0.4868032650416156, 0.49159730145012037, 0.4801940501454365, 0.4862724142261298, 0.47999486811907893, 0.4886541375553752, 0.4861700567136328, 0.48238404597862655, 0.4845431667853551, 0.48529282319976624, 0.47747073439230403, 0.48723726656781624, 0.4789295715380864, 0.48066379722342434, 0.4848294888275215, 0.48762640177485456, 0.4895601312080062, 0.47787854883326103, 0.4842285781380642, 0.48594477270022934, 0.48175945088087796, 0.4846842276403703, 0.484366496284324, 0.4810230123350419, 0.48448660628623275, 0.47791499976652213, 0.48288220885288285, 0.48550030373665226, 0.4785158731133105, 0.4833710949464017, 0.48697248352579325, 0.4817408269428345, 0.4854673534990793, 0.47671911802636574, 0.5025220403829253, 0.48355395858546335, 0.47573852844267006, 0.4828182123152606, 0.47468637145427334, 0.4904954146189862, 0.482705209090049, 0.484360063830054, 0.4840863461954048, 0.4856798287974783, 0.48323293856109484, 0.49045539710176994, 0.5008974518761578, 0.4821528339960489, 0.4796704398580344, 0.49730025967919683, 0.48332779701933803, 0.4801948844309313, 0.49488637641251804, 0.4799310714006424, 0.48502468488302575, 0.48442456305745135, 0.4879696943673743, 0.4851660651255803, 0.48782016301011466, 0.4869482203061322, 0.48033697526138946, 0.48435149063546973, 0.48262573114360674, 0.4823016856449196, 0.48429699798664416, 0.4919043648314763, 0.4936299699257655, 0.48241309265056287, 0.49874403821416646, 0.4874513043337558, 0.4846353186182229, 0.47754775077463635, 0.4860452695424298, 0.4881507510162262, 0.5059670522270432, 0.4810569404837597, 0.4851798734751092, 0.48487335551215943, 0.48968749143273, 0.4888441374143922, 0.4942847639322281, 0.4820493213742612, 0.49469119041080933, 0.4976544780544488, 0.4891291368438537, 0.4959825499948249, 0.48798423700303917, 0.49072602750307104, 0.4897485308977495, 0.4907936539994665, 0.48826903212501344, 0.5087850230285921, 0.5131573239004755, 0.4855857717703624, 0.49846655417637653, 0.4923667756907911, 0.4845360090215522, 0.4845981847449958, 0.4940967172025198, 0.5025022367396986, 0.4970097638756396, 0.4967962246702378, 0.4880182023148939, 0.5041922508593065, 0.4929820656417364, 0.4949683200523078, 0.4902757311082748, 0.5099869081413889, 0.5057204769677427, 0.5102913810546139, 0.4919966085847602, 0.49983590320650356, 0.4860514657325055, 0.4941713081066867, 0.505205750285861, 0.5038054808076605, 0.4951384744371276, 0.5002209007380957, 0.5237511812922466, 0.5104438991072666, 0.5230523947491703, 0.49954068624829673, 0.48846528688109064, 0.49876097652567436, 0.48495783935110254, 0.5069631311189697, 0.5124083274459265, 0.4957210482603096, 0.5030571243849146, 0.49940816519490205, 0.49296232214175073, 0.5147322030311607, 0.5005963265177715, 0.5103429063975092, 0.49714977392949256, 0.5058279773557043, 0.5138177079967705, 0.4972404505474022, 0.4986485402627164]
Validation ROC AUC: 0.84845244686043
Validation Confusion Matrix: [[4121, 912], [285, 745]]
Validation Precision: 0.4496077248038624
Validation Recall: 0.7233009708737864
Validation F1 Score: 0.5545217714923707
Validation Accuracy: 0.8025729836714498
Test ROC AUC: 0.8623165742731798
Test Confusion Matrix: [[5248, 1029], [325, 977]]
Test Precision: 0.48703888334995016
Test Recall: 0.7503840245775729
Test F1 Score: 0.590689238210399
Test Accuracy: 0.8213484628578969
Validation Set Size: 6063
Test Set Size: 7579
