Enhancer: E25E102
Label: mm_v_all
Padding: True
Batch Size: 256
Learning Rate: 2e-06
Epochs: 1000
Subset: 1.0 (number of training samples: 55454)
Weight Decay: 0.01
Optimizer: adam
Coverage: 10
Jiggle: 3
Confusion Matrix: [[0.8823619047619048, 0.11763809523809524], [0.23484668409793202, 0.765153315902068]]
Unnormalized Confusion Matrix: [[11581, 1544], [988, 3219]]
Number of Epochs: 300
Train Losses: [0.6918828792286359, 0.6890865525891704, 0.685144956485467, 0.6810114172197157, 0.6753925810211815, 0.6683938066530887, 0.6609685808282844, 0.6526506996374526, 0.6427353856750347, 0.6342743187456087, 0.6263527606489472, 0.6173365025476376, 0.6092541168362314, 0.6028270152856677, 0.5962339939060299, 0.5886797729175761, 0.5827823674074516, 0.5782672065194301, 0.5734695490054821, 0.5676152228210379, 0.5650770969105207, 0.5606403908421916, 0.5563292959318732, 0.5505600538671291, 0.5490926182764466, 0.5446146609871069, 0.5416648107739638, 0.539003114409161, 0.5395708956202054, 0.5375164184152805, 0.5295701812489242, 0.5271581184754174, 0.5300548439201671, 0.5269462628298641, 0.5204563677860296, 0.5178702393984465, 0.5125771478024496, 0.5156333082557274, 0.512704854462004, 0.5104626803079508, 0.5083686199880415, 0.5095717321892488, 0.5046758360577069, 0.5043226605461489, 0.5027811876090441, 0.5002390598097155, 0.498518408718197, 0.49786947592062886, 0.4964106429007746, 0.49731752084147546, 0.49326268841044696, 0.48836519503923054, 0.48860422243720375, 0.48846469194658343, 0.4865876830393268, 0.47983428465056527, 0.4830951167416463, 0.47889908255519953, 0.47807058994121815, 0.4759252576784055, 0.47353455122165417, 0.47509956950416216, 0.47164972229487334, 0.47233241920097635, 0.4733620022299103, 0.4655333479977973, 0.46306298391610246, 0.4655602108772999, 0.4613763920722469, 0.4593705183349996, 0.4592804132793356, 0.45570384206310394, 0.45574108727516666, 0.45092321376097366, 0.4496708817196332, 0.4465441631007304, 0.44730335405345334, 0.44445012283215324, 0.4482117089258361, 0.4412531778559707, 0.44229462358259386, 0.43783440416859043, 0.43530100515361203, 0.4327940451934041, 0.43399830073255546, 0.4311701504316198, 0.4312472766445529, 0.4250694983016511, 0.4261228078246666, 0.4277621031082171, 0.42188372754830916, 0.4217234391221253, 0.42040624665225157, 0.4211026480945025, 0.41422247927859085, 0.41832138288954984, 0.4178875331779779, 0.41339866617857585, 0.41287558941247826, 0.4123605721831871, 0.4114256642655843, 0.40774454430501034, 0.4086150932147206, 0.41091489517194335, 0.40907852303597236, 0.4072822412038179, 0.4082826903338806, 0.40679069680552327, 0.40281983715597935, 0.40091649590549383, 0.40380350950126825, 0.4002737853384238, 0.39960053645520716, 0.3939480832370196, 0.3978057590223128, 0.39718347993863895, 0.3969253458185679, 0.3963197741640328, 0.3943355119173428, 0.39479379060630976, 0.396565401334367, 0.3933065179306241, 0.38992887213482835, 0.39388758781868194, 0.39018386739739624, 0.38787375919280515, 0.38501058470818306, 0.38958470543958074, 0.3868703298305037, 0.3854511220883664, 0.38566470695530763, 0.3840979847215837, 0.3829709730939382, 0.38263457834995285, 0.38221731246341756, 0.38068799653910274, 0.37694708213278777, 0.3780973674514876, 0.37709983194478647, 0.38014994705877, 0.3828354299343127, 0.3782182767094555, 0.3765034867871192, 0.3783083757222523, 0.37688782165676765, 0.37717641251427786, 0.3755454786362187, 0.3736738463700642, 0.3713170837971472, 0.36993930828736127, 0.3693078812640933, 0.37444719328858334, 0.36794394817769804, 0.37258508787726474, 0.36947074642379163, 0.36608798753830696, 0.36745426855328994, 0.3646879289556758, 0.36529298930124204, 0.36665272795110254, 0.3645546709612218, 0.36287634356230636, 0.36359415982725435, 0.3628856638609539, 0.36221222696216426, 0.3679338142893831, 0.36615708140733605, 0.3579826466224161, 0.35854527725052726, 0.36157241738336976, 0.3589031369455399, 0.35915763628098274, 0.356815340194834, 0.357990435466239, 0.3597955136529861, 0.3581796806254145, 0.353460338945213, 0.354218290423468, 0.35130772756816053, 0.3544751806742585, 0.35625586655282754, 0.3530435589601367, 0.35471277701140547, 0.3515159913471767, 0.3495123442691592, 0.34897347467560924, 0.3473547308401029, 0.35134505813572264, 0.3532308103851459, 0.3519646861860829, 0.34796091062682016, 0.34567127771641254, 0.34398082022293375, 0.345934262885476, 0.3500144731613897, 0.34695486703775996, 0.34078067335115597, 0.3430701976272917, 0.33988924990601255, 0.3430152312951154, 0.34067502810109046, 0.3417970178314068, 0.34108060200093526, 0.339298221372789, 0.3368771765638606, 0.33783365717406644, 0.33732720577771763, 0.34163362982635676, 0.3388674568196046, 0.3378474645076259, 0.3345687592633858, 0.33579389249674185, 0.32985904771611435, 0.3328650371270246, 0.3325660854990032, 0.33338998416052434, 0.32743566493559545, 0.3304089736279255, 0.3295756789945787, 0.329387951144425, 0.33407577762405993, 0.332179802834713, 0.327307827118355, 0.3314613955361502, 0.32708829957219315, 0.3255011695458592, 0.3242789719099273, 0.33056612608070196, 0.3230403855374332, 0.325719277292902, 0.3255727563036202, 0.3271444696709857, 0.3245459852680083, 0.3223690146125407, 0.32014652825720297, 0.31825416154026437, 0.32353344903014225, 0.32382248493108884, 0.3202968804242973, 0.317074086259587, 0.31808000878529613, 0.31659514213212625, 0.3191034456689237, 0.31468277036594355, 0.31383428341507363, 0.3152963024679966, 0.31256123463953694, 0.3172922476370763, 0.3135898172992715, 0.31448968352260676, 0.31428840207064757, 0.3100500023722099, 0.3155885526936175, 0.3134300461562548, 0.31263127627735315, 0.3106548177069783, 0.3109484735172465, 0.3089689071964009, 0.307505747071609, 0.307558144017848, 0.3054545159164112, 0.3089223322780451, 0.305478247217319, 0.3058720010628898, 0.30616858594703233, 0.30394935951254887, 0.3088996163161669, 0.2998739375908803, 0.30402758511530087, 0.30240323226298055, 0.2999894319591434, 0.302365339365423, 0.30296872741615716, 0.3034227608535696, 0.3050875262043993, 0.3000006377696991, 0.29871666355891163, 0.29708670436786616, 0.2965605838507551, 0.29708264582717475, 0.2984387807994394, 0.29904532823969143, 0.2950794339729344, 0.2942360579830161, 0.2926900164322919, 0.29435578517375455, 0.2960403338418029, 0.2930305811666673, 0.29056277225643806, 0.2914580046993247, 0.29315693552867605, 0.2863137503648134, 0.29042272771009103, 0.28955300207236945, 0.2863627771765406, 0.29127974691478886, 0.2893079180733949, 0.28870990721311435, 0.2864603638511649, 0.2869241386651993]
Validation Losses: [0.6894470670006492, 0.6867539308287881, 0.6828483917496421, 0.6773729270154779, 0.671390810879794, 0.6638529950922186, 0.6559120774269104, 0.6460332057692788, 0.6367142200469971, 0.6273106683384289, 0.6216212630271911, 0.6138270984996449, 0.6043974334543402, 0.5988680308515375, 0.5935279315168207, 0.5840257688002153, 0.5813369653441689, 0.5781057715415955, 0.5804884856397455, 0.567119545286352, 0.5628668416630138, 0.558297370780598, 0.5618060773069208, 0.5530897173014554, 0.5518463329835371, 0.5489203290505843, 0.5403470331972295, 0.551993847435171, 0.5432948247952895, 0.5402100357142362, 0.5361310563304208, 0.5351214165037329, 0.5327948521484028, 0.5277628140016035, 0.526874100078236, 0.5192516939206557, 0.5257092562588779, 0.5168997672471133, 0.517323127118024, 0.5118260735815222, 0.5182287628000433, 0.5077548444271087, 0.5130378999493339, 0.5119971611283042, 0.5084944573315707, 0.5068258318034086, 0.508686797727238, 0.5035964261401783, 0.49818781397559425, 0.5002921743826433, 0.50167675614357, 0.4820750789208846, 0.4973944398489865, 0.48986769047650425, 0.5014488978819414, 0.49106507138772443, 0.49649218754334884, 0.4914540605111556, 0.4887783798304471, 0.4924591216174039, 0.49171762412244624, 0.4857570751146837, 0.4790894567966461, 0.48058933398940346, 0.4813467356291684, 0.4826426928693598, 0.4751542568206787, 0.4751303185116161, 0.4736336442557248, 0.47413259798830204, 0.46893791393800216, 0.46282549717209553, 0.476153794743798, 0.47172174020247026, 0.47389104799790815, 0.46133438890630546, 0.4603974374857816, 0.4689189710400321, 0.4582748288458044, 0.4524539920416745, 0.4549152227965268, 0.45753529505296187, 0.4551971023732966, 0.45115023959766737, 0.4455024778842926, 0.4466836772181771, 0.4463693060658195, 0.44646456783468075, 0.4479256223548542, 0.43895170200954786, 0.43615737719969316, 0.43458568399602715, 0.4414145578037609, 0.44306450594555247, 0.43886430751193656, 0.44126581332900305, 0.4433145273815502, 0.42481584332206035, 0.4351503393866799, 0.43652690161358226, 0.4295809864997864, 0.43506202643567865, 0.43719075376337224, 0.4421501403505152, 0.4357150234959342, 0.42598675055937335, 0.42916582010009074, 0.4347591405565088, 0.4235336547548121, 0.4383701812137257, 0.42569734725085173, 0.4306036336855455, 0.42316530617800624, 0.4320603885433891, 0.43283351226286454, 0.4281342603943565, 0.43748828064311635, 0.4318186884576624, 0.41916526556015016, 0.4262240756641735, 0.43066674741831695, 0.4181931918317621, 0.42717432325536553, 0.4262717312032526, 0.4334168894724412, 0.41931851018558847, 0.4235317062247883, 0.4265900801528584, 0.4228025024587458, 0.4171436288140037, 0.4280841648578644, 0.4273770581592213, 0.4305589746345173, 0.43375384536656464, 0.4221729511564428, 0.4236827427690679, 0.4176855233582583, 0.4248787332664837, 0.4251979193904183, 0.42870835932818324, 0.4146691696210341, 0.4222449541091919, 0.4252419645136053, 0.4170698783614419, 0.42737189585512336, 0.4200979400764812, 0.4266040173443881, 0.4241020977497101, 0.42244038039987736, 0.4170481400056319, 0.4317702060396021, 0.4256060882048173, 0.42510906783017244, 0.4213717390190471, 0.4103683742609891, 0.426512211561203, 0.4151141193780032, 0.42034893306818877, 0.41331314065239644, 0.42328272028402847, 0.4250691213391044, 0.42849728573452345, 0.4102531937035647, 0.4206003178249706, 0.4204528786919334, 0.42563433863899924, 0.4183380208232186, 0.4258857840841467, 0.423965631831776, 0.41947540803389116, 0.4232499355619604, 0.427232426404953, 0.41574861136349767, 0.42118673432957043, 0.4203026749870994, 0.4207893680442463, 0.4279019133611159, 0.4259498482400721, 0.425280700488524, 0.4250625155188821, 0.41643851724537934, 0.4138026540929621, 0.4189513856714422, 0.4193312872539867, 0.42138297937133096, 0.42507474801757117, 0.4101100347258828, 0.41893449913371694, 0.4318307643586939, 0.4263618583028967, 0.4286514222621918, 0.4319483968344602, 0.42023735425689, 0.41416857080026104, 0.4313825883648612, 0.4131993526762182, 0.42063913291150873, 0.4181922197341919, 0.4271722435951233, 0.40849856571717696, 0.421620098027316, 0.43883499123833397, 0.4336090136658062, 0.42274397286501797, 0.4316437244415283, 0.4255405209281228, 0.4114133368838917, 0.4258756534619765, 0.4265497603199699, 0.4178516891869632, 0.41710097627206283, 0.417812163179571, 0.4410928563638167, 0.42043114575472745, 0.42875358191403473, 0.42476189895109695, 0.42622956958684055, 0.4297214898196134, 0.4220155054872686, 0.4190897020426663, 0.42873578505082566, 0.421932024305517, 0.4201516151428223, 0.42294670235026965, 0.4356707388704473, 0.437093801390041, 0.4239927064288746, 0.42442566914991897, 0.43259481462565336, 0.42705131444064054, 0.4221664537083019, 0.4251961355859583, 0.4287214756011963, 0.4280740103938363, 0.4309604601426558, 0.42017216032201593, 0.43820349736647174, 0.4245925291018052, 0.4176744894547896, 0.4335015540773218, 0.4317332013086839, 0.434007806669582, 0.4251261326399716, 0.43208050402727993, 0.42455567067319694, 0.4238262496211312, 0.4317608215592124, 0.4253826163031838, 0.430470950495113, 0.4257891622456637, 0.4286759235642173, 0.42639414993199437, 0.428254051100124, 0.43381601788780905, 0.4245685360648415, 0.4197296104647896, 0.4237424969673157, 0.42841171730648386, 0.4221370274370367, 0.42496045556935397, 0.429396361654455, 0.43428563367236744, 0.4342809568751942, 0.4382641705599698, 0.43026863607493315, 0.46911792700940913, 0.42633348107337954, 0.4222839192910628, 0.43780351172793996, 0.43591042269359936, 0.4380856660279361, 0.44571627161719585, 0.42948545759374446, 0.4607816847887906, 0.43767081011425363, 0.42293284968896344, 0.4401106376539577, 0.43238864107565445, 0.4286990154873241, 0.4432300486347892, 0.4414631588892503, 0.44084474877877666, 0.4319956692782315, 0.4373825325207277, 0.43341117067770524, 0.43877772905609824, 0.48264474652030254, 0.43892629038203845, 0.4344952101057226, 0.4354171855883165, 0.445670931447636, 0.43449662165208297, 0.4485919020392678, 0.4281944502483715, 0.43769515210931953, 0.4428397606719624, 0.4352650761604309, 0.4431621275164864, 0.43486247441985393, 0.4601063652472063]
Validation ROC AUC: 0.8851844608729886
Validation Confusion Matrix: [[1258, 184], [124, 415]]
Validation Precision: 0.6928213689482471
Validation Recall: 0.7699443413729128
Validation F1 Score: 0.7293497363796134
Validation Accuracy: 0.8445229681978799
Test ROC AUC: 0.884295951192457
Test Confusion Matrix: [[1645, 230], [140, 461]]
Test Precision: 0.6671490593342981
Test Recall: 0.7670549084858569
Test F1 Score: 0.7136222910216719
Test Accuracy: 0.8505654281098546
Validation Set Size: 1981
Test Set Size: 2476
