Enhancer: E22P3F2
Label: mm_v_all
Padding: True
Batch Size: 256
Learning Rate: 2e-06
Epochs: 1000
Subset: 1.0 (number of training samples: 3402)
Weight Decay: 0.01
Optimizer: adam
Coverage: 10
Jiggle: 3
Confusion Matrix: [[0.8613138686131386, 0.1386861313868613], [0.3125, 0.6875]]
Unnormalized Confusion Matrix: [[826, 133], [35, 77]]
Number of Epochs: 1000
Train Losses: [0.692751978124891, 0.6932056546211243, 0.6928743294307164, 0.6926137890134539, 0.6921081330095019, 0.6934126445225307, 0.6936828621796199, 0.6937120940004077, 0.6931618452072144, 0.6926785154002053, 0.6929965189525059, 0.6919502403054919, 0.695233336516789, 0.692145586013794, 0.6919583082199097, 0.6923165789672306, 0.6929916569164821, 0.6918579765728542, 0.6916429144995553, 0.6928234100341797, 0.6909808644226619, 0.6923757834093911, 0.6926576452595847, 0.6916798651218414, 0.6927347821848733, 0.6906914625849042, 0.6914659483092171, 0.6908414832183293, 0.6931063149656568, 0.6919294084821429, 0.6905822285584041, 0.6925614518778664, 0.6906674632004329, 0.6919477922575814, 0.6909674618925367, 0.6916629927498954, 0.6900124166693006, 0.6907167221818652, 0.6908275442464011, 0.6902474079813276, 0.6913258050169263, 0.6906111282961709, 0.6910527391093118, 0.6903971944536481, 0.6905515577111926, 0.6899793829236712, 0.6899892347199577, 0.6898661042962756, 0.6896483216966901, 0.6897688848631722, 0.690419248172215, 0.6906314407076154, 0.6892203305448804, 0.6896902237619672, 0.6897532599312919, 0.6892671755381993, 0.6894226499966213, 0.6895241907664708, 0.6896288480077472, 0.6894917445523399, 0.6897635247026171, 0.689380726643971, 0.6887178378445762, 0.6896330373627799, 0.6894166384424482, 0.6892409494944981, 0.6888598416532788, 0.6889252662658691, 0.6893404637064252, 0.6887335138661521, 0.6894185841083527, 0.6889812520572117, 0.6885815943990435, 0.6882111472742898, 0.6879119404724666, 0.6886642277240753, 0.6877470357077462, 0.6882527129990714, 0.6884319058486393, 0.6880364332880292, 0.6874009668827057, 0.6880111694335938, 0.6875067055225372, 0.6877955836909158, 0.6881311280386788, 0.6881731450557709, 0.6874496468475887, 0.6882016829081944, 0.6871790971074786, 0.688161313533783, 0.6869087304387774, 0.6870049110480717, 0.6873728377478463, 0.6865267838750567, 0.6870278801236834, 0.6868096419743129, 0.6870216301509312, 0.6862654302801404, 0.685678516115461, 0.6867447282586779, 0.6867975975785937, 0.6862470379897526, 0.6862264829022544, 0.6863202197211129, 0.6856744119099208, 0.6858524807861873, 0.6857011488505772, 0.6856829438890729, 0.6853971992220197, 0.6853480083601815, 0.6857507952622005, 0.6851802255426135, 0.6840235803808484, 0.685146016733987, 0.6853604997907367, 0.6840954635824475, 0.6845314374991825, 0.6853770869118827, 0.6846838636057717, 0.683753524507795, 0.6849787618432727, 0.6848583051136562, 0.6839910873344967, 0.6837184812341418, 0.6858879114900317, 0.6842223490987506, 0.6833580689770835, 0.6846986711025238, 0.6842072010040283, 0.6832578437668937, 0.6834760734013149, 0.6838640783514295, 0.6835056160177503, 0.6833392722266061, 0.6844941931111472, 0.683133921452931, 0.6829106552260262, 0.6821598325456891, 0.6819429653031486, 0.6822284715516227, 0.6825342135769981, 0.6824395060539246, 0.6820543110370636, 0.6819994790213448, 0.6823873775345939, 0.6813621733869825, 0.6831649584429604, 0.6815911488873618, 0.6817250294344765, 0.6812859433037894, 0.681130017553057, 0.6803094957556043, 0.682231639112745, 0.681039001260485, 0.6790237299033574, 0.6794781131403786, 0.6808911561965942, 0.6788169699055808, 0.6810413428715297, 0.6786098309925624, 0.6794728423867907, 0.6793987367834363, 0.6793525091239384, 0.6788899855954307, 0.679141423531941, 0.6801686201776777, 0.6783866584300995, 0.6785301268100739, 0.6782163040978568, 0.6784513081823077, 0.6789746795381818, 0.67718448809215, 0.677535103900092, 0.6767612738268716, 0.6761468478611538, 0.6772150610174451, 0.6782279695783343, 0.6758774902139392, 0.6769674079758781, 0.6754742179598127, 0.6760890483856201, 0.676794137273516, 0.6760300142424447, 0.6778788268566132, 0.676192330462592, 0.6747068677629743, 0.676943702357156, 0.6758018987519401, 0.675714761018753, 0.6741405512605395, 0.6734181897980827, 0.6733020842075348, 0.676235726901463, 0.6736941593033927, 0.6726410090923309, 0.6749694986002786, 0.6718454360961914, 0.6744095001901899, 0.6712854760033744, 0.673317585672651, 0.6725146344729832, 0.6740930208138057, 0.6728700356824058, 0.6727772227355412, 0.6717033173356738, 0.6711545842034476, 0.6711749051298413, 0.6694784462451935, 0.6699792742729187, 0.6700960951192039, 0.6708009839057922, 0.6700795463153294, 0.6709833826337542, 0.6702571426119123, 0.6719742332186017, 0.670232138463429, 0.6703834405967167, 0.6673947785581861, 0.668728905064719, 0.6690830162593296, 0.6676369862897056, 0.6687208754675729, 0.6674187013081142, 0.6676146813801357, 0.6685026798929486, 0.6678125475134168, 0.6656796719346728, 0.6674775438649314, 0.666325045483453, 0.6708259114197322, 0.6655599219458443, 0.6671921738556453, 0.6678592988422939, 0.6678907317774636, 0.66319597193173, 0.6643172289643969, 0.6672062958989825, 0.6663731336593628, 0.6636884467942374, 0.6662939233439309, 0.6639082559517452, 0.6638554802962712, 0.6636270327227456, 0.6652364943708692, 0.660427234002522, 0.6629320085048676, 0.6629605208124433, 0.6615272717816489, 0.6624297797679901, 0.6638805525643485, 0.6637176275253296, 0.6614917644432613, 0.6612751569066729, 0.6618855595588684, 0.6635584958962032, 0.6600190273353032, 0.6599768825939724, 0.6592570500714439, 0.6601522479738507, 0.659576952457428, 0.6590660214424133, 0.6593901983329228, 0.6580559228147779, 0.6580872791154044, 0.6592954226902553, 0.6586118851389203, 0.6566416961806161, 0.6545479382787432, 0.6586368680000305, 0.6575983890465328, 0.6583342977932521, 0.6571657146726336, 0.655521320445197, 0.6558634340763092, 0.6568780243396759, 0.6522802497659411, 0.6561137097222465, 0.6533745697566441, 0.6544495012078967, 0.6524863157953534, 0.6567874763693128, 0.6568677936281476, 0.6552245361464364, 0.6532768096242633, 0.6559540586812156, 0.6528734607355935, 0.6534466317721775, 0.6544582801205772, 0.6513527291161674, 0.646642152752195, 0.6511649744851249, 0.6516900616032737, 0.6475944476468223, 0.6498385838099888, 0.6495249611990792, 0.6498522247586932, 0.6508432030677795, 0.6483496257237026, 0.648242963211877, 0.6494652330875397, 0.6493278018065861, 0.6487296947411129, 0.6505650324480874, 0.647478461265564, 0.6493698528834752, 0.6508747126374926, 0.6469164022377559, 0.6463710495403835, 0.6482161240918296, 0.65510151215962, 0.6467179613454002, 0.6504293211868831, 0.6451611263411385, 0.649114225591932, 0.6399167988981519, 0.6499950672898974, 0.6502184995583126, 0.6444369597094399, 0.6464021801948547, 0.6439189187117985, 0.6463283811296735, 0.6451385148933956, 0.6415343965802874, 0.6472827408994947, 0.6429435099874224, 0.6427261403628758, 0.6441543187413897, 0.6415004091603416, 0.6443347377436501, 0.6470248060567039, 0.6424111979348319, 0.643493822642735, 0.6415359931332725, 0.6421509810856411, 0.6438996706690107, 0.640554108789989, 0.6417355750288282, 0.6453813782760075, 0.636062238897596, 0.6395240936960492, 0.640709421464375, 0.6423782748835427, 0.6350351188864026, 0.6407461251531329, 0.6402636809008462, 0.6371866975511823, 0.637503274849483, 0.6414033727986472, 0.6329492798873356, 0.6417442773069654, 0.6420546642371586, 0.6340515869004386, 0.6394672393798828, 0.6353129233632769, 0.6371182458741325, 0.6382439051355634, 0.6344786669526782, 0.6353870502540043, 0.6322045539106641, 0.6392030205045428, 0.6359858683177403, 0.6350848036152976, 0.6342721794332776, 0.6318866184779576, 0.6294595386300769, 0.6328227051666805, 0.6294041105679103, 0.633832825081689, 0.6343398903097425, 0.6331823510783059, 0.6358583101204464, 0.6359543119158063, 0.6317455215113503, 0.6281381845474243, 0.6336793686662402, 0.6355025896004268, 0.6344902770859855, 0.6318570418017251, 0.6262602508068085, 0.6292528084346226, 0.629055551120213, 0.6330969333648682, 0.6326796412467957, 0.6293672152927944, 0.6315576008387974, 0.6325258101735797, 0.630112784249442, 0.6279598815100533, 0.6297804074628013, 0.6244570400033679, 0.6294076868465969, 0.6310239859989711, 0.6233119070529938, 0.6245508406843457, 0.6227646512644631, 0.6252261315073285, 0.6246854790619442, 0.6249335408210754, 0.6253039283411843, 0.6225941394056592, 0.6295980555670602, 0.6228521849427905, 0.623680761882237, 0.621414452791214, 0.6241728663444519, 0.6253118642738887, 0.6249776695455823, 0.6228456624916622, 0.6217234134674072, 0.6265004788126264, 0.6176243381840842, 0.6136464519160134, 0.6134022942611149, 0.6066605789320809, 0.6190491787024907, 0.6167476900986263, 0.613679690020425, 0.6167920487267631, 0.6145899891853333, 0.618524330002921, 0.614417531660625, 0.6111932822636196, 0.611631725515638, 0.6168963398252215, 0.6110014745167324, 0.6142511112349374, 0.6116716350827899, 0.6088032041277204, 0.6097675008433205, 0.6084463553769248, 0.6148647836276463, 0.6059384984629494, 0.6169149620192391, 0.6130245242800031, 0.6134176594870431, 0.6117482994283948, 0.6123425960540771, 0.6121763161250523, 0.604431403534753, 0.6072281215872083, 0.610217639378139, 0.6071440279483795, 0.6049009902136666, 0.6067097953387669, 0.6099079208714622, 0.6024918002741677, 0.6092223354748317, 0.6003343420369285, 0.6017175572259086, 0.6030060478619167, 0.6035702654293605, 0.610143746648516, 0.6037387677601406, 0.609456296477999, 0.6064908419336591, 0.595959118434361, 0.5991061840738569, 0.5999710644994464, 0.601951961006437, 0.6056395045348576, 0.6024033512387957, 0.6021175171647754, 0.6075039803981781, 0.5959772382463727, 0.6037114901202065, 0.5962101859705788, 0.59318779196058, 0.5930486832346235, 0.5929305936608996, 0.5935985445976257, 0.5958106049469539, 0.5944354959896633, 0.593693699155535, 0.5905335247516632, 0.5997377761772701, 0.5937451209340777, 0.5916421328272138, 0.589374337877546, 0.59511741570064, 0.5916615043367658, 0.5918301599366325, 0.5850843446595329, 0.5964868877615247, 0.5868790234838214, 0.5910767103944506, 0.59060999751091, 0.5890859535762242, 0.5895925462245941, 0.5906567573547363, 0.5866912177630833, 0.5882340712206704, 0.5934800335339138, 0.5887553351266044, 0.5859973771231515, 0.585878814969744, 0.5838648762021746, 0.5846890594278064, 0.5873873020921435, 0.5810830295085907, 0.5748369523457119, 0.5815424578530448, 0.5844947695732117, 0.5847017892769405, 0.5851799675396511, 0.583000877073833, 0.5830973216465541, 0.5763702137129647, 0.5821267451558795, 0.5797309747764042, 0.5759209437029702, 0.577567811523165, 0.582491078547069, 0.5778801611491612, 0.5786008792264121, 0.5771794234003339, 0.5788587289197105, 0.5741087325981685, 0.5746163342680249, 0.5745230998311724, 0.5713931364672524, 0.5698467833655221, 0.5801495356219155, 0.5683217857565198, 0.5803968736103603, 0.5632137273039136, 0.580984605210168, 0.5658673942089081, 0.5780466837542397, 0.5687207366739001, 0.5673688863004956, 0.5667770802974701, 0.5687704341752189, 0.569242707320622, 0.5745889374188015, 0.5690172101770129, 0.5610390433243343, 0.5755892310823713, 0.569394758769444, 0.5648271313735417, 0.5607591910021645, 0.5649276162896838, 0.568220181124551, 0.5680889061519078, 0.5642207860946655, 0.5685534732682365, 0.5645281204155513, 0.5654754170349666, 0.5593142637184688, 0.5673602478844779, 0.562817109482629, 0.5663932391575405, 0.5611559195177895, 0.5652119049004146, 0.5622364325182778, 0.562900253704616, 0.5669413464409965, 0.5611077206475394, 0.5673110740525382, 0.5569801671164376, 0.5594643184116909, 0.5577093660831451, 0.5638318274702344, 0.5558857449463436, 0.5595088005065918, 0.550166266305106, 0.5512469496045794, 0.5529763272830418, 0.5405452443020684, 0.5558573348181588, 0.5458071529865265, 0.5476429377283368, 0.5551631535802569, 0.5594592009271894, 0.548989189522607, 0.5503959911210197, 0.5520469290869576, 0.5528878271579742, 0.5463816736425672, 0.5439910207475934, 0.5517224882330213, 0.5478698738983699, 0.546147203871182, 0.5480583608150482, 0.5573340100901467, 0.5534515764032092, 0.5512877064091819, 0.5438374366079058, 0.5536344647407532, 0.5456658516611371, 0.5418250177587781, 0.5458170090402875, 0.5486179632799966, 0.5477048541818347, 0.5461176208087376, 0.5471343355519431, 0.5448640627520425, 0.5377879930394036, 0.544088248695646, 0.5412077903747559, 0.5465808297906604, 0.5405143286500659, 0.5494224812303271, 0.5353493392467499, 0.5350367299148014, 0.5350509328501565, 0.5379204707486289, 0.5430767791611808, 0.5424480778830392, 0.5271175014121192, 0.540341487952641, 0.5435627741473061, 0.5321088092667716, 0.5388953345162528, 0.5348791884524482, 0.5409742423466274, 0.5305727890559605, 0.5387617988245827, 0.539396196603775, 0.539077809878758, 0.5412831434181758, 0.5343066496508462, 0.5321638200964246, 0.5253029550824847, 0.5355636988367353, 0.5281183336462293, 0.532537545476641, 0.532151963029589, 0.5327545489583697, 0.5373265530381884, 0.5323626569339207, 0.5232757947274617, 0.5328268791948046, 0.527767036642347, 0.5248983651399612, 0.5271651702267783, 0.5354854464530945, 0.529826032263892, 0.5299091041088104, 0.5224569525037494, 0.5317944926874978, 0.5308619907924107, 0.525151286806379, 0.5278583296707698, 0.5257889032363892, 0.5272312377180371, 0.5272070531334195, 0.523595528943198, 0.5270725956984929, 0.5177140725510461, 0.5279537269047329, 0.5358905238764626, 0.5241419247218541, 0.5205383811678205, 0.5189167175974164, 0.5160305436168399, 0.5214790488992419, 0.5220913759299687, 0.5168465695210865, 0.5226560745920453, 0.5125421945537839, 0.5295969801289695, 0.5145836195775441, 0.5249657801219395, 0.5153777663196836, 0.5155000601496015, 0.5150618255138397, 0.517570252929415, 0.5098605070795331, 0.5146712980100087, 0.522609714950834, 0.5176724152905601, 0.515729791351727, 0.5090406537055969, 0.5206034353801182, 0.5124734512397221, 0.5196170870746885, 0.5163445749453136, 0.501109636255673, 0.5204883877720151, 0.508045277425221, 0.5113359476838794, 0.5119954028299877, 0.5085251501628331, 0.5039317756891251, 0.5190329807145255, 0.514966436794826, 0.5170095562934875, 0.5097624957561493, 0.5079100664172854, 0.5109882482460567, 0.5066290093319756, 0.5052653976849147, 0.5031811594963074, 0.5092926429850715, 0.5122014198984418, 0.49861364705221994, 0.5061269700527191, 0.5056610703468323, 0.5092146630798068, 0.5117326421397073, 0.5074476897716522, 0.504184901714325, 0.5051477785621371, 0.5072609377758843, 0.5093657033784049, 0.5056581688778741, 0.5022315361670086, 0.4997358513729913, 0.505855856197221, 0.508281797170639, 0.5059045680931636, 0.5078677492482322, 0.4937239480870111, 0.5019616484642029, 0.4915752900498254, 0.49463736159460886, 0.49031769377844675, 0.4993251008646829, 0.494034543633461, 0.4992331734725407, 0.505692760859217, 0.496798860175269, 0.49444645430360523, 0.4986918291875294, 0.49890003885541645, 0.497451337320464, 0.49803677414144787, 0.499430388212204, 0.4955338431256158, 0.4983587839773723, 0.49513496245656696, 0.4867986610957554, 0.4930478994335447, 0.4970842514719282, 0.49411425633089884, 0.48950406696115223, 0.49429007938929964, 0.5015091470309666, 0.49153140825884684, 0.49070462797369274, 0.4848171068089349, 0.4858832614762442, 0.4965274951287678, 0.48991934742246357, 0.4984278976917267, 0.49069433340004515, 0.4888364779097693, 0.4975828805140087, 0.49086979031562805, 0.4860974890845163, 0.4877089262008667, 0.493659217442785, 0.48464810635362354, 0.4802023981298719, 0.47982922409261974, 0.48474966841084616, 0.48040768078395296, 0.4824149161577225, 0.4878222814628056, 0.47907780749457224, 0.4845207227127893, 0.48348915364061085, 0.48134420812129974, 0.48375568432467325, 0.49530288577079773, 0.4863173174006598, 0.486418468611581, 0.4815369631562914, 0.47709344753197264, 0.4827156492641994, 0.4814896902867726, 0.4754387438297272, 0.4810842765229089, 0.4775052900825228, 0.4785744207245963, 0.47703710411276135, 0.47385281324386597, 0.47355384698935915, 0.47691440156527926, 0.47330376292978016, 0.4762062579393387, 0.47456367526735577, 0.4766621525798525, 0.4837936056511743, 0.47523739295346396, 0.47513508583818165, 0.47589642660958426, 0.46978928787367685, 0.47491069776671274, 0.4742336592503956, 0.4701862037181854, 0.465862621154104, 0.4725551349776132, 0.4725340391908373, 0.4757212357861655, 0.47731001462255207, 0.4630638914448874, 0.46993598554815563, 0.46643913430827005, 0.46143379168851034, 0.46897042649132864, 0.4629184177943638, 0.47168980113097597, 0.46286490985325407, 0.4668236119406564, 0.46501888973372324, 0.46346946486404966, 0.4664123037031719, 0.47717268552098957, 0.4666204346077783, 0.47187667872224537, 0.47297267615795135, 0.4706505388021469, 0.4527846042598997, 0.46659728033202036, 0.4573551416397095, 0.4572713928563254, 0.457128786614963, 0.46224995596068247, 0.4588558716433389, 0.46374891485486713, 0.461236800466265, 0.46002075714724405, 0.46258507668972015, 0.45389104953833986, 0.4577749179942267, 0.45562162143843515, 0.4516878809247698, 0.448679438659123, 0.45287562906742096, 0.45593366239752087, 0.45491417816707064, 0.4557381698063442, 0.45261303016117643, 0.4532102814742497, 0.44709958348955425, 0.45044886214392527, 0.4613394226346697, 0.4458721641983305, 0.46245857434613363, 0.44816126355103086, 0.44925672667367117, 0.45200695523193907, 0.4476111722843988, 0.45491315850189756, 0.4446758436305182, 0.44846940466335844, 0.4456821935517447, 0.4502181517226355, 0.44410177426678793, 0.4492826227630888, 0.4449825563601085, 0.4424767643213272, 0.4443137305123465, 0.44527752484594074, 0.4514551929065159, 0.43606345781258177, 0.4438202551433018, 0.4387697683913367, 0.44169562629290987, 0.45677846883024487, 0.44985940626689364, 0.4414026460477284, 0.44555639156273436, 0.43862307923180716, 0.43790928593703676, 0.4283031757388796, 0.44150846132210325, 0.45048195123672485, 0.43630350487572805, 0.4381940279688154, 0.44369552603789736, 0.43996516295841764, 0.443810726915087, 0.4358649275132588, 0.43794447822230204, 0.43833240228039877, 0.43793942247118267, 0.4364985206297466, 0.43700834683009554, 0.43049763568810057, 0.43689654980387005, 0.43815759250095915, 0.4307258597442082, 0.4307993884597506, 0.4295073939221246, 0.4344335879598345, 0.4309250925268446, 0.43019009062222074, 0.4390520432165691, 0.42023045250347685, 0.4222587432180132, 0.44084710095609936, 0.4300390290362494, 0.42301823837416513, 0.4241589222635542, 0.4283202120235988, 0.42470921150275637, 0.4267531271491732, 0.41221596726349424, 0.4252064164195742, 0.42499306372233797, 0.42246114569050924, 0.4255808676992144, 0.41901592697416035, 0.42289020333971294, 0.41909214002745493, 0.42556854656764437, 0.42239571469170706, 0.4077042426381792, 0.4095489787203925, 0.42348623062883106, 0.4148621942315783, 0.4193644991942814, 0.4128192131008421, 0.40935718587466646, 0.4218542618410928, 0.41500334441661835, 0.41790094545909334, 0.41261279370103565, 0.42107212969235014, 0.4080680033990315, 0.41208248691899435, 0.4100737316267831, 0.41145223804882597, 0.412350384252412, 0.4179176070860454, 0.4135147695030485, 0.4096123959336962, 0.4044018025909151, 0.4214554556778499, 0.41236021901879993, 0.4077706017664501, 0.405411707503455, 0.4146034376961844, 0.4143600527729307, 0.40325980739934103, 0.40592306000845774, 0.4189252725669316, 0.4067773073911667, 0.40356241379465374, 0.40583702070372446, 0.40048593069825855, 0.40321121897016254, 0.40242595970630646, 0.4018076019627707, 0.40430022137505667, 0.3996803994689669, 0.4093367819275175, 0.4028407654591969, 0.3997467224087034, 0.40485968972955433, 0.40428102229322704, 0.39972010254859924, 0.403688051870891, 0.4026104531117848, 0.39491345414093565, 0.390769647700446, 0.38455188274383545, 0.39180671742984224, 0.38755021563598085, 0.3925636623586927, 0.3951166719198227, 0.3929063252040318, 0.39641245135239195, 0.39519324047224863, 0.4015429275376456, 0.3846101931163243, 0.3889674906219755, 0.3925681348357882, 0.396648645401001, 0.39290650614670347, 0.3868581716503416, 0.38537361153534483, 0.39907595089503695, 0.3951165484530585, 0.39198594859668184, 0.3988867210490363, 0.3874142574412482, 0.38721045213086264, 0.39244685002735685, 0.3839859238692692, 0.3902595745665686, 0.39020178999219624, 0.38255322192396435, 0.38309241831302643, 0.38878950263772694, 0.3833115782056536, 0.38416311357702526, 0.3858911395072937, 0.3817441314458847, 0.3751753100327083, 0.3791134698050363, 0.3801217292036329, 0.38818913059575216, 0.37619770211832865, 0.38359700781958445, 0.37370266020298004, 0.3780037249837603, 0.3788657252277647]
Validation Losses: [0.6924092173576355, 0.6947765648365021, 0.6958542317152023, 0.6932435929775238, 0.693867415189743, 0.693173348903656, 0.6936361938714981, 0.6922934502363205, 0.6936779469251633, 0.6934890151023865, 0.6928227841854095, 0.6944302767515182, 0.6931910216808319, 0.6921453177928925, 0.692941889166832, 0.6919362396001816, 0.6924743205308914, 0.6935438364744186, 0.6905906498432159, 0.6923046261072159, 0.6922719925642014, 0.6894730627536774, 0.6926337480545044, 0.691169023513794, 0.692123144865036, 0.6925429701805115, 0.691841334104538, 0.6918065249919891, 0.6918981075286865, 0.691615104675293, 0.6914086788892746, 0.6902040094137192, 0.6903034299612045, 0.6911079287528992, 0.6899967938661575, 0.6925504207611084, 0.6905378252267838, 0.6907970756292343, 0.6895754784345627, 0.6897965669631958, 0.6898307055234909, 0.6896928697824478, 0.6906744837760925, 0.6893175691366196, 0.6896742135286331, 0.6896543204784393, 0.6902350783348083, 0.6896815150976181, 0.6903306990861893, 0.6899745315313339, 0.6890638768672943, 0.6897685527801514, 0.6892386078834534, 0.688713863492012, 0.6892630755901337, 0.6889987736940384, 0.6898216009140015, 0.6881690323352814, 0.6901443004608154, 0.6886059492826462, 0.6897173374891281, 0.6884911507368088, 0.6882153451442719, 0.6884840279817581, 0.6893067806959152, 0.6886793375015259, 0.689015582203865, 0.6877332925796509, 0.6885521858930588, 0.6873157918453217, 0.6887508779764175, 0.6881674826145172, 0.6884143501520157, 0.6877371966838837, 0.687220111489296, 0.6877638548612595, 0.6873926818370819, 0.686664268374443, 0.6885346621274948, 0.688146322965622, 0.6871556490659714, 0.6875609159469604, 0.6872764378786087, 0.687118336558342, 0.6858695894479752, 0.6874854266643524, 0.6862529814243317, 0.6876526325941086, 0.6872460842132568, 0.6861460506916046, 0.6851389408111572, 0.6863177567720413, 0.6854280382394791, 0.6862366646528244, 0.6858262270689011, 0.6852031350135803, 0.6861812621355057, 0.6865580528974533, 0.685433104634285, 0.6860575377941132, 0.6853405684232712, 0.6836255043745041, 0.6846454739570618, 0.6859039962291718, 0.6854366660118103, 0.6851578801870346, 0.6852489560842514, 0.6851491034030914, 0.683561846613884, 0.686501145362854, 0.6844402104616165, 0.6853108555078506, 0.6867495775222778, 0.6836582720279694, 0.6849922388792038, 0.6853130906820297, 0.6830730736255646, 0.6832565069198608, 0.6820034086704254, 0.6832932084798813, 0.684351310133934, 0.6846792995929718, 0.6822950690984726, 0.6821930408477783, 0.6834343522787094, 0.6822341680526733, 0.6825142055749893, 0.6819645017385483, 0.6836143434047699, 0.6854874491691589, 0.6828422993421555, 0.6821127831935883, 0.6822084039449692, 0.6847655475139618, 0.6822454184293747, 0.680730551481247, 0.6795646250247955, 0.6813567578792572, 0.6812238991260529, 0.6833586245775223, 0.6796999275684357, 0.6792787611484528, 0.6819094568490982, 0.6788169294595718, 0.6799616664648056, 0.6791972815990448, 0.6839538961648941, 0.678975448012352, 0.6799452304840088, 0.6787950247526169, 0.6803316026926041, 0.679467037320137, 0.680693119764328, 0.680893212556839, 0.6789327412843704, 0.6808397471904755, 0.6791965663433075, 0.6780235320329666, 0.6779362857341766, 0.6777916252613068, 0.6782106459140778, 0.6769719421863556, 0.6755006313323975, 0.6745984852313995, 0.6804113686084747, 0.6755385249853134, 0.6772006154060364, 0.6783720552921295, 0.6777893006801605, 0.6776690036058426, 0.679526150226593, 0.675934836268425, 0.6775968968868256, 0.6728639155626297, 0.6764148026704788, 0.676203116774559, 0.6763742566108704, 0.6730309873819351, 0.6762892454862595, 0.6750686764717102, 0.6736923903226852, 0.6756317913532257, 0.675345242023468, 0.6751158684492111, 0.6702532470226288, 0.6707436889410019, 0.6720210909843445, 0.6764185279607773, 0.6753989011049271, 0.6723485291004181, 0.669736698269844, 0.6703587472438812, 0.6692350953817368, 0.6730662435293198, 0.6680056303739548, 0.6713228821754456, 0.6692127883434296, 0.6688497215509415, 0.6708957403898239, 0.6676261574029922, 0.6694043725728989, 0.6699231117963791, 0.6670174598693848, 0.6678166091442108, 0.6688336431980133, 0.6696305423974991, 0.6691914498806, 0.6668471843004227, 0.6659110933542252, 0.6657021790742874, 0.6680439859628677, 0.6697849333286285, 0.6680332720279694, 0.6661518514156342, 0.6672984808683395, 0.6681096255779266, 0.669252559542656, 0.6661976724863052, 0.6632354408502579, 0.6657520681619644, 0.6653113514184952, 0.6667969077825546, 0.6673614531755447, 0.6606584638357162, 0.6668031364679337, 0.6655001491308212, 0.6614869683980942, 0.6622239202260971, 0.6670827120542526, 0.6648774892091751, 0.6629710495471954, 0.6659381240606308, 0.6686605662107468, 0.6596128344535828, 0.6554934978485107, 0.6630891561508179, 0.6610283851623535, 0.6686317473649979, 0.6528661549091339, 0.6579190194606781, 0.6615630686283112, 0.659285694360733, 0.6539563983678818, 0.6608890891075134, 0.6638938784599304, 0.6600115895271301, 0.6588712185621262, 0.6579955369234085, 0.6585954874753952, 0.6610818803310394, 0.6533749848604202, 0.6554823815822601, 0.6509275883436203, 0.6545815914869308, 0.6594639718532562, 0.6547074168920517, 0.6510436832904816, 0.6637558192014694, 0.6503623872995377, 0.6541500985622406, 0.6648843884468079, 0.6588571667671204, 0.6606955230236053, 0.650646522641182, 0.6565055996179581, 0.6575634032487869, 0.6537531763315201, 0.6577416360378265, 0.655300572514534, 0.6537851244211197, 0.6486028432846069, 0.6591669619083405, 0.6503661870956421, 0.6537435948848724, 0.6470056474208832, 0.654809296131134, 0.6554772406816483, 0.6470264196395874, 0.6588518470525742, 0.6550340801477432, 0.644491046667099, 0.6476035267114639, 0.6471938341856003, 0.6450753957033157, 0.6561073958873749, 0.6518586426973343, 0.6502282023429871, 0.647159069776535, 0.6555321961641312, 0.6545799523591995, 0.653495728969574, 0.641744390130043, 0.649455115199089, 0.6517516523599625, 0.6443368494510651, 0.6495554447174072, 0.6510318517684937, 0.6473640948534012, 0.6424294114112854, 0.645441323518753, 0.6450266540050507, 0.6408252865076065, 0.6387723088264465, 0.6407362669706345, 0.6391143053770065, 0.6430390775203705, 0.6369143128395081, 0.6395377218723297, 0.6363698244094849, 0.645255908370018, 0.6468728184700012, 0.6414500176906586, 0.64702108502388, 0.6425624489784241, 0.6498095691204071, 0.636924147605896, 0.6393219977617264, 0.63584303855896, 0.6383749693632126, 0.6335235983133316, 0.633703202009201, 0.6423202008008957, 0.641861230134964, 0.6395931988954544, 0.6345514059066772, 0.6363168656826019, 0.6297698765993118, 0.6346827447414398, 0.6307049095630646, 0.6379033178091049, 0.6366366446018219, 0.6376538276672363, 0.644194558262825, 0.6355867981910706, 0.652723878622055, 0.6353511214256287, 0.6304455995559692, 0.6326358765363693, 0.642542839050293, 0.632120743393898, 0.6336048245429993, 0.6401983052492142, 0.638160914182663, 0.6354014575481415, 0.6356921941041946, 0.6323033273220062, 0.641098365187645, 0.6293387115001678, 0.6356230974197388, 0.6254886388778687, 0.6386213600635529, 0.6289796531200409, 0.6325302571058273, 0.6358135491609573, 0.6304482966661453, 0.6307313442230225, 0.6251519024372101, 0.6165442615747452, 0.6309099048376083, 0.632336750626564, 0.6387042552232742, 0.6328145116567612, 0.6385001391172409, 0.6353758573532104, 0.6351720690727234, 0.6239510178565979, 0.6242874413728714, 0.6387969553470612, 0.6319285035133362, 0.6354409009218216, 0.6271120309829712, 0.6364827007055283, 0.63139908015728, 0.612625926733017, 0.6206712573766708, 0.6377393901348114, 0.6215235143899918, 0.6297442317008972, 0.6260612457990646, 0.6134155988693237, 0.6272736191749573, 0.6095903962850571, 0.6161462664604187, 0.6286482959985733, 0.6292843818664551, 0.6428339779376984, 0.620261549949646, 0.6235524713993073, 0.6134140342473984, 0.6260818541049957, 0.6179355084896088, 0.6195353120565414, 0.6230021864175797, 0.6315016746520996, 0.6231089532375336, 0.6262683719396591, 0.6127715557813644, 0.6136498004198074, 0.6355382651090622, 0.6200624406337738, 0.6305154711008072, 0.6128019392490387, 0.6184636056423187, 0.6146094650030136, 0.6219531744718552, 0.622233122587204, 0.608871728181839, 0.6170544475317001, 0.6307558864355087, 0.61894491314888, 0.610926553606987, 0.6151090711355209, 0.6095001399517059, 0.6176985800266266, 0.6151818484067917, 0.6323143839836121, 0.6065706014633179, 0.6084370017051697, 0.6105592995882034, 0.6111447811126709, 0.6166015267372131, 0.6230490207672119, 0.614963099360466, 0.6001723259687424, 0.6039958149194717, 0.6135564744472504, 0.6107228547334671, 0.6180823445320129, 0.6166126430034637, 0.6055683195590973, 0.6031715422868729, 0.6145991235971451, 0.6077110320329666, 0.6116943210363388, 0.6056063622236252, 0.6113984137773514, 0.6243342757225037, 0.6000606864690781, 0.6046358197927475, 0.6012114584445953, 0.6098040193319321, 0.6175672262907028, 0.6152310520410538, 0.6009267568588257, 0.613649308681488, 0.609113410115242, 0.6099781095981598, 0.5944751650094986, 0.6033570319414139, 0.5912085622549057, 0.6150554716587067, 0.6088311821222305, 0.5966149121522903, 0.600713387131691, 0.601491242647171, 0.6059464663267136, 0.6195932030677795, 0.604804590344429, 0.601791650056839, 0.603941410779953, 0.6054739058017731, 0.592758372426033, 0.6041057407855988, 0.5965813994407654, 0.5843702107667923, 0.589305967092514, 0.5913703143596649, 0.599770799279213, 0.6226544231176376, 0.5933306962251663, 0.6053443402051926, 0.6002950221300125, 0.6033024191856384, 0.6014537215232849, 0.6008777320384979, 0.5975254476070404, 0.6057010889053345, 0.5986956506967545, 0.5957430750131607, 0.5869239121675491, 0.6000353842973709, 0.5921653360128403, 0.5910395979881287, 0.5916707217693329, 0.592945009469986, 0.598635345697403, 0.5790120214223862, 0.578899621963501, 0.5925285518169403, 0.5998833030462265, 0.5930286198854446, 0.6045975536108017, 0.5848054140806198, 0.5932960361242294, 0.5924191474914551, 0.6067530065774918, 0.582786425948143, 0.5937813967466354, 0.5799752920866013, 0.597775474190712, 0.5897378772497177, 0.5779021680355072, 0.5902787744998932, 0.5870731621980667, 0.5898509919643402, 0.5957092195749283, 0.5811044871807098, 0.5923546552658081, 0.5888310521841049, 0.5850670486688614, 0.5782435834407806, 0.5815637707710266, 0.57799032330513, 0.5918320566415787, 0.5728405117988586, 0.5635139048099518, 0.5798652023077011, 0.5710259824991226, 0.5777225196361542, 0.5772654265165329, 0.5761014670133591, 0.5786022245883942, 0.5800917446613312, 0.5967418551445007, 0.5781556814908981, 0.5836015194654465, 0.5915799289941788, 0.5751071274280548, 0.5797563195228577, 0.5873926728963852, 0.5826755315065384, 0.5789337903261185, 0.569739043712616, 0.5843473076820374, 0.5747339278459549, 0.5511596947908401, 0.5689976215362549, 0.5788262635469437, 0.5676770955324173, 0.5710653066635132, 0.5789666771888733, 0.5643684267997742, 0.5719292014837265, 0.5709050893783569, 0.5617168843746185, 0.5747077763080597, 0.5639130473136902, 0.5710808634757996, 0.5766187161207199, 0.5633691400289536, 0.5555103421211243, 0.5884002149105072, 0.568695604801178, 0.5849983096122742, 0.5586881637573242, 0.5810061246156693, 0.573339968919754, 0.5521045923233032, 0.5751233696937561, 0.5653688758611679, 0.5699144750833511, 0.5591160953044891, 0.5587347149848938, 0.5682711750268936, 0.562659740447998, 0.5803168416023254, 0.5699746310710907, 0.570689395070076, 0.5528360605239868, 0.5619939714670181, 0.5630287081003189, 0.5620535016059875, 0.5656187534332275, 0.5730088502168655, 0.5592893064022064, 0.5568179190158844, 0.5467648208141327, 0.5713354498147964, 0.5499962717294693, 0.5712752640247345, 0.5614502876996994, 0.5679864287376404, 0.5544715821743011, 0.5477879196405411, 0.5720856338739395, 0.5423202514648438, 0.5654601156711578, 0.5600330084562302, 0.5571189820766449, 0.5655223578214645, 0.5567975789308548, 0.5646260678768158, 0.5405443906784058, 0.5516746193170547, 0.547501340508461, 0.5548238605260849, 0.5540977716445923, 0.543525442481041, 0.5676252692937851, 0.5833467990159988, 0.559172049164772, 0.5638433992862701, 0.5751098245382309, 0.5710512846708298, 0.554889053106308, 0.5766362994909286, 0.559983417391777, 0.5421596169471741, 0.548375815153122, 0.5522277653217316, 0.563025489449501, 0.5313646197319031, 0.5535964518785477, 0.5588178634643555, 0.5584047436714172, 0.5762519389390945, 0.5645667314529419, 0.5767538398504257, 0.5648986101150513, 0.5315271466970444, 0.5505339056253433, 0.5541126579046249, 0.5347108244895935, 0.544886514544487, 0.5633893758058548, 0.5344265401363373, 0.5563909262418747, 0.5642329901456833, 0.5619233548641205, 0.5559190660715103, 0.5434316545724869, 0.5334156155586243, 0.538532167673111, 0.5439040511846542, 0.5347307622432709, 0.5522782206535339, 0.5663580447435379, 0.5858832746744156, 0.5651719719171524, 0.5555790811777115, 0.5482208281755447, 0.5424918532371521, 0.5411870032548904, 0.5445029735565186, 0.5388275980949402, 0.5219978541135788, 0.5500313341617584, 0.5282392352819443, 0.5369767993688583, 0.5343951284885406, 0.5479133129119873, 0.5271757692098618, 0.5553321093320847, 0.537719190120697, 0.5430147349834442, 0.5430438071489334, 0.5406894981861115, 0.5253378748893738, 0.5446312576532364, 0.5335443764925003, 0.5330003425478935, 0.539741188287735, 0.5341262221336365, 0.5240071266889572, 0.5649341493844986, 0.5220810770988464, 0.5263554006814957, 0.5366064459085464, 0.5300033241510391, 0.543569877743721, 0.5264129936695099, 0.54023078083992, 0.5263320654630661, 0.5062937289476395, 0.5160081535577774, 0.5322156250476837, 0.5455407202243805, 0.5333826541900635, 0.5354078710079193, 0.5271943807601929, 0.5376868695020676, 0.5315065681934357, 0.5566807240247726, 0.5342425853013992, 0.5225505754351616, 0.531887024641037, 0.5399407893419266, 0.5375798791646957, 0.5541225075721741, 0.5444322228431702, 0.5213173553347588, 0.5257364213466644, 0.5377831012010574, 0.5375102013349533, 0.5438195616006851, 0.525401882827282, 0.5485704690217972, 0.5406207293272018, 0.5328026413917542, 0.5364234745502472, 0.5405029505491257, 0.5387875735759735, 0.5336202532052994, 0.5257280617952347, 0.532653346657753, 0.5232100263237953, 0.5441380441188812, 0.5334464311599731, 0.5486568659543991, 0.5372799038887024, 0.5280167609453201, 0.5240849927067757, 0.5324729830026627, 0.5321160107851028, 0.5317356735467911, 0.5252532511949539, 0.5233126431703568, 0.5271408259868622, 0.5330909639596939, 0.5204419940710068, 0.5088090598583221, 0.5274617671966553, 0.534358948469162, 0.5302281379699707, 0.5240777730941772, 0.5246085375547409, 0.5245078057050705, 0.5387108027935028, 0.5257823169231415, 0.5319961383938789, 0.524600088596344, 0.5235324949026108, 0.5298564732074738, 0.5257845520973206, 0.5384087264537811, 0.5157964825630188, 0.5203272700309753, 0.5162038207054138, 0.5332391411066055, 0.521561935544014, 0.5054637789726257, 0.5092719867825508, 0.5411738008260727, 0.5426300764083862, 0.5274081230163574, 0.5192422568798065, 0.5100115314126015, 0.5222577154636383, 0.506915807723999, 0.5126149728894234, 0.5184338986873627, 0.5233891606330872, 0.5232667177915573, 0.5060487315058708, 0.5069753080606461, 0.5195749029517174, 0.5294157415628433, 0.5341163128614426, 0.5235814899206161, 0.5183032378554344, 0.5248338133096695, 0.5108625963330269, 0.5180648639798164, 0.5292015671730042, 0.5269064605236053, 0.5004545077681541, 0.5307284891605377, 0.5005409270524979, 0.517157755792141, 0.5164459347724915, 0.5007252916693687, 0.5334434509277344, 0.5443956702947617, 0.5214506238698959, 0.501629613339901, 0.5119334608316422, 0.5272843390703201, 0.5194169208407402, 0.5098123028874397, 0.5221350565552711, 0.5024913400411606, 0.5197896286845207, 0.5364965051412582, 0.520286001265049, 0.5150201320648193, 0.5200839191675186, 0.4899301454424858, 0.5179300010204315, 0.5148421674966812, 0.5086681768298149, 0.5196484625339508, 0.5044880583882332, 0.5071044117212296, 0.5279854387044907, 0.5030378475785255, 0.526775598526001, 0.5114583447575569, 0.5064822360873222, 0.538946270942688, 0.4991195946931839, 0.501714676618576, 0.5203816890716553, 0.5339613258838654, 0.5087368339300156, 0.49695391952991486, 0.5044554173946381, 0.5059772282838821, 0.5227755010128021, 0.49127108603715897, 0.5114774703979492, 0.5255869701504707, 0.5112061873078346, 0.5211040079593658, 0.49827712774276733, 0.5151267573237419, 0.5334836691617966, 0.5216458067297935, 0.4978043809533119, 0.5487179607152939, 0.4958890378475189, 0.5199445486068726, 0.48919669538736343, 0.48496272414922714, 0.5001626461744308, 0.506836861371994, 0.48942098766565323, 0.5231437236070633, 0.5167805999517441, 0.5291948094964027, 0.49786052852869034, 0.5060527175664902, 0.529409721493721, 0.5028998255729675, 0.5153020322322845, 0.5185900777578354, 0.4899667426943779, 0.4930853769183159, 0.5101874992251396, 0.5088019818067551, 0.5150995776057243, 0.5147505104541779, 0.4975152835249901, 0.49938199669122696, 0.512515626847744, 0.5074224025011063, 0.5105191916227341, 0.49985407292842865, 0.47893670946359634, 0.4897599071264267, 0.4942842647433281, 0.5040859654545784, 0.5153220891952515, 0.4975048303604126, 0.49410827457904816, 0.5005165413022041, 0.48378025740385056, 0.5074996650218964, 0.48696907609701157, 0.5005863979458809, 0.4843607321381569, 0.47581177949905396, 0.51015904545784, 0.5095453932881355, 0.5191303268074989, 0.5084850043058395, 0.5000083297491074, 0.5082966163754463, 0.4997159168124199, 0.512166902422905, 0.5088024586439133, 0.5095549747347832, 0.4818817675113678, 0.48171061277389526, 0.4955519437789917, 0.5077860057353973, 0.47886601090431213, 0.49216295778751373, 0.5138892084360123, 0.4940507262945175, 0.4926988109946251, 0.5084468200802803, 0.49070747196674347, 0.49436526000499725, 0.5038550645112991, 0.478937491774559, 0.5043816715478897, 0.4921964034438133, 0.488699272274971, 0.5097609087824821, 0.4814441278576851, 0.48386621475219727, 0.4934767410159111, 0.5072580650448799, 0.49576009809970856, 0.5013518780469894, 0.4782286658883095, 0.48623986542224884, 0.4597355127334595, 0.498506598174572, 0.4902713820338249, 0.488541841506958, 0.4978637024760246, 0.47454413771629333, 0.48071690648794174, 0.5032975524663925, 0.5196188986301422, 0.4938023239374161, 0.4983561411499977, 0.49118732661008835, 0.4897298514842987, 0.509231686592102, 0.4944348558783531, 0.4921978563070297, 0.4900742396712303, 0.47565706819295883, 0.4904428496956825, 0.4659339487552643, 0.47593019157648087, 0.4956626296043396, 0.47707173973321915, 0.47997623682022095, 0.4936262518167496, 0.4908938631415367, 0.5004563182592392, 0.4776778742671013, 0.44227510690689087, 0.48395994305610657, 0.4893457293510437, 0.48640918731689453, 0.48644009232521057, 0.48832299560308456, 0.49653515219688416, 0.49801264703273773, 0.48918742686510086, 0.4820310175418854, 0.5176316872239113, 0.4709949269890785, 0.4937812387943268, 0.4670729711651802, 0.4889112189412117, 0.4833259880542755, 0.49260692298412323, 0.4939403533935547, 0.4715416356921196, 0.5104219317436218, 0.4874453842639923, 0.4820781424641609, 0.4938061013817787, 0.47262461483478546, 0.4715789705514908, 0.48735377937555313, 0.4774610847234726, 0.48019909858703613, 0.47213326394557953, 0.47947292029857635, 0.49371106922626495, 0.5147242322564125, 0.47737398743629456, 0.46590902656316757, 0.4789004847407341, 0.4896330386400223, 0.4825853705406189, 0.4733372703194618, 0.4725690335035324, 0.5077227652072906, 0.48943621665239334, 0.49757375568151474, 0.48718463629484177, 0.4618786871433258, 0.47969943284988403, 0.47663796693086624, 0.48100176453590393, 0.4823559522628784, 0.46341539919376373, 0.4771583154797554, 0.5040200352668762, 0.498273566365242, 0.4870977848768234, 0.49144552648067474, 0.5040411502122879, 0.5092566683888435, 0.4953645020723343, 0.4637104570865631, 0.5000391453504562, 0.47962725162506104, 0.48038142174482346, 0.46743636578321457, 0.48438823223114014, 0.4786844551563263, 0.47684741020202637, 0.44973380863666534, 0.4635324329137802, 0.49236780405044556, 0.47791267186403275, 0.47977425903081894, 0.4672647714614868, 0.494189091026783, 0.47037745267152786, 0.4675365462899208, 0.4613954946398735]
Validation ROC AUC: 0.871031746031746
Validation Confusion Matrix: [[99, 9], [6, 8]]
Validation Precision: 0.47058823529411764
Validation Recall: 0.5714285714285714
Validation F1 Score: 0.5161290322580645
Validation Accuracy: 0.8770491803278688
Test ROC AUC: 0.8207116788321167
Test Confusion Matrix: [[117, 20], [5, 11]]
Test Precision: 0.3548387096774194
Test Recall: 0.6875
Test F1 Score: 0.46808510638297873
Test Accuracy: 0.8366013071895425
Validation Set Size: 122
Test Set Size: 153
