Enhancer: E22P2F4
Label: mm_v_all
Padding: True
Batch Size: 256
Learning Rate: 2e-06
Epochs: 1000
Subset: 1.0 (number of training samples: 18928)
Weight Decay: 0.01
Optimizer: adam
Coverage: 3
Jiggle: 3
Confusion Matrix: [[0.928, 0.072], [0.18303571428571427, 0.8169642857142857]]
Unnormalized Confusion Matrix: [[4872, 378], [123, 549]]
Number of Epochs: 527
Train Losses: [0.697167465815673, 0.6962632657708349, 0.696285525689254, 0.6952172388901582, 0.694118199316231, 0.6942182441015501, 0.6934398751001101, 0.6922903157569267, 0.6926060335056202, 0.6920631245986836, 0.6922415301606462, 0.6920621451493856, 0.6915364966199204, 0.6920503627609562, 0.6909474247210735, 0.6910681378197026, 0.6906101317019075, 0.6905944653459497, 0.6907807781889632, 0.6902377742367822, 0.6903746877167676, 0.6895162221547719, 0.6898182727195121, 0.6897532327755077, 0.6894421996297063, 0.6894669307244791, 0.689325833642805, 0.6888598372807374, 0.68885721789824, 0.6885102536227252, 0.6884363712491216, 0.6881930175665263, 0.6878630253108772, 0.6878377247501064, 0.6878089228191892, 0.6872538368444185, 0.6873027698413746, 0.6871464751862191, 0.6868799441569561, 0.6864755016726416, 0.6862215947460484, 0.6853596189537564, 0.6859086333094416, 0.6857344983397303, 0.6849286830103075, 0.6848034987578521, 0.6846599264724834, 0.6842330098152161, 0.6838044789997307, 0.6836198946914157, 0.6834740928701453, 0.683110643077541, 0.6833009228513047, 0.6826195008045918, 0.6819508857018238, 0.6818161937030586, 0.6810186521427052, 0.680927803387513, 0.6800929388484439, 0.6806280169938062, 0.6799028604417234, 0.6796953227068927, 0.6791472716911419, 0.6786046390597885, 0.6773700174447652, 0.6770537447285008, 0.6763803072877832, 0.6762531391672186, 0.6750204845054729, 0.6747359013235247, 0.6748438735265989, 0.6727648764043241, 0.672492466262869, 0.6716854306491645, 0.6703707962422758, 0.6699370693516087, 0.6697475853803996, 0.6678715759032482, 0.6681522445098774, 0.6659876422302143, 0.6651322567785108, 0.6642225843829077, 0.6631429783395819, 0.6628563822926702, 0.6615569776779896, 0.6603273539929777, 0.6591370089634044, 0.6577447121207779, 0.6559615086864781, 0.6552731676681621, 0.6536490087573593, 0.6515530984143953, 0.6509553403467745, 0.6498008563711837, 0.6476518117092751, 0.646629348799989, 0.6447493522553831, 0.6437219687410303, 0.6407931761161701, 0.6418592784855817, 0.6398568991068248, 0.6390173177461367, 0.6361720908332515, 0.6354802363627666, 0.6328355718303371, 0.6310034257334631, 0.6304098778479809, 0.6288995275626311, 0.6271957199315767, 0.6246391873101931, 0.6213921284353411, 0.6201402891326595, 0.6193149194524095, 0.6137654080584243, 0.61151003595945, 0.6123282764409039, 0.6099411514965264, 0.6054452826847901, 0.6022479574422579, 0.603549716440407, 0.5993188982074326, 0.5960176844854612, 0.5915551241990682, 0.5919975445077226, 0.5871019419786092, 0.5832576783927711, 0.5821362081411723, 0.5774767769349588, 0.572159487653423, 0.5709720487530167, 0.5696201396955026, 0.5667060025640436, 0.5648901559211112, 0.5619866533859356, 0.5596730499654203, 0.5542590634242909, 0.5515415072441101, 0.5502700016305253, 0.5469345619549623, 0.5433714019285666, 0.5434807321509799, 0.5392288493143546, 0.5342585669981467, 0.5354629336176692, 0.5333189005787308, 0.5321687854625083, 0.5266795617503088, 0.5260549574284941, 0.5211293129502116, 0.5189825461522953, 0.5166442893646859, 0.5165934151894337, 0.5131431886473218, 0.512936644457482, 0.5084360556022541, 0.5070502528467694, 0.5057535948785575, 0.5038197576194197, 0.5019169985442549, 0.49842881592544347, 0.49595460013763326, 0.4949160943160186, 0.4960009036837397, 0.492224922454035, 0.4903732840273831, 0.4870537032146712, 0.48555079263609807, 0.48466809295319224, 0.48135839161035177, 0.4834300344054763, 0.48112493793706634, 0.47543430731103226, 0.4725772146437619, 0.4691850148342751, 0.4724598583337423, 0.4709156062957403, 0.46774703828064174, 0.4688309072642713, 0.4649295645791131, 0.4601595156096123, 0.46249243818424846, 0.4580419623368495, 0.45823594726420736, 0.45334493187633723, 0.4506528671528842, 0.45209875944498423, 0.44268342006850886, 0.4462776570706754, 0.4459163598917626, 0.4395512201496073, 0.4417590188819009, 0.4374057529745875, 0.4372290574215554, 0.43822537161208486, 0.4369553710157807, 0.43117441075879176, 0.4307205962973672, 0.4290856187408035, 0.42928738489344315, 0.42424846219049916, 0.42466391582746765, 0.4220450774237916, 0.42081061649966883, 0.41865492632260193, 0.41771438637295283, 0.41411899231575633, 0.4130918693703574, 0.413360707663201, 0.40852496551500783, 0.40845261232273, 0.405829579443545, 0.40660672977163986, 0.40372774125756444, 0.40362769486130895, 0.3957778541622935, 0.395317820681108, 0.39857516941186544, 0.3948662401856603, 0.39149388348734054, 0.39369760655068065, 0.39083631658876267, 0.3881058358662837, 0.3897007695726446, 0.3879829919016039, 0.38119573206514923, 0.38157341286942764, 0.37809128898221095, 0.3781685853326643, 0.3778526428583506, 0.37460613210459015, 0.37659831747815414, 0.37449549339913035, 0.37439119896373235, 0.3700929694884532, 0.3681061038294354, 0.3669325101214486, 0.36742153763771057, 0.3653345112059567, 0.3620903955118076, 0.3585915283576862, 0.36230326423773895, 0.3603736879052343, 0.35345507151371724, 0.35340732497137944, 0.35057165211922414, 0.35109871424533223, 0.3528280511901185, 0.3479400518778208, 0.34609594457858317, 0.3435397518647684, 0.3470486656234071, 0.34390844525517644, 0.3418053924231916, 0.34130003967800654, 0.33908103205062246, 0.33665873432481613, 0.33742675144930145, 0.3359781749345161, 0.3317348618765135, 0.3320059804497538, 0.3299726078639159, 0.32730860242972504, 0.327027687752569, 0.32364675322094477, 0.3241797282889083, 0.3214578358708201, 0.3237883090167432, 0.31910284628739227, 0.3176060145771181, 0.3153365987378198, 0.3216339281281909, 0.3160680427744582, 0.31258725274253535, 0.3108790242994154, 0.31085517801143026, 0.3094550451716861, 0.30959607338583145, 0.30317558509272496, 0.3064842276476525, 0.30811888623881983, 0.3035033671437083, 0.3004527716217814, 0.30154059585687276, 0.2983643646175797, 0.29479232631825114, 0.29835637115143443, 0.29556385810310776, 0.2956460259250692, 0.29186049224557103, 0.29377450008650086, 0.2932271083464494, 0.28986030535118, 0.2859034683253314, 0.2888468844262329, 0.2856860261511158, 0.2851146600536398, 0.28599229233490453, 0.2850216800296629, 0.2811451218015439, 0.28368973248713725, 0.2799631439753481, 0.27722314563957423, 0.2753955812470333, 0.27805042286982407, 0.2708492436119028, 0.27599176945718557, 0.27383204005859996, 0.27373220691004313, 0.2696699079226803, 0.2705606155701586, 0.26995024930786443, 0.2718201938110429, 0.2665307813802281, 0.2686360045462041, 0.2636012048334689, 0.2632897888889184, 0.26177469379193075, 0.2651281801832689, 0.2616189009434468, 0.2594709323870169, 0.2602397690753679, 0.2561652175075299, 0.25746050799215164, 0.25848594549539927, 0.25186109140112595, 0.25483005997296926, 0.2545749216869071, 0.2546441994003347, 0.24981735183580503, 0.2486707012395601, 0.24789265543222427, 0.2433654090037217, 0.2500954973133835, 0.24538741965551633, 0.24408820070124962, 0.24072113854659571, 0.2408215125670304, 0.23912509289142247, 0.24095390253775828, 0.239174956405485, 0.2365791390876512, 0.2394959974933315, 0.24036290818775022, 0.24022117297391635, 0.23610806827609604, 0.23839582039697751, 0.2363510264738186, 0.23549399464517026, 0.2340283560994509, 0.22873316886457237, 0.23015741480363383, 0.23163810835496798, 0.23031315489395246, 0.23263491227014646, 0.23020694606207512, 0.22624207388710332, 0.2287333835218404, 0.2272747652353467, 0.21993824456994598, 0.22327728126500104, 0.22233614587300532, 0.22185943295826782, 0.2221694649071307, 0.21698966884129756, 0.22006732910066037, 0.2178797629233953, 0.21860591805464513, 0.21830202357189074, 0.21794056872258316, 0.21499618384483699, 0.21352302504552378, 0.21085854941928708, 0.210045818541501, 0.21033250761998667, 0.20645723512043823, 0.2097511760689117, 0.20855311908431956, 0.2110926708256876, 0.20936680283095385, 0.2117859600363551, 0.2059348402796565, 0.20861949489728823, 0.2048286040489738, 0.2038373449766958, 0.20345825581131755, 0.2014624134108827, 0.19991797510836576, 0.202077226662958, 0.20112776454236056, 0.20222372662376714, 0.2054190778651753, 0.1990644521004445, 0.20083574427140727, 0.19833787289020177, 0.198049970172547, 0.19703230463169716, 0.1937216379352518, 0.19903348466834506, 0.19797394384403486, 0.1974366796580521, 0.19192551519419696, 0.1942768870173274, 0.19245400521400813, 0.19357013722529282, 0.19219549966825022, 0.1925804820415136, 0.1905256264113091, 0.19239842207045169, 0.18656326729703593, 0.19179597859447067, 0.19087015374286756, 0.1854036327552151, 0.18517047609831835, 0.18757604485428012, 0.1855932490245716, 0.18821885920054204, 0.18311911338084452, 0.18499303186261976, 0.18155140993562904, 0.18576453324105288, 0.18169690386669055, 0.18096444896749547, 0.1833665832071691, 0.1887696371287913, 0.1827682021099168, 0.18294024386921445, 0.17941144894103747, 0.18044879790898916, 0.1796187563119708, 0.17707398614367922, 0.17935020557126483, 0.17900888219073013, 0.17498788620169098, 0.1748466384974686, 0.17933676049516006, 0.1769921157408405, 0.17624679429305568, 0.17223084677715558, 0.17460679323286624, 0.17340159959889748, 0.17656836034478368, 0.1712645247981355, 0.17395948658923846, 0.1718614054088657, 0.1711162852274405, 0.16992668344362363, 0.17368776069299594, 0.17211826971253832, 0.16642512522033742, 0.16806236876023783, 0.16620164827720538, 0.17256914703427134, 0.16666816819358515, 0.16670675716690114, 0.16163968445884214, 0.16899068794540456, 0.17314077833214322, 0.1623244663146702, 0.16332107520586736, 0.16453485734559395, 0.16221204299379038, 0.16235802282352704, 0.1597245198649329, 0.15983768582746788, 0.1590099130329248, 0.1601857990026474, 0.16136915266916557, 0.15891302135345098, 0.15930315872301926, 0.15937597052873792, 0.15930814144981875, 0.1593491400818567, 0.1603188823807884, 0.16041550372500676, 0.15435357834841754, 0.16182959341519587, 0.1606599747933246, 0.1536876301507692, 0.15533672716166522, 0.15716194250696414, 0.15895557876777006, 0.15462989188932083, 0.15671112932063438, 0.1536732414687002, 0.1590136636954707, 0.15542575656562238, 0.15548175321640195, 0.15620184005112261, 0.15695374338208018, 0.15278081263642054, 0.15592765727558652, 0.15555135261368108, 0.1516805326415075, 0.14788175364201134, 0.15092501426870758, 0.14967023299352541, 0.15684644012032328, 0.15354626595571236, 0.148597681139772, 0.14922228405201757, 0.1534355464013847, 0.15219410861263405, 0.1431173838272288, 0.14861843906141617, 0.14501596806017128, 0.14350532327552099, 0.15102897967035706, 0.15146782098186984, 0.14717846414124644, 0.1494372596813215, 0.14811961977062998, 0.14303233383877859, 0.14328557655617996, 0.144569857700451, 0.14981640200759913, 0.1452341872091229, 0.14573744392475566, 0.14836967474705465, 0.1447113354665202, 0.14537637962682828, 0.14502869475934957, 0.14572024224577723, 0.1437412049319293, 0.14862377931540077, 0.14363389915308436, 0.14009014678162499, 0.13892595741797137]
Validation Losses: [0.697116516138378, 0.6955723291949222, 0.69642573595047, 0.6912240103671425, 0.6928187859685797, 0.6932673548397265, 0.6933666561779223, 0.6926806098536441, 0.6924330937234979, 0.6914175560599879, 0.6922382994701988, 0.6918219171072307, 0.6917186065724021, 0.6908805213476482, 0.6913482578177201, 0.6903140325295297, 0.6900330562340585, 0.6897938596574884, 0.6905853152275085, 0.6898572758624428, 0.6895817769201178, 0.689736899576689, 0.6892295354291013, 0.6891109504197773, 0.6894529054039403, 0.6889412246252361, 0.6888521407779894, 0.6883507245465329, 0.6879556304530093, 0.6877825636612741, 0.687666748699389, 0.6876067770154852, 0.687421955560383, 0.6870710849761963, 0.6870272881106326, 0.6868290618846291, 0.6867467541443674, 0.6860718664370085, 0.6854109764099121, 0.6860048457195884, 0.6849577238685206, 0.685292407086021, 0.6841470316836709, 0.6845165742071051, 0.6842642144152993, 0.683311547103681, 0.6845114325222216, 0.682936712315208, 0.6837258087961298, 0.6827210376137182, 0.6825663447380066, 0.6820812539050454, 0.6818198718522724, 0.6813564614245766, 0.6813796539055673, 0.6801217010146693, 0.6804604247996682, 0.6799771848477816, 0.6792709011780588, 0.6788651943206787, 0.6785804252875479, 0.6780506184226588, 0.6777422804581491, 0.6766580625584251, 0.6761282462822763, 0.6759417213891682, 0.6739653192068401, 0.6731324540941339, 0.6740158357118305, 0.6716384228907133, 0.6717395186424255, 0.6707215497368261, 0.6705227211902016, 0.6690166435743633, 0.6700785693369413, 0.6668534467094823, 0.666063622424477, 0.6650981620738381, 0.6653326781172502, 0.6649910023337916, 0.6622473723010013, 0.6630039246458757, 0.6610972536237616, 0.6595017815891066, 0.6556656486109683, 0.6595642096117923, 0.6543378390763935, 0.653366788437492, 0.6526577002123782, 0.6528770327568054, 0.6527207054589924, 0.6508218395082574, 0.6479147170719347, 0.6450227812716836, 0.6426341094468769, 0.6447225777726424, 0.6456090243239152, 0.6436214227425424, 0.6379297093341225, 0.6377075345892655, 0.6337826314725374, 0.6369965013704801, 0.636113725210491, 0.630643577952134, 0.630228368859542, 0.6296903616503665, 0.6243309911928678, 0.6244937150101912, 0.6283246592471474, 0.6172459564710918, 0.6175811102515772, 0.6142011096602992, 0.6123838957987333, 0.6147896020035994, 0.6098453653486151, 0.6114422459351389, 0.6036686144377056, 0.6006138356108415, 0.6027897282650596, 0.5966814725022567, 0.5952196654520536, 0.5912450520615828, 0.5855528837756107, 0.5821423938399867, 0.5835928697335092, 0.582209332993156, 0.5780162121120253, 0.5700416251232749, 0.5751735756271764, 0.5684918071094313, 0.564566903992703, 0.5608711274046647, 0.5652827620506287, 0.5564075237826297, 0.5525653895578886, 0.5512122009929857, 0.5541745863462749, 0.5477302607737089, 0.5474093964225367, 0.5378269584555375, 0.5344525481525221, 0.5356909350345009, 0.532188826485684, 0.5210683534019872, 0.5331082218571713, 0.5236227104538366, 0.5250853362836336, 0.5220122321655876, 0.522108118785055, 0.5157001802795812, 0.5165583475639945, 0.514517134741733, 0.508843227436668, 0.5078322495284834, 0.5061735777478469, 0.5080472858328569, 0.5028677253346694, 0.5000878650891153, 0.4947756466112639, 0.5015483341718975, 0.5031000767883501, 0.49408977439529017, 0.4950287185217205, 0.49684711506492213, 0.4860864093429164, 0.4889893374944988, 0.4893119194005665, 0.4810406942116587, 0.4779231093431774, 0.4787331301915018, 0.48445233075242294, 0.476736024806374, 0.4770568279843581, 0.4702406321701251, 0.46562068399630097, 0.4740682103131947, 0.4677107036113739, 0.465138399287274, 0.46793277012674434, 0.4615927887590308, 0.4608277035386939, 0.4572583687932868, 0.45499175159554733, 0.4597322580061461, 0.4583086371421814, 0.4597021843257703, 0.4447984977772361, 0.45282153706801564, 0.44700543033449275, 0.4442430907174161, 0.4545362779968663, 0.44190534635594014, 0.4391496008948276, 0.44466930314114217, 0.44148588807959305, 0.44346820367010015, 0.4422588050365448, 0.44151582215961654, 0.43593348484290273, 0.42835728118294164, 0.4306943604820653, 0.4277940941484351, 0.4213910808688716, 0.4294721813578355, 0.42352000506300674, 0.4244759663155204, 0.4226175734871312, 0.4221469744255668, 0.41645803890730204, 0.41392358039554794, 0.42135431735139145, 0.41919150007398503, 0.4144636784729205, 0.41071565057102005, 0.4124729005913985, 0.4081337781328904, 0.4081997181239881, 0.4120581918641141, 0.40365276368040787, 0.4038759564098559, 0.40006254848681, 0.4012426357520254, 0.3999746206559633, 0.4033540926481548, 0.3984534442424774, 0.39658984228184346, 0.39504489773198176, 0.4006311626810777, 0.39428681605740595, 0.4082397128406324, 0.3887877213327508, 0.39140341626970393, 0.38965668490058497, 0.39059959587297943, 0.38872040886628, 0.3949378917091771, 0.37358909531643514, 0.3796061779323377, 0.38320486482821015, 0.38265878275821086, 0.37962690309474345, 0.3735262202589135, 0.3756478319042607, 0.38599820356619985, 0.388596457870383, 0.37424200773239136, 0.37259958449162933, 0.3771582826187736, 0.3740962586904827, 0.37425959580822993, 0.3631614791719537, 0.3595139227415386, 0.36697033204530416, 0.3723277277068088, 0.37127904515517385, 0.35979607858155904, 0.36101958626195, 0.3603199092965377, 0.36693470572170456, 0.3640671592009695, 0.353600727884393, 0.36055150628089905, 0.37443680669132035, 0.3552085020040211, 0.3576043624626963, 0.3535706102848053, 0.3545055060010207, 0.3514470207063775, 0.3700740541282453, 0.3556072366865058, 0.349085575655887, 0.35810299766691106, 0.35461808662665517, 0.34494255718431976, 0.35310311850748566, 0.3504335692054347, 0.35006528622225713, 0.34909181061543915, 0.34774938382600484, 0.34311605440942866, 0.343632687079279, 0.3517030446152938, 0.3494583462413989, 0.3486216585887106, 0.33862159283537613, 0.3401404666273217, 0.34889385731596695, 0.3375158560903449, 0.3453733575971503, 0.34886667759794937, 0.3377687272272612, 0.3342525708047967, 0.33887881511136103, 0.3372040814475009, 0.33416926390246343, 0.3380287399417476, 0.3405664939629404, 0.3288961194063488, 0.34332936374764694, 0.34013721974272476, 0.3217855409571999, 0.34286952018737793, 0.3402453174716548, 0.32586169556567546, 0.3318241144481458, 0.3394196331501007, 0.32084929472521734, 0.33646779468185023, 0.3334499754403767, 0.3328688050571241, 0.3357519036845157, 0.33034672862605047, 0.3368515654614097, 0.3451953357771823, 0.3250909133961326, 0.3295001905215414, 0.34173854401237086, 0.32480865873788534, 0.33730672064580414, 0.3399839903178968, 0.3256630191677495, 0.31890799026740224, 0.3276496372724834, 0.3309932727562754, 0.34030556365063314, 0.32984473360212224, 0.32562277348417984, 0.317032548942064, 0.3179153768639815, 0.3279759460373929, 0.3240480846480319, 0.3371100096326125, 0.32803449191545186, 0.3172469546920375, 0.325575767379058, 0.3322384780959079, 0.31992703989932414, 0.33864736557006836, 0.32788230243482086, 0.3192146483220552, 0.3222944407086623, 0.3183191136309975, 0.3228025389345069, 0.3204483766304819, 0.3308945596218109, 0.3326173989396346, 0.3203740527755336, 0.3121241378156762, 0.3198121111643942, 0.33502157895188583, 0.3251210968745382, 0.31338295340538025, 0.3151756242701882, 0.31067673626698944, 0.3220017395521465, 0.32397040881608663, 0.32666000880693136, 0.3171280606796867, 0.3309725083802876, 0.31908118724823, 0.3253545243489115, 0.3219254550180937, 0.3367548490825452, 0.3290630218229796, 0.33113814498248856, 0.3337620151670356, 0.3173052903852965, 0.3319299770028968, 0.3286845072319633, 0.3381534532496804, 0.3255564476314344, 0.32181476997701747, 0.32828573176735326, 0.3229841715411136, 0.31900474272276225, 0.3213985342728464, 0.3360811354298341, 0.32234296359513936, 0.33245204938085454, 0.3126584636537652, 0.3303229699009343, 0.3202441271982695, 0.3330310489002027, 0.34449587213365657, 0.3271458148956299, 0.32323232449983297, 0.3486516679588117, 0.31830957218220357, 0.3382054520280738, 0.324503431194707, 0.33627822681477193, 0.32259086009703186, 0.340032370466935, 0.33186841638464676, 0.3363165635811655, 0.33479773213988856, 0.3304886786561263, 0.32374960654660273, 0.3296895638892525, 0.3265244898043181, 0.31895096992191513, 0.32197744909085724, 0.33520179359536423, 0.32813186786676707, 0.33688781292814957, 0.3330625891685486, 0.3208101007499193, 0.3124467401128066, 0.33753595383543716, 0.33378383281983826, 0.3266150920014632, 0.3256708281604867, 0.3314260997270283, 0.3249384258922778, 0.3371825045660922, 0.33637003835878876, 0.3320591857558803, 0.3417843376335345, 0.3165139022626375, 0.33953017310092326, 0.33213485855805247, 0.3423495527945067, 0.3591429936258416, 0.34282997564265605, 0.33505192399024963, 0.3309756046847293, 0.3083153045491168, 0.34346624110874374, 0.34605320346982854, 0.34810056498176173, 0.3249267810269406, 0.34327727869937297, 0.319143608212471, 0.34740404392543595, 0.32582920005446986, 0.35360922468336003, 0.3307177142093056, 0.3455093534369218, 0.34701658079498693, 0.3337059083737825, 0.34319379768873515, 0.3159017641293375, 0.323637665886628, 0.33641824596806574, 0.33867640165906204, 0.3500475946225618, 0.36371222138404846, 0.3673971750234303, 0.34454452991485596, 0.36953255063609075, 0.3414566689415982, 0.3623508058096233, 0.333965379940836, 0.3564416185805672, 0.35557047787465546, 0.3502267693218432, 0.34688547096754374, 0.3370844823749442, 0.3722925327326122, 0.3428290556920202, 0.3440911330674824, 0.32948161426343414, 0.3649758822039554, 0.3630988613555306, 0.33788235563980906, 0.3491693703751815, 0.32870377051202876, 0.34883030621629013, 0.3441816333093141, 0.34838036643831355, 0.3471261921681856, 0.32193032377644587, 0.35295666518964264, 0.3606335693284085, 0.3466156925025739, 0.38033925388988693, 0.35638739952915593, 0.3517349362373352, 0.35898093016524063, 0.367735903514059, 0.36494485328071996, 0.3549925951581252, 0.3743121718105517, 0.3434087226265355, 0.3556045905539864, 0.3575257204080883, 0.3845397704525998, 0.36233183271006536, 0.3765130921414024, 0.35100355901216207, 0.3463326096534729, 0.35853363495124013, 0.3747137000686244, 0.3723884366060558, 0.3792252148452558, 0.35553170819031565, 0.340612845985513, 0.3634261206576699, 0.35057738423347473, 0.3673496403192219, 0.35197303169652033, 0.34923390181441055, 0.38088205613588033, 0.36740517302563314, 0.3645658885177813, 0.3758110184418528, 0.3653896090231444, 0.345741121392501, 0.365807139559796, 0.3693992715132864, 0.3694315646824084, 0.38084746348230464, 0.37299354295981557, 0.3670488250883002, 0.3433237452256052, 0.34020574861451197, 0.3693431208008214, 0.36613041476199504, 0.3755508833809903, 0.34358926980119003, 0.3729871385975888, 0.3761359845337115, 0.3535399562434146, 0.3485962317178124, 0.38233271947032527, 0.3387845644825383, 0.36362508253047343]
Validation ROC AUC: 0.923129326852261
Validation Confusion Matrix: [[544, 40], [19, 74]]
Validation Precision: 0.6491228070175439
Validation Recall: 0.7956989247311828
Validation F1 Score: 0.714975845410628
Validation Accuracy: 0.912850812407681
Test ROC AUC: 0.9336249999999999
Test Confusion Matrix: [[694, 56], [17, 79]]
Test Precision: 0.5851851851851851
Test Recall: 0.8229166666666666
Test F1 Score: 0.6839826839826839
Test Accuracy: 0.9137115839243499
Validation Set Size: 677
Test Set Size: 846
