Enhancer: E18C2
Label: mm_v_all
Padding: True
Batch Size: 256
Learning Rate: 2e-06
Epochs: 1000
Subset: 1.0 (number of training samples: 13034)
Weight Decay: 0.01
Optimizer: adam
Coverage: 3
Jiggle: 3
Confusion Matrix: [[0.8061568061568062, 0.19384319384319385], [0.22305764411027568, 0.7769423558897243]]
Unnormalized Confusion Matrix: [[1676, 403], [445, 1550]]
Number of Epochs: 649
Train Losses: [0.6945905895794139, 0.6941334593529794, 0.6953608370294758, 0.6945358094047097, 0.6936737684642568, 0.6940167511210722, 0.6947791366016164, 0.6943289509006575, 0.6927753955710167, 0.6937218694125905, 0.6932566610037112, 0.6936669641850042, 0.693267470481349, 0.6931028307652941, 0.6929556937778697, 0.6931864443947288, 0.6928491487222559, 0.6926206771065208, 0.6926910947350895, 0.6927887867478764, 0.6924735073949776, 0.6932741438641268, 0.692486488351635, 0.6929454312605017, 0.6923565700942395, 0.6927885050867119, 0.6927621785332175, 0.6924450046875897, 0.6930130416271734, 0.6924912158180686, 0.6923837042322346, 0.6923847852968702, 0.6923661641046113, 0.6923946048699173, 0.6923757148723976, 0.6920639288191702, 0.6923081746288374, 0.6922353599585739, 0.6923687668407664, 0.6923223254727382, 0.6921236713727316, 0.6921030095979279, 0.6920659425211888, 0.6919237819372439, 0.6922550224790386, 0.6917778031498778, 0.6919681079247418, 0.6919740660517824, 0.6919922092381645, 0.6920004276668325, 0.6920435113065383, 0.6920978894420698, 0.6916341232318505, 0.6911493948861664, 0.691673898229412, 0.6917306850938236, 0.6913902116756813, 0.6914812840667426, 0.6914327600423027, 0.6913121085540921, 0.6915533262140611, 0.6912368197067111, 0.6912822220839706, 0.6911843874875236, 0.6913748184839884, 0.6912439734328026, 0.6907832505656224, 0.6913733657668618, 0.6913069568428338, 0.6909422979635351, 0.6909908161443823, 0.6909024271310544, 0.6906820652531642, 0.6907777540823993, 0.6908978434169993, 0.690809431029301, 0.6907240023799971, 0.6905865447193968, 0.6904580429488537, 0.6905526366888308, 0.6905784548497668, 0.6897001231417936, 0.6901974771537033, 0.6900535506360671, 0.6905289117027732, 0.6898629899118461, 0.6900539620249879, 0.6904481871455324, 0.6905711632148892, 0.6898636502378127, 0.6896235066301682, 0.6894083455497143, 0.6896750856848324, 0.689364515098871, 0.6895390561982697, 0.689828520896388, 0.6894095072559282, 0.6895792110293519, 0.689511871805378, 0.688954167506274, 0.6889906677545286, 0.6885181536861494, 0.688861773294561, 0.6884777043379989, 0.6888020494404961, 0.6889185601589727, 0.6885486467211854, 0.6884671835338368, 0.6882873925508237, 0.687861255570954, 0.6884472861009485, 0.6879542458291147, 0.6879611623053458, 0.688094181172988, 0.6876374015621111, 0.687668620371351, 0.6877007951923445, 0.6870943366312513, 0.687608375268824, 0.687198187790665, 0.6873960693677267, 0.6873627947826012, 0.6871710466403588, 0.6871060904334573, 0.6869446109322941, 0.6866416440290564, 0.6863652666409811, 0.6864661983415192, 0.6861426070624707, 0.6860962264678058, 0.6861575923713983, 0.6857838759235307, 0.6855700016021729, 0.6855671662910312, 0.6853134959351783, 0.6853376404911864, 0.6856920964577619, 0.6845939019147087, 0.6845845568413828, 0.6850650240393246, 0.6842856687657973, 0.6846543375183555, 0.6841544707616171, 0.6834756498243294, 0.6835584839185079, 0.6830361181614446, 0.6833826782656651, 0.6833435402196997, 0.6831791400909424, 0.6830855058688744, 0.683081164079554, 0.6824877285489849, 0.6824011043006298, 0.6818714492461261, 0.6820341687576443, 0.6816640987115747, 0.6809433850587583, 0.681336010203642, 0.6807079724237031, 0.6811356345812479, 0.6806277048354056, 0.6802259788793676, 0.6795210359143276, 0.6794735754237455, 0.6804034137258342, 0.6787142508170184, 0.6792426448242337, 0.678428122810289, 0.6788223105318406, 0.6780525165445664, 0.6782550379341724, 0.6767258363611558, 0.67776300276027, 0.6772703376470828, 0.6767453714913013, 0.6767458915710449, 0.6765501592673507, 0.6755687068490421, 0.6755451139281777, 0.6750176385337231, 0.6748236546329424, 0.6743931618391299, 0.6735128012357974, 0.6742503292420331, 0.6733562174965354, 0.6733217753616034, 0.6719602252922806, 0.6723977093603096, 0.6708192743507086, 0.6722523009075838, 0.6728848253979403, 0.6693842598036224, 0.6711563129051059, 0.6690473743513519, 0.6700172295757368, 0.668201090074053, 0.6673849166608324, 0.6675549394944135, 0.6666614810625712, 0.667828737520704, 0.6660264251278896, 0.6657871300098943, 0.6653358924622629, 0.6634494732407963, 0.664236932408576, 0.6630644108734879, 0.6625976083325404, 0.6623536511963489, 0.6626996386284921, 0.6606361059581533, 0.6621354794969746, 0.6606113489936379, 0.6597724358240763, 0.6583288802820093, 0.658388240664613, 0.6576129537002713, 0.6556052670759314, 0.6552252711034289, 0.6559617215511846, 0.6535183109489142, 0.6522571643193563, 0.6520996830042671, 0.6513600875349606, 0.6519663193646599, 0.6486924828267565, 0.6493863136160607, 0.6469840535930559, 0.6464176774024963, 0.6465811670995226, 0.6444985609428555, 0.6422794414501564, 0.6420772870381674, 0.6402233839035034, 0.6385138513995152, 0.6375740030232597, 0.6359648575969771, 0.6329341121748382, 0.6338266484877643, 0.6316738759770113, 0.6308715121418822, 0.6291649037716436, 0.6258458728883781, 0.62656803224601, 0.6233956322950476, 0.6221469582295885, 0.6227051744274065, 0.6207666899643692, 0.6185710500268375, 0.6165103327994254, 0.613193530662387, 0.6142023310941809, 0.6101585322735357, 0.6114757341497085, 0.6086277751361623, 0.6057688243248883, 0.6050487873600978, 0.6045837963328642, 0.6023353127872243, 0.5998211432905758, 0.5972805502367955, 0.5962591007644055, 0.5950778909758025, 0.5945633614764494, 0.5909894260705686, 0.5912487354933047, 0.588363624086567, 0.5880275205069897, 0.5869923070365307, 0.5841044234294518, 0.5832943951382357, 0.5811743128533456, 0.5805568882063323, 0.5795793124273712, 0.5767249827291451, 0.575486817780663, 0.5746766492432239, 0.5695540963434705, 0.5724134784118802, 0.5703147918570275, 0.5698905213206422, 0.5685477116528679, 0.5665397398612079, 0.562846209488663, 0.56443345079235, 0.560595127881742, 0.5629996131448185, 0.5596166171279608, 0.5567589460634718, 0.5562808829195359, 0.5550647039039462, 0.5544132835724774, 0.5532135121962604, 0.5511852701505026, 0.5504915387022729, 0.547937109189875, 0.546195810916377, 0.5454243853980419, 0.5458989704356474, 0.5446996162919437, 0.5405045665946662, 0.5380287404153862, 0.5376911467196894, 0.5395617251302681, 0.537108415482091, 0.5382141809837491, 0.5344651189504885, 0.5303532913619396, 0.5338490593667123, 0.5308763817244885, 0.5255218919585732, 0.5288203878729951, 0.5243812518961289, 0.5262619023229561, 0.5234256614657009, 0.5230024234921324, 0.5187895566809411, 0.5218260077869191, 0.5222346630750918, 0.5171254844057793, 0.5141035113848892, 0.5127398114578396, 0.5129642521633822, 0.5092769043118346, 0.5106373055308473, 0.5051178675071866, 0.5084101201272478, 0.506187931579702, 0.5041946768760681, 0.503409721103369, 0.49925436985258964, 0.501594193425833, 0.49872005277988957, 0.4991272506760616, 0.49666383161264305, 0.49550342968865935, 0.49660999167199227, 0.4938443384918512, 0.4940958665866478, 0.49317561878877525, 0.49309854238641027, 0.48936371768222137, 0.48591742387004927, 0.4837574053044413, 0.4880428939473395, 0.48654112804169747, 0.4837579177875145, 0.48472243079952165, 0.4795522216488333, 0.4816915492216746, 0.4783562865911746, 0.4758271610035616, 0.47693658108804743, 0.4762799360004126, 0.4755641093441084, 0.47760925748768973, 0.4728415240259731, 0.47111064254068863, 0.4645610884124157, 0.46975260038001865, 0.4695874984357871, 0.4686764472839879, 0.46833418455778386, 0.46715086815403956, 0.46680639947161956, 0.462739043376025, 0.4593484144584805, 0.4601605815045974, 0.4596318269477171, 0.45746126595665426, 0.4525748543879565, 0.45793028029741023, 0.4577161284054027, 0.4557234621515461, 0.45452511602757023, 0.45233690972421686, 0.4483335018157959, 0.4472828022405213, 0.4504330695844164, 0.4482332760212468, 0.4488894045352936, 0.4463302095731099, 0.44266264695747226, 0.44460126932929545, 0.44196614564633835, 0.44886039811022144, 0.440487744177089, 0.4365061866302116, 0.4379880025106318, 0.43797960000879627, 0.4414559474178389, 0.4353684414835537, 0.433478527209338, 0.4344644669224234, 0.43499572545874354, 0.431044843266992, 0.42721525126812504, 0.4319184831544465, 0.4266459135448231, 0.43019548876612795, 0.42980124728352415, 0.42675624992333205, 0.4310510725367303, 0.4268284352386699, 0.42283570532705267, 0.42210962258133233, 0.4210639035000521, 0.4202316683881423, 0.4199247897840014, 0.4194691625295901, 0.41701727813365413, 0.415973177727531, 0.4165673746782191, 0.4146944325344235, 0.4142093296144523, 0.4138354992165285, 0.4153732885332668, 0.4141463836034139, 0.4100818902838464, 0.4112878786582573, 0.4127940570606905, 0.40733394318935917, 0.4091232898188572, 0.40658552097339257, 0.40526846810883166, 0.4048543619174583, 0.40413585831137266, 0.40580539317692027, 0.4032192954830095, 0.4032306980852987, 0.40206266735114304, 0.4047629231331395, 0.39905088847758724, 0.3994300862153371, 0.4011283826594259, 0.39898284568506126, 0.3998170857336007, 0.3926866253217061, 0.3911687918737823, 0.39400848687863815, 0.39610350891655566, 0.3946978169329026, 0.39233555162654205, 0.3928861232364879, 0.38879556340329785, 0.39033009024227366, 0.3896145586873971, 0.38720064887813493, 0.3851658941483965, 0.38562952244983, 0.3832605609706804, 0.3793620683398901, 0.37840331243533715, 0.38170642770972907, 0.38078590000376983, 0.3788860878523658, 0.38040192980392307, 0.3797713798635146, 0.3773217727156246, 0.37767456092086493, 0.37413958299393746, 0.37790338198343915, 0.37185795868144317, 0.37916914271373375, 0.3771853785888821, 0.36793871194708583, 0.37851079538756727, 0.3749396456222908, 0.3765415508373111, 0.3682799426948323, 0.36952493529693753, 0.3684314664672403, 0.36877896388371784, 0.37036917373245837, 0.3688745475282856, 0.36300597120733824, 0.3648237749642017, 0.3663991181289448, 0.3637153050478767, 0.3621761886512532, 0.36490752767114076, 0.3553424781444026, 0.36481738558002547, 0.3644696871439616, 0.3645049158264609, 0.3595964259961072, 0.3626888376824996, 0.3593178233679603, 0.3589220017779107, 0.36061892322465483, 0.35935232861369265, 0.35938160209094777, 0.35694025778302957, 0.35417241442437264, 0.3554876359070049, 0.35539214166940425, 0.3545995044941996, 0.3557214234389511, 0.3517554484161676, 0.3485518711454728, 0.3486108446822447, 0.35210955902641894, 0.34698496495976167, 0.3488482838752223, 0.35078954404475643, 0.34789349869185804, 0.34657109192773405, 0.3440710972337162, 0.34492088766659007, 0.34415692324731867, 0.3406008505353741, 0.3410211748936597, 0.34752411234612557, 0.3389076648973951, 0.3453789861763225, 0.34207575578315585, 0.33817628493496016, 0.3397773615285462, 0.3408583256543851, 0.33885899244570267, 0.33400525590952707, 0.3394186823975806, 0.3433920197627124, 0.3379974306798449, 0.33294419272273196, 0.33980733565255705, 0.33943266143985823, 0.3362138382360047, 0.33461735120006636, 0.33500583382213817, 0.3315490829009636, 0.32928359976001814, 0.33502208251579135, 0.33052611000397625, 0.3341638504290113, 0.32988979594380247, 0.3322177418306762, 0.32640953332770106, 0.32396043340365094, 0.3300505812261619, 0.3279956538303226, 0.33006177345911664, 0.3226144378091775, 0.3253507088212406, 0.3245358543068755, 0.32702138844658346, 0.3283866573782528, 0.32164278275826397, 0.3237947108698826, 0.3258380942484912, 0.3211725149668899, 0.31500738274817375, 0.324396820044985, 0.31876810333308053, 0.32606298315758797, 0.3270303285589405, 0.32225580542695287, 0.31730115822717253, 0.31518735838871376, 0.3222550416693968, 0.31720108115205575, 0.3213780095764235, 0.3169751091330659, 0.3137928563005784, 0.31463367798749137, 0.321785348887537, 0.314152027462043, 0.3099740498206195, 0.31187134630539837, 0.31511494400454504, 0.3115311609763725, 0.3120615470643137, 0.30931393130152834, 0.30808913473989447, 0.31270674922887015, 0.31157054971246156, 0.3098391335384518, 0.30921733087184383, 0.31286846247373845, 0.3104294474218406, 0.3061938017022376, 0.3077323804883396, 0.3069420135488697, 0.30896278222401935, 0.31063126933340934, 0.30952999054216873, 0.3058928648630778, 0.3126334787583819, 0.30417540494133444, 0.3054787557499081, 0.3063177308615516, 0.3012314900463703, 0.30392079084527257, 0.3006899012070076, 0.30573032591857163, 0.30631497677634745, 0.30085379995551764, 0.30096559372602727, 0.30661162909339457, 0.30364055084247216, 0.3048439867356244, 0.2987748215011522, 0.30038269419296115, 0.3008861670307085, 0.29971614655326395, 0.29978303231445014, 0.30086250164929557, 0.29605188147694456, 0.2938326614744523, 0.29672471740666556, 0.30036259515612734, 0.29379723206454633, 0.29556409926975474, 0.2937917937250698, 0.29094621188500347, 0.2965648402186001, 0.2894783677423702, 0.2876056508690703, 0.29010144518870934, 0.2945982790460773, 0.29224201452498344, 0.28880150820694717, 0.29589439811659796, 0.29921529456680895, 0.29070895296685834, 0.29109053284514186, 0.29168394207954407, 0.28994159692642735, 0.2862154333030476, 0.2928511307520025, 0.2897554349665548, 0.29055896898110706, 0.28766609290066886, 0.2871437630817002, 0.28236165671956304, 0.29421551788554473, 0.2833704293942919, 0.2876403092169294, 0.287812651664603, 0.2837087947363947, 0.2885257771202162, 0.29068897284713446, 0.28430599003445867, 0.29046354136046243, 0.28605954787310434, 0.2804657825652291, 0.2858228180922714, 0.2814856449178621, 0.2796972189463821, 0.2859438584715712]
Validation Losses: [0.6927935022574204, 0.6923941236275893, 0.6946587745959942, 0.6940723841006939, 0.6944391635748056, 0.6926761728066665, 0.6930573215851417, 0.6934467829190768, 0.693185411966764, 0.6937667544071491, 0.6931119423646194, 0.6928524650060214, 0.6924272225453303, 0.6926234089411222, 0.6929057102936965, 0.6926625416829035, 0.6925907180859492, 0.6924903622040381, 0.6932452091803918, 0.6930127648206857, 0.6925158913318927, 0.6926479889796331, 0.6924304411961482, 0.6927258968353271, 0.6922472211030813, 0.6923757837368891, 0.69261378966845, 0.6927117567795974, 0.6923896624491765, 0.6923155188560486, 0.6920762933217562, 0.6927660887057965, 0.6921112124736493, 0.6920527678269607, 0.6922928599210886, 0.6917819655858554, 0.6921873000951914, 0.6920808920493493, 0.6919348423297589, 0.692234048476586, 0.691988312281095, 0.6917035075334402, 0.6916222388927753, 0.6919998709972088, 0.6919056727336004, 0.6915222864884597, 0.6914762350229117, 0.6915260415810806, 0.6916838104908283, 0.6916783497883723, 0.6916008087304922, 0.6916792759528527, 0.6916285524001489, 0.6915112275343674, 0.6914768173144414, 0.6911421830837543, 0.6913499923852774, 0.6908331284156213, 0.691178193459144, 0.6908778043893667, 0.6911662817001343, 0.691212154351748, 0.6914018575961773, 0.6912082617099469, 0.6909025953366206, 0.6914319304319528, 0.6907872144992535, 0.6908701337300814, 0.6909735752986028, 0.6907328550632184, 0.6906490830274729, 0.6900935998329749, 0.6908131791995122, 0.6909610033035278, 0.6905063207332904, 0.6910010667947623, 0.6905741645739629, 0.6904221864847037, 0.6904000043869019, 0.6905441834376409, 0.6899740191606375, 0.6902334690093994, 0.6904905575972337, 0.6898141182385958, 0.690207683123075, 0.6902269400083102, 0.6896705168944138, 0.6897572095577533, 0.6897295805124136, 0.6896696136547968, 0.6894104618292588, 0.6895365852576035, 0.6896858215332031, 0.6891782467181866, 0.689259396149562, 0.6897241794146024, 0.6896215081214905, 0.6887426330493047, 0.6889558434486389, 0.6892375579247108, 0.6887261546575106, 0.688716865502871, 0.6887218356132507, 0.6886209983092088, 0.6886388338529147, 0.6883760278041546, 0.6881779890794021, 0.6882498356012198, 0.6882222982553335, 0.6883404759260324, 0.687419267801138, 0.6880089594767644, 0.6876567739706773, 0.6869812240967383, 0.686647158402663, 0.6878123558484591, 0.6870145018284137, 0.6864749789237976, 0.6863780755263108, 0.686790828521435, 0.6863684700085566, 0.686618332679455, 0.6863306944186871, 0.6863902898935171, 0.6857571051670954, 0.6863229733247024, 0.6861431277715243, 0.6853804221520057, 0.6867045439206637, 0.6859413477090689, 0.6856712790635916, 0.6851929517892691, 0.6848743191132178, 0.6851399495051458, 0.6844351979402395, 0.6855593002759494, 0.6846708701207087, 0.6843534249525803, 0.6849326353806716, 0.6843233062670782, 0.6841541391152602, 0.6843422513741714, 0.6832570754564725, 0.6835305782464834, 0.6835170892568735, 0.6828144330244797, 0.683027785557967, 0.6837290158638587, 0.6832981751515315, 0.6814670012547419, 0.6821469343625582, 0.6812173632475046, 0.6817586651215186, 0.6820508654300983, 0.6813158071958102, 0.6811177180363581, 0.6813154724928049, 0.6806281805038452, 0.6809864869484534, 0.6802606353392968, 0.6806881702863253, 0.6797253122696509, 0.6803226883594806, 0.6802928080925574, 0.6795860574795649, 0.6786080736380357, 0.679195605791532, 0.6779574660154489, 0.678403024490063, 0.6786432999830979, 0.6788635024657617, 0.6778899798026452, 0.6768981585135827, 0.6765443224173325, 0.6771999689248892, 0.6740290201627291, 0.6760735832727872, 0.6767766154729403, 0.6739296042002164, 0.6746993569227365, 0.674380362033844, 0.6741795952503498, 0.673864117035499, 0.6723285775918227, 0.672565561074477, 0.674417284818796, 0.6717604261178237, 0.6716660352853628, 0.6732690930366516, 0.670908130132235, 0.6709158741510831, 0.6696662811132578, 0.6712827957593478, 0.6684952561671917, 0.6693188089590806, 0.6668084676449115, 0.6666337114114028, 0.6672012851788447, 0.6665409482442416, 0.664749420606173, 0.6670184227136465, 0.6664894314912649, 0.6678512188104483, 0.6668906945448655, 0.6653218498596778, 0.6633182076307443, 0.6628752855154184, 0.6664351637546833, 0.6649790727175199, 0.661959354694073, 0.6608764575077937, 0.6630793167994573, 0.6626017047808721, 0.6618746060591477, 0.6590136564694918, 0.6587670170343839, 0.6561682499372042, 0.6562873858671922, 0.6553122630486121, 0.655386860554035, 0.651970005952395, 0.6525381024067218, 0.6556995465205266, 0.6499237234775836, 0.6527850536199716, 0.6491634066288288, 0.6476402649512658, 0.6449215320440439, 0.6450985624239995, 0.644877667610462, 0.6432144091679499, 0.6427459625097421, 0.6429843214841989, 0.6417630589925326, 0.6412282127600449, 0.6411460638046265, 0.6359349810160123, 0.6355872245935293, 0.637107097185575, 0.632984289756188, 0.6327399336374723, 0.633396171606504, 0.6267159168536847, 0.6280074944862952, 0.6286596976793729, 0.6236304044723511, 0.6260395050048828, 0.6199392584654001, 0.6175469985375037, 0.6180276870727539, 0.6176461623265193, 0.6159021991949815, 0.6169110169777503, 0.6145295546605036, 0.6138024055040799, 0.6130274350826557, 0.6124018063912025, 0.6104270769999578, 0.6037655197657071, 0.603462489751669, 0.6051416534643906, 0.6059884245579059, 0.6019151210784912, 0.6029330125221839, 0.5978243167583759, 0.600484875532297, 0.5931019141123846, 0.5988955360192519, 0.5937906091029828, 0.5964324474334717, 0.5939791340094346, 0.5887740758749155, 0.5966769823661218, 0.5817141349499042, 0.5873721150251535, 0.5839420373623188, 0.586574531518496, 0.5827062221673819, 0.5831325971163236, 0.5808621690823481, 0.5807518592247596, 0.5750779142746558, 0.5778178756053631, 0.5759291419616113, 0.5824015415631808, 0.5707465868729812, 0.5654485546625577, 0.5751292292888348, 0.560630413202139, 0.5719670424094567, 0.5661720129159781, 0.5623187927099375, 0.5652139691206125, 0.5638419848221999, 0.560078387077038, 0.5590677582300626, 0.562025941335238, 0.5613048260028546, 0.5594027179938096, 0.5658671259880066, 0.5541685131879953, 0.5579807758331299, 0.5509981558873103, 0.5468083299123324, 0.5525742815091059, 0.5502397738970243, 0.5448739391106826, 0.5552442165521475, 0.5541823919002826, 0.550249709532811, 0.5495334680263813, 0.5433882566598746, 0.544218375132634, 0.5417226919761071, 0.5428681052648104, 0.533548313837785, 0.5405287650915293, 0.5396817051447355, 0.5353728945438678, 0.5319731006255517, 0.5341825210131131, 0.5312513433969938, 0.5342013514958895, 0.5307398621852581, 0.5360383024582496, 0.5269366502761841, 0.5324468543896308, 0.5236475742780246, 0.5288608395136319, 0.5170689385670882, 0.5260828687594488, 0.5231160108859723, 0.522048111145313, 0.5315862206312326, 0.5171331602793473, 0.5220638696963971, 0.5165355297235342, 0.5169654626112717, 0.5209711881784292, 0.5165184598702651, 0.514769957615779, 0.5213853029104379, 0.5218494901290307, 0.5201241053067721, 0.5074962308773627, 0.5082611579161423, 0.5112644342275766, 0.5043270863019503, 0.5045697207634265, 0.5066053936114678, 0.5073971358629373, 0.514156699180603, 0.49488264322280884, 0.5087711879840264, 0.49114179152708787, 0.5027711849946243, 0.5046942646686847, 0.5066827008357415, 0.49169590839972865, 0.4968390602331895, 0.4930523152534778, 0.49715691804885864, 0.49159785875907314, 0.48908608234845674, 0.4862120770491086, 0.49636353896214414, 0.4940516696526454, 0.47958366916729855, 0.4957631344978626, 0.4951628354879526, 0.4877308882199801, 0.4984165017421429, 0.4895679698540614, 0.49094480046859157, 0.48899855751257676, 0.48215424097501314, 0.4908704849389883, 0.4790181609300467, 0.487965647990887, 0.48958898736880374, 0.4887173382135538, 0.47691468779857343, 0.48359638223281276, 0.4873840052347917, 0.4834966705395625, 0.475872461612408, 0.4900846527172969, 0.4753682086100945, 0.47633915222608125, 0.4735913941493401, 0.47526742861821103, 0.47406328870699954, 0.4733634040905879, 0.4769993837063129, 0.4813858178945688, 0.47773713102707493, 0.46529362293390125, 0.46750546189454883, 0.46963005111767697, 0.461075470997737, 0.4703562580622159, 0.46145853170981777, 0.46158533371411836, 0.47668275466332066, 0.45815306214185864, 0.47259685626396764, 0.4582802194815416, 0.4700664763267224, 0.47212520700234634, 0.4759215208200308, 0.4681526949772468, 0.46960785526495713, 0.45985822723462033, 0.45731643300790054, 0.4629508646634909, 0.4628514028512515, 0.4603256033017085, 0.46322288650732774, 0.45996656784644496, 0.4503394113137172, 0.44203566358639645, 0.4518895745277405, 0.45920650546367353, 0.4687277193252857, 0.4593914861862476, 0.44749125609031093, 0.4425604045391083, 0.4500942803346194, 0.44853402101076567, 0.45536332864027756, 0.44751092333060044, 0.45140116719099194, 0.4473754373880533, 0.44978963411771333, 0.44707388832018924, 0.44631545131023115, 0.4491608417951144, 0.43793639082175034, 0.4472901706512158, 0.44619022653653073, 0.4459768052284534, 0.44229165407327503, 0.450591511451281, 0.44629467679904056, 0.4470881246603452, 0.4489884009728065, 0.4405133838836963, 0.4517598014611464, 0.44188796556912935, 0.4334334066280952, 0.4391691295000223, 0.43978355251825774, 0.449200669160256, 0.4499376668379857, 0.4465279716711778, 0.44582766523728, 0.4418268868556389, 0.4464353987803826, 0.43717745404977065, 0.4357114892739516, 0.44014972906846267, 0.4303808074731093, 0.428778547507066, 0.44023653177114636, 0.4446042569784018, 0.4498561597787417, 0.4405785638552446, 0.44576722154250514, 0.4255227859203632, 0.4340930626942561, 0.4232141650640048, 0.43950629922059864, 0.445260804433089, 0.4547359095169948, 0.43187755117049587, 0.43772974381080043, 0.4371163363640125, 0.43565941544679493, 0.4265581942521609, 0.4395347581459926, 0.433997773207151, 0.43432706823715794, 0.4395962907717778, 0.4200673493055197, 0.4310025779100565, 0.4308881897192735, 0.43187039632063645, 0.43500863588773286, 0.43130699029335606, 0.42484032878508937, 0.42324440525128293, 0.4347021442193251, 0.4330575718329503, 0.42636107481442964, 0.4327295216230246, 0.41929927697548497, 0.4310188385156485, 0.41730974270747256, 0.4174532156724196, 0.41970470547676086, 0.4247615658319913, 0.4327307205933791, 0.42966321110725403, 0.4249236973432394, 0.4293559422859779, 0.43044084769028884, 0.41357141733169556, 0.43091780635026783, 0.4291884165543776, 0.41594381745045, 0.4222797934825604, 0.4511422491990603, 0.41829906747891354, 0.4175772277208475, 0.41960434042490447, 0.4205365708241096, 0.4213649653471433, 0.43555288360669064, 0.42556557059288025, 0.4095960030188927, 0.41509445584737337, 0.45164546141257655, 0.4191230535507202, 0.43097637249873233, 0.4219562319608835, 0.42055994042983424, 0.42717206936616164, 0.41809393580143267, 0.4244291048783522, 0.4359811498568608, 0.41997597309259266, 0.4085290775849269, 0.41953803255007815, 0.42339112208439755, 0.41664822514240557, 0.4206767173913809, 0.4181790833289807, 0.4204995265373817, 0.41209078752077544, 0.4147419883654668, 0.42337286472320557, 0.4177582745368664, 0.42506516209015477, 0.42466585223491377, 0.42218098732141346, 0.396563110443262, 0.40718210201997024, 0.41789891857367295, 0.3941016747401311, 0.41592201590538025, 0.407111440713589, 0.4114055885718419, 0.418525897539579, 0.4048072053835942, 0.4324976389224713, 0.42698970666298497, 0.41916196850629955, 0.41548991203308105, 0.4356086322894463, 0.4254564459507282, 0.42485567239614636, 0.4064944707430326, 0.4072619814139146, 0.42681464552879333, 0.4046518321220691, 0.4157927701106438, 0.40440037846565247, 0.4194849683688237, 0.42335089353414684, 0.4134777876046988, 0.40397114707873416, 0.3998488164865054, 0.4173017419301547, 0.41222105805690473, 0.4149006994870993, 0.41313454508781433, 0.41466967876140887, 0.4095515471238356, 0.4108343216089102, 0.4271445411902208, 0.4121032655239105, 0.4007507677261646, 0.4126394849557143, 0.41305449375739467, 0.4143437078365913, 0.4224970890925481, 0.42153523289240324, 0.4100259221517123, 0.4265889892211327, 0.40425127973923314, 0.4116304654341478, 0.41663747567396897, 0.4235122066277724, 0.4105648902746347, 0.4169250772549556, 0.42398595122190624, 0.42898391301815325, 0.42764605237887454, 0.4182705260240115, 0.4036242686785184, 0.39694417210725635, 0.4165222163383777, 0.41635030737290013, 0.4040583119942592, 0.4348015303795154, 0.4332749064152057, 0.4123477110495934, 0.4164928885606619, 0.432063843195255, 0.4275159056370075, 0.4240206961448376, 0.4122406748624948, 0.41215391800953793, 0.4288158921095041, 0.4160827627548805, 0.4265429790203388, 0.41519111624130833, 0.4282783269882202, 0.43933244851919323, 0.42235942070300764, 0.424042284488678, 0.4123697097484882, 0.42933526864418614, 0.4222313463687897, 0.4049220520716447, 0.4067097512575296, 0.4214543837767381, 0.4134550415552579, 0.4179500456039722, 0.42862247732969433, 0.4225998864724086, 0.4246017153446491, 0.4250412904299222, 0.4041292117192195, 0.42312458616036636, 0.4133270337031438, 0.41236658279712385, 0.41127824095579296, 0.41007650127777684, 0.40841923768703753, 0.41799561564738935, 0.40880794479296756, 0.41224279082738435, 0.41748616099357605, 0.41572943788308364, 0.41153971965496355, 0.4170754872835599, 0.41699889531502354, 0.4111130122955029]
