Enhancer: E24A3
Label: mm_v_all
Padding: True
Batch Size: 256
Learning Rate: 2e-06
Epochs: 1000
Subset: 1.0 (number of training samples: 6496)
Weight Decay: 0.01
Optimizer: adam
Coverage: 3
Jiggle: 3
Confusion Matrix: [[0.7586734693877552, 0.2413265306122449], [0.5571428571428572, 0.44285714285714284]]
Unnormalized Confusion Matrix: [[1487, 473], [39, 31]]
Number of Epochs: 519
Train Losses: [0.6939091453185449, 0.6934741001862746, 0.693711532996251, 0.6934907803168664, 0.6930177601484152, 0.6931247046360602, 0.6926948382304265, 0.6923589706420898, 0.6927059820065131, 0.6920502919417161, 0.6925493730948522, 0.6923134968830988, 0.6918355524539948, 0.6915712952613831, 0.6914169857135186, 0.6911320663415469, 0.6916436782250037, 0.6911531984806061, 0.6911107851908758, 0.6912397283774155, 0.6910938918590546, 0.6904844022714175, 0.6901383904310373, 0.6900822061758775, 0.6901292686279004, 0.6903294691672692, 0.6897667577633491, 0.6895971458691817, 0.6896923780441284, 0.6897035218202151, 0.6892090439796448, 0.6896266639232635, 0.6888424341495221, 0.6885634889969459, 0.6884672412505517, 0.6880371891535245, 0.6879595884909997, 0.6887220144271851, 0.6883166019733136, 0.6876569665395297, 0.6875681441563827, 0.687958511022421, 0.6877221717284276, 0.6873170550052936, 0.6872333540366247, 0.6869038320504702, 0.6862529470370367, 0.6864108305711013, 0.6860758570524362, 0.6856464583140153, 0.6852837113233713, 0.6862524037177746, 0.6862841088038224, 0.685024245427205, 0.685395394380276, 0.6857947982274569, 0.6856064658898574, 0.6839107871055603, 0.6842895425282992, 0.6841513950091141, 0.684753064925854, 0.6836583224626688, 0.6837150156497955, 0.683510768872041, 0.6831914851298699, 0.6833371290793786, 0.6830820647569803, 0.6816297838321099, 0.6823263030785781, 0.6812039178151351, 0.6823625220702245, 0.6824646362891564, 0.6803384125232697, 0.6811881569715647, 0.6803337335586548, 0.681327957373399, 0.6811567911734948, 0.6805390027853159, 0.6797507267731887, 0.6793043796832745, 0.6805388927459717, 0.6778333897774036, 0.6792473701330332, 0.6795758261130407, 0.678771550838764, 0.6788234527294452, 0.6780908726728879, 0.6771324299848996, 0.6785966341312115, 0.6775265955007993, 0.6764113903045654, 0.6772568065386552, 0.6760013011785654, 0.6777669328909653, 0.6774009603720444, 0.6750501073323764, 0.6765420230535361, 0.6757293870815864, 0.6749659593288715, 0.6768897313338059, 0.6754324046465067, 0.6725728465960576, 0.6757896886422083, 0.6755774594270266, 0.6742358666199905, 0.6746282325341151, 0.6732608286234049, 0.671055250442945, 0.6739032933345208, 0.6757249236106873, 0.6724560329547296, 0.6739479922331296, 0.6715873273519369, 0.6711953076032492, 0.6724463288600628, 0.6722765656617972, 0.6717135447722214, 0.6697969757593595, 0.6712898932970487, 0.6707514593234429, 0.6738589062140539, 0.6686932146549225, 0.6689189213972825, 0.6699692904949188, 0.6669410971494821, 0.6685124521072094, 0.6697452549750988, 0.6675152090879587, 0.6686829190987807, 0.6697393976725065, 0.6659848437859461, 0.6676252232148097, 0.663583212173902, 0.6652461725931901, 0.6670874884495368, 0.6659054710314825, 0.6651335519093734, 0.664863680417721, 0.667470572086481, 0.6650642523398766, 0.6671648461085099, 0.6636638457958515, 0.6647733449935913, 0.6682557142697848, 0.6647353034753066, 0.666846690269617, 0.6668342833335583, 0.6667357087135315, 0.6634770952738248, 0.6654081757252033, 0.6651419332394233, 0.6631025282236246, 0.6619511865652524, 0.6618666350841522, 0.664869480408155, 0.6655861620719616, 0.6618984089447901, 0.6629774662164541, 0.6664755871662726, 0.665681751874777, 0.6642113534303812, 0.6621913657738612, 0.663285649739779, 0.6576687968694247, 0.6667326344893529, 0.6633957532735971, 0.6630689410062937, 0.6607962548732758, 0.6642029239581182, 0.6623064783903269, 0.6615755259990692, 0.6608506486966059, 0.6586924378688519, 0.6620415174044095, 0.658288604938067, 0.6595735527001895, 0.6596867075333228, 0.6636496186256409, 0.6591975115812742, 0.6595381658810836, 0.6550544064778548, 0.6590169347249545, 0.6606845053342673, 0.6605083919488467, 0.6590538643873655, 0.6617137973125164, 0.6597687579118289, 0.6586631559408628, 0.6553511711267325, 0.6610046372963831, 0.6583727231392493, 0.6579531729221344, 0.6601531024162586, 0.6592737986491277, 0.6601987710365882, 0.6621188819408417, 0.6554450140549586, 0.6595878601074219, 0.6553933574603155, 0.6594207699482257, 0.6601902819596804, 0.6538929732946249, 0.6556484217827137, 0.658724633546976, 0.6603087393137125, 0.6600841627671168, 0.6529909578653482, 0.6537093153366675, 0.656745413174996, 0.6523419114259573, 0.6603033290459559, 0.6578880319228539, 0.6577417323222527, 0.6564790423099811, 0.6582837723768674, 0.6556265789728898, 0.6518213886481065, 0.6572298590953534, 0.6545113370968745, 0.6533836951622596, 0.6529664351389959, 0.6518010405393747, 0.6513378849396338, 0.6561389473768381, 0.6526621786447672, 0.6554556030493516, 0.6519090739580301, 0.6513669124016395, 0.6527676444787246, 0.6583289435276618, 0.6495717259553763, 0.6543723000929906, 0.6475524283372439, 0.6503345255668347, 0.6554387234724485, 0.6523432915027325, 0.6518875245864575, 0.6593345908018259, 0.6508509356241959, 0.6506228882532853, 0.6525416786854084, 0.6480951882325686, 0.6535207422880026, 0.6471531505768116, 0.6579518570349767, 0.6492522633992709, 0.6573126476544601, 0.6559173785723172, 0.6441124861056988, 0.6499740320902604, 0.6512364882689256, 0.6475079953670502, 0.6488662155774924, 0.6485456663828629, 0.6499049640618838, 0.6541431614985833, 0.6504765405104711, 0.6489255382464483, 0.6501182455282944, 0.6475099210555737, 0.6483128208380479, 0.6483522309706762, 0.6484227799452268, 0.6483950981727014, 0.6485364872675675, 0.6483267614474664, 0.6437666760041163, 0.6469107820437505, 0.6475495787767264, 0.6433308858137864, 0.6462023120660049, 0.6466034398629115, 0.6506771949621347, 0.6452310979366302, 0.6439848977785844, 0.6481748681802016, 0.6483730559165661, 0.6401842465767493, 0.6461647817721734, 0.644341549048057, 0.6404551473947672, 0.646222146657797, 0.6416463553905487, 0.6433601814966935, 0.645631017593237, 0.6423735091319451, 0.6422562438708085, 0.6399418299014752, 0.6418893589423253, 0.6392249533763299, 0.6420419101531689, 0.6409670458390162, 0.643318405518165, 0.6422099769115448, 0.6414687977387354, 0.6392633846172919, 0.6420944080902979, 0.6397507855525384, 0.6400294212194589, 0.6401951106695029, 0.6421380157654102, 0.6375941634178162, 0.634792848275258, 0.639482897061568, 0.641762919150866, 0.6375871873818911, 0.636032549234537, 0.641957911161276, 0.6355948264782245, 0.6351959659503057, 0.6376610673390902, 0.6377528882943667, 0.6382200695001162, 0.6373077378823206, 0.6351338005982913, 0.6315582394599915, 0.6363507371682388, 0.6415658570252932, 0.635898959178191, 0.6310716431874496, 0.6316044353521787, 0.63275545835495, 0.6359773828433111, 0.6333600328518794, 0.6359602854802058, 0.6303807061452132, 0.630347701219412, 0.6333769055513235, 0.6257918499983274, 0.6258512208094964, 0.6325996609834524, 0.6264974429057195, 0.6282859398768499, 0.6294381526800302, 0.6289648138559781, 0.6326019580547626, 0.6260344615349402, 0.6287182638278375, 0.6315005788436303, 0.6308083763489356, 0.624873026059224, 0.6238578878916227, 0.6222825027429141, 0.6253783886249249, 0.6230931901014768, 0.6254270420624659, 0.6219686659482809, 0.6199802068563608, 0.6221326406185443, 0.6213147846552042, 0.6210026465929471, 0.6227145699354318, 0.6217598777550918, 0.619738173026305, 0.6212981320344485, 0.6210053196320167, 0.6141106257071862, 0.6210487828804896, 0.6156776891304896, 0.6173349894010104, 0.6174349463902987, 0.6160506720726306, 0.6137556250278766, 0.6162658035755157, 0.6155173549285302, 0.615596028474661, 0.6130546583579137, 0.6109411120414734, 0.6163932726933405, 0.6129653522601495, 0.6125425146176264, 0.6098229747552139, 0.6092397364286276, 0.6059720493279971, 0.6093572676181793, 0.6120803264471201, 0.6128157858665173, 0.6096403690484854, 0.6138640871414771, 0.6085830949820005, 0.6086832720499772, 0.6073923913332132, 0.6069564544237577, 0.6028816631207099, 0.6053330325163327, 0.6082683457778051, 0.606830541904156, 0.6086189196659968, 0.6028442703760587, 0.6047608852386475, 0.608439374428529, 0.603832659813074, 0.602121536548321, 0.6012097665896783, 0.6028831394819113, 0.6057506662148696, 0.5980871594869174, 0.6018636639301593, 0.5964986957036532, 0.5952377411035391, 0.6001103199445285, 0.599526815689527, 0.5965375579320468, 0.5933576203309573, 0.5952994250334226, 0.5982537957338186, 0.5959422038151667, 0.6000868334220006, 0.5884239077568054, 0.5940869290095109, 0.5929372562811925, 0.5959339233545157, 0.5964036904848539, 0.5930659816815302, 0.5921953664376185, 0.5932224943087652, 0.5925466624590067, 0.5911360360108889, 0.5896978813868302, 0.5872469819509066, 0.5843921647622035, 0.5908670448339902, 0.5846155400459583, 0.5832608067072355, 0.5810754436712998, 0.5824642479419708, 0.5807428703858302, 0.5840535645301526, 0.5842711008512057, 0.582895597586265, 0.5760612166844882, 0.5815545664383814, 0.5823873029305384, 0.5760834377545577, 0.5726804183079646, 0.5754666259655585, 0.5716783358500555, 0.5820563825277182, 0.5750445540134723, 0.5785473539279058, 0.5740289527636308, 0.5758713231636927, 0.5700670205629789, 0.5710473358631134, 0.5708180092848264, 0.5678364955461942, 0.5644229512948257, 0.5657240381607642, 0.5652749309172997, 0.5628420160366938, 0.5654617318740258, 0.5698693440510676, 0.5620617041221032, 0.5670693012384268, 0.5603033648087428, 0.5642720827689538, 0.5623257435285128, 0.5605552517450773, 0.5574099192252526, 0.5632410622560061, 0.5560945455844586, 0.5563587225400485, 0.5557996103396783, 0.5610989102950463, 0.5531641061489398, 0.5513271941588476, 0.5507086538351499, 0.5518506673666147, 0.5492672530504373, 0.5505486956009498, 0.549185193501986, 0.5472505528193253, 0.5483159468724177, 0.5530460774898529, 0.544470890210225, 0.5473142289198362, 0.5435909124521109, 0.5340764476702764, 0.5399573399470403, 0.5415547811068021, 0.5395112083508418, 0.5375000353042896, 0.5381241555397327, 0.5365590086350074, 0.5349787611227769, 0.5367927230321444, 0.5292396866358243, 0.5360373350290152, 0.5316825623695667, 0.5302405128112206, 0.5323603795124934, 0.5257881662020316, 0.52773740199896, 0.5294806899932715, 0.5256791206506582, 0.5214055547347436, 0.5249998982136066, 0.5217971136936774, 0.5190954552246974, 0.5223669363902166, 0.5173719307551017, 0.5147779434919357, 0.5196423209630526, 0.520859691959161, 0.5139171675993846, 0.514865361727201, 0.5160662348453815, 0.5161405847622798, 0.5111113901321704, 0.5097835717292932, 0.5055790497706487, 0.509064874969996, 0.501372965482565, 0.5092545656057504, 0.502478777216031, 0.5011855696256344, 0.50813116477086, 0.49864942064652074, 0.496872216463089]
Validation Losses: [0.6949168273380825, 0.6918316738946098, 0.6930025049618312, 0.6907638822283063, 0.6916369540350777, 0.6914106096540179, 0.6912032791546413, 0.691587678023747, 0.6900252955300468, 0.6903959086963108, 0.6910120248794556, 0.6898013779095241, 0.6903786148343768, 0.6893845285688128, 0.6895003574235099, 0.6900764618601117, 0.6895749654088702, 0.6889060054506574, 0.68892331634249, 0.689681989806039, 0.6895435452461243, 0.688921366419111, 0.6895190988268171, 0.6898684927395412, 0.6885969298226493, 0.6874832681247166, 0.6885536994252887, 0.6876651815005711, 0.6873677372932434, 0.6874420898301261, 0.6873698575156075, 0.6877296822411674, 0.6860483459063939, 0.6871467743601117, 0.6865234375, 0.6868889246668134, 0.6866275923592704, 0.6857539415359497, 0.6854189208575657, 0.6854363424437386, 0.685847818851471, 0.6830224990844727, 0.6850912230355399, 0.68555634362357, 0.6852641446249825, 0.6859121237482343, 0.6861942069871085, 0.6833331414631435, 0.6840239337512425, 0.6848764930452619, 0.6840269906180245, 0.6845036319323948, 0.6841784034456525, 0.6811423642294747, 0.6815370065825326, 0.6827197330338615, 0.6829828194209507, 0.6822760616030011, 0.68264354126794, 0.6822005254881722, 0.6818052445139203, 0.6791890689304897, 0.6793845891952515, 0.6800510457583836, 0.682628904070173, 0.6817645175116402, 0.6807882870946612, 0.6793647408485413, 0.6772515944072178, 0.6776183928762164, 0.6802380340439933, 0.678987273148128, 0.6761708429881504, 0.6787879381861005, 0.678341099194118, 0.6787140454564776, 0.6787316799163818, 0.6762898990086147, 0.6758911609649658, 0.6744788033621651, 0.6765621815408979, 0.6755779896463666, 0.6745748264448983, 0.6755971823419843, 0.6767181328364781, 0.6738513197217669, 0.6717805777277265, 0.677803499358041, 0.668503327029092, 0.6714468342917306, 0.6733650394848415, 0.6734803574425834, 0.6700632487024579, 0.6712326662881034, 0.6699122701372419, 0.6705242139952523, 0.6699312840189252, 0.6733878169740949, 0.6666674613952637, 0.6709141731262207, 0.6703984907695225, 0.6781275698116848, 0.6671744499887738, 0.6748389175959996, 0.6684286338942391, 0.6642350213868278, 0.6701537030083793, 0.669583226953234, 0.6643824577331543, 0.6709621548652649, 0.6716234513691494, 0.6669365848813739, 0.6672229255948748, 0.665748017174857, 0.6670454485075814, 0.6688673751694816, 0.6677371604101998, 0.6645218304225377, 0.6613209162439618, 0.6675956930433001, 0.6639555862971714, 0.6587700247764587, 0.6617524198123387, 0.6618580988475254, 0.6646618928228106, 0.6637316431318011, 0.666219447340284, 0.6564732193946838, 0.6629261119025094, 0.6631577100072589, 0.6588317922183445, 0.6626892174993243, 0.6640954273087638, 0.6513746465955462, 0.6589741706848145, 0.6634146315710885, 0.6612200736999512, 0.6593279838562012, 0.6551061017172677, 0.6595347693988255, 0.6586935605321612, 0.6568236861910138, 0.6608232344899859, 0.6561172945158822, 0.6516791922705514, 0.654315105506352, 0.6611597623143878, 0.6561166984694344, 0.6550789901188442, 0.6573194350515094, 0.6510129230363029, 0.6557619316237313, 0.6563506637300763, 0.6562544618334089, 0.6606859564781189, 0.656871327332088, 0.6544979981013707, 0.6528588703700474, 0.6543095537594387, 0.659727794783456, 0.6495559215545654, 0.6577629957880292, 0.6638062681470599, 0.6475111075810024, 0.6538570693561009, 0.6525653174945286, 0.6552177837916783, 0.6538393327168056, 0.6562765836715698, 0.6597305025373187, 0.6556498152869088, 0.6561676604407174, 0.6498898608343942, 0.6494608095714024, 0.6453424607004438, 0.6541927286556789, 0.646969062941415, 0.6568269644464765, 0.6478239553315299, 0.653104875768934, 0.6530074051448277, 0.653474680015019, 0.6503633260726929, 0.6569320048604693, 0.6508373107228961, 0.6469169344220843, 0.6541920048849923, 0.6496741005352565, 0.6501048633030483, 0.655349348272596, 0.6553590042250497, 0.6518513560295105, 0.6486676931381226, 0.6460661888122559, 0.649779030254909, 0.6470454250063215, 0.6533092175211225, 0.6496831604412624, 0.6585589817592076, 0.6467122946466718, 0.6593619244439262, 0.6461787053516933, 0.6561692016465324, 0.6557178837912423, 0.6432155541011265, 0.6498855948448181, 0.6515761188098362, 0.6505952903202602, 0.654190651008061, 0.6566372343472072, 0.6443175077438354, 0.6523221731185913, 0.6497507861682347, 0.6523197293281555, 0.6445326209068298, 0.6451754144259861, 0.6482138548578534, 0.6425543938364301, 0.6433072941643851, 0.648729750088283, 0.6447359493800572, 0.6479893241609845, 0.6511434401784625, 0.6437141469546727, 0.6551981398037502, 0.650357825415475, 0.6426189116069249, 0.6463953682354519, 0.6473271676472255, 0.6503402250153678, 0.6454281466347831, 0.6566322616168431, 0.6391072699001857, 0.6397832972662789, 0.6512052501950946, 0.6636797530310494, 0.6478251133646283, 0.6448870386396136, 0.6477857402392796, 0.6450983881950378, 0.6442520788737706, 0.6436973554747445, 0.6496895296233041, 0.655641223703112, 0.6403392979076931, 0.6420433861868722, 0.6468593903950283, 0.6404084137507847, 0.6426027076584953, 0.6479162318365914, 0.6421669295855931, 0.6422913159642901, 0.6504649094172886, 0.6514971767153058, 0.6421863010951451, 0.6552012051854815, 0.639071387904031, 0.6391571419579642, 0.6411903074809483, 0.645418507712228, 0.6446612136704581, 0.6514699544225421, 0.6435867973736354, 0.6450202550206866, 0.6513791680335999, 0.638966943536486, 0.6445820927619934, 0.6404434272221157, 0.6434417877878461, 0.6384360109056745, 0.6398022941180638, 0.637694137437003, 0.6348943199430194, 0.6465251956667218, 0.6446186133793422, 0.640153135572161, 0.6475180472646441, 0.6384831496647426, 0.6371443016188485, 0.6425208279064724, 0.6344085080283028, 0.6461586952209473, 0.6431706292288644, 0.6440961701529366, 0.6414564592497689, 0.6325745241982597, 0.6475928510938372, 0.640724241733551, 0.6460547532354083, 0.6444628153528486, 0.6443124328340802, 0.6492630754198346, 0.6296243156705584, 0.6366768734795707, 0.6467890313693455, 0.6421929938452584, 0.6303633196013314, 0.6348459805761065, 0.6383689982550484, 0.6350382140704564, 0.6296826515878949, 0.6357605457305908, 0.6392171382904053, 0.6328422938074384, 0.6382484436035156, 0.6359368647847857, 0.6464945673942566, 0.6413103001458305, 0.6307433417865208, 0.6376204320362636, 0.6422337634222848, 0.6322519608906337, 0.6386743528502328, 0.6310155391693115, 0.6373462421553475, 0.6326952491487775, 0.6312025019100734, 0.6400219712938581, 0.6250950353486198, 0.6447594591549465, 0.6432786413601467, 0.6400593774659293, 0.6285169124603271, 0.6241331100463867, 0.6331526722226825, 0.6309314881052289, 0.6346337284360614, 0.6351506624902997, 0.639741701739175, 0.6306029047284808, 0.6302890181541443, 0.6288387179374695, 0.6328354392732892, 0.6362307412283761, 0.6309153011866978, 0.6329917396817889, 0.6364077755383083, 0.6289211085864476, 0.6291836074420384, 0.6283385838781085, 0.6313499127115522, 0.6307332856314523, 0.633044251373836, 0.6305341294833592, 0.6334897705486843, 0.6291110941341945, 0.638270011969975, 0.6352409550121852, 0.6234891925539289, 0.6383429254804339, 0.6234130774225507, 0.6276288628578186, 0.6255734307425362, 0.616725674697331, 0.6291063172476632, 0.6213062150137765, 0.6284034848213196, 0.6299968106406075, 0.6206513217517308, 0.6300657391548157, 0.6115124310765948, 0.624329652105059, 0.6238663792610168, 0.6284380044255938, 0.6264803835323879, 0.6227553912571498, 0.6312308737209865, 0.6129842485700335, 0.6116533023970467, 0.6248968158449445, 0.6206383534840175, 0.607096152646201, 0.6203345400946481, 0.6259726711681911, 0.6288503919328962, 0.6343433346067157, 0.6208036712237767, 0.6240307518414089, 0.6126911895615714, 0.6176720517022269, 0.6291165777615139, 0.6168608920914787, 0.6164456861359733, 0.6264785272734505, 0.6248372112001691, 0.6119328737258911, 0.6147206170218331, 0.6195605056626456, 0.6206397414207458, 0.6222338506153652, 0.6154869028500148, 0.6149783134460449, 0.6241768939154488, 0.6198713864598956, 0.6249387860298157, 0.6142953293664115, 0.6193243861198425, 0.621120810508728, 0.6145739299910409, 0.6279497572353908, 0.6055751528058734, 0.6163082122802734, 0.619454392365047, 0.6198979190417698, 0.612977751663753, 0.6134871244430542, 0.6068128943443298, 0.6079237716538566, 0.6253374644688198, 0.6093135135514396, 0.618963863168444, 0.61267979655947, 0.6217665927750724, 0.6185815249170575, 0.6063105378832135, 0.6168509892054966, 0.6317562120301383, 0.6162855114255633, 0.6017227258001056, 0.6183558447020394, 0.6254291875021798, 0.6165519782475063, 0.6177158440862384, 0.6136342797960553, 0.609718382358551, 0.6116880178451538, 0.6123936772346497, 0.6251860090664455, 0.6168990220342364, 0.6105058704103742, 0.6302211369786944, 0.6140578644616264, 0.621208906173706, 0.6182038273130145, 0.6262598037719727, 0.6183538862637111, 0.6211219685418266, 0.6227632420403617, 0.6109853727476937, 0.6132296579224723, 0.6094844767025539, 0.6165888564927238, 0.6257460968835014, 0.6194822277341571, 0.6081322601863316, 0.6121166603905814, 0.6167870163917542, 0.6141469138009208, 0.6079112206186567, 0.6238820978573391, 0.6130944575582232, 0.6099606326648167, 0.6213370817048209, 0.6282898357936314, 0.6188680274145943, 0.6242937019893101, 0.6165736487933567, 0.6220662849290031, 0.6251964739390782, 0.6180896759033203, 0.6185502665383475, 0.6240488716534206, 0.6157689690589905, 0.6093716365950448, 0.6171348861285618, 0.6259556327547345, 0.628368215901511, 0.6284392135483878, 0.6171501108578273, 0.6241042699132647, 0.6261977212769645, 0.6218983275549752, 0.6240639942032951, 0.6215197188513619, 0.6198346614837646, 0.6254587939807347, 0.621752415384565, 0.6304837465286255, 0.622800179890224, 0.6207759124892098, 0.6210914594786507, 0.6279115336281913, 0.623077392578125, 0.6337520480155945, 0.6220424260411944, 0.6282959069524493, 0.634264418057033, 0.6263158747128078, 0.6291489686284747, 0.622066685131618, 0.629881135054997, 0.6170243535723005, 0.6286695599555969, 0.6288712705884661, 0.6239964876856122, 0.6225836106709072, 0.6290382487433297, 0.6280781371252877, 0.6318702527454921, 0.6182325737816947, 0.6283603225435529, 0.6221880742481777, 0.6228103467396328, 0.6150645783969334, 0.6290581481797355, 0.6265275478363037, 0.6301825046539307, 0.6305755972862244, 0.6255254234586444, 0.633263851915087, 0.6343171511377607, 0.6301379203796387, 0.6291194898741586, 0.62661212682724, 0.632010315145765, 0.6309599706104824, 0.6353216852460589, 0.6286175676754543, 0.6363547018596104]
