Enhancer: E22P3B3R2
Label: mm_v_all
Padding: True
Batch Size: 256
Learning Rate: 2e-06
Epochs: 1000
Subset: 1.0 (number of training samples: 875)
Weight Decay: 0.01
Optimizer: adam
Coverage: 3
Jiggle: 3
Confusion Matrix: [[1.0, 0.0], [1.0, 0.0]]
Unnormalized Confusion Matrix: [[266, 0], [14, 0]]
Number of Epochs: 155
Train Losses: [0.700349822640419, 0.6985155045986176, 0.6994877010583878, 0.6943793296813965, 0.6998142302036285, 0.6949124783277512, 0.6952610611915588, 0.6909991651773453, 0.6974712610244751, 0.6971651911735535, 0.6968832463026047, 0.695864662528038, 0.6988626718521118, 0.6935523003339767, 0.6950690001249313, 0.6945785284042358, 0.7038922756910324, 0.6931999772787094, 0.6953478157520294, 0.6949913948774338, 0.6920672357082367, 0.6958338171243668, 0.6968472301959991, 0.6960834413766861, 0.6964994072914124, 0.6948253512382507, 0.6961448192596436, 0.6966908127069473, 0.6936900764703751, 0.6916429400444031, 0.6925013214349747, 0.6928293704986572, 0.6955462247133255, 0.6946182996034622, 0.6918617486953735, 0.6965333074331284, 0.6922247409820557, 0.697164848446846, 0.6938905864953995, 0.6923958957195282, 0.6948360204696655, 0.6954821944236755, 0.693882018327713, 0.6936497837305069, 0.6927718818187714, 0.6947584003210068, 0.6947929412126541, 0.6948830336332321, 0.6937956660985947, 0.6945588439702988, 0.6938127279281616, 0.693103551864624, 0.6931528002023697, 0.694260910153389, 0.6940406560897827, 0.6941614151000977, 0.6915057748556137, 0.6926249414682388, 0.6923084855079651, 0.6951289027929306, 0.6944966465234756, 0.6913647800683975, 0.6954607963562012, 0.6986420005559921, 0.6952743977308273, 0.69394950568676, 0.6917428225278854, 0.693843737244606, 0.699188157916069, 0.6938100755214691, 0.6939467489719391, 0.6932302415370941, 0.6918618381023407, 0.6944551169872284, 0.6979633271694183, 0.6921865195035934, 0.6921380460262299, 0.6931252181529999, 0.6938634365797043, 0.6921654343605042, 0.695023313164711, 0.691094845533371, 0.6953395307064056, 0.6950936168432236, 0.6933470219373703, 0.6921841204166412, 0.694626197218895, 0.6953209787607193, 0.6963588744401932, 0.6921182125806808, 0.6935456097126007, 0.6913919597864151, 0.694128081202507, 0.6927775740623474, 0.6942345798015594, 0.6905257850885391, 0.6905094236135483, 0.6932567805051804, 0.6938164979219437, 0.6925008893013, 0.692522332072258, 0.6924737095832825, 0.691692665219307, 0.6903664916753769, 0.6929488778114319, 0.6916471868753433, 0.6912452131509781, 0.6925442516803741, 0.6931507438421249, 0.6907671689987183, 0.6927496492862701, 0.691685676574707, 0.6948510408401489, 0.6927171498537064, 0.6935067474842072, 0.6907294690608978, 0.6948639899492264, 0.6941607147455215, 0.6989317536354065, 0.6945787370204926, 0.6910896897315979, 0.6934600323438644, 0.694033220410347, 0.6899012327194214, 0.691675677895546, 0.6940560638904572, 0.6916807889938354, 0.6904994547367096, 0.6908248960971832, 0.6906657069921494, 0.6917545795440674, 0.694227322936058, 0.6926393210887909, 0.6927832365036011, 0.6887963861227036, 0.6904546916484833, 0.6915173977613449, 0.691065713763237, 0.6904340833425522, 0.6929807364940643, 0.6946272104978561, 0.6930939555168152, 0.6905243098735809, 0.6920133084058762, 0.6939196884632111, 0.6938272416591644, 0.6917885541915894, 0.6941864192485809, 0.6915487796068192, 0.6927820146083832, 0.6936364322900772, 0.6929088681936264, 0.6931652724742889, 0.6908292919397354, 0.693083792924881]
Validation Losses: [0.6959697008132935, 0.6916571259498596, 0.6929008960723877, 0.6928146481513977, 0.7043737173080444, 0.7032277584075928, 0.7016605138778687, 0.7023043036460876, 0.7123857736587524, 0.6932651996612549, 0.6912094354629517, 0.7044300436973572, 0.6924523115158081, 0.7055400013923645, 0.7057912349700928, 0.6977768540382385, 0.6986942887306213, 0.6924750804901123, 0.6956657767295837, 0.6928802132606506, 0.6948160529136658, 0.701518714427948, 0.6918193697929382, 0.6894099712371826, 0.6934228539466858, 0.7003863453865051, 0.697849452495575, 0.6941946148872375, 0.6973612904548645, 0.6979649662971497, 0.6932613253593445, 0.6977508068084717, 0.6956621408462524, 0.7002896070480347, 0.6932083368301392, 0.6973563432693481, 0.6988931894302368, 0.6992600560188293, 0.6953033804893494, 0.6994472146034241, 0.6910370588302612, 0.6969058513641357, 0.6975377798080444, 0.6891136765480042, 0.701066255569458, 0.6923277974128723, 0.7021287083625793, 0.6969862580299377, 0.6870127320289612, 0.6916854977607727, 0.7001979947090149, 0.6985471248626709, 0.6922563910484314, 0.6943089365959167, 0.6864038705825806, 0.6895778179168701, 0.6927328705787659, 0.6964843273162842, 0.6942194700241089, 0.6971619129180908, 0.6933147311210632, 0.6979829668998718, 0.6957842707633972, 0.6925084590911865, 0.6951982378959656, 0.6946384310722351, 0.690306544303894, 0.6965492963790894, 0.6980310678482056, 0.6951107382774353, 0.6924132108688354, 0.6951693892478943, 0.6908188462257385, 0.6969927549362183, 0.6887200474739075, 0.692439615726471, 0.6973209977149963, 0.6933885812759399, 0.689896285533905, 0.686497151851654, 0.6904060244560242, 0.6950199007987976, 0.6961179971694946, 0.6932448148727417, 0.7020596265792847, 0.6962230801582336, 0.6950857043266296, 0.6981452107429504, 0.6970031261444092, 0.6941969394683838, 0.6951385736465454, 0.6929800510406494, 0.693800687789917, 0.6974443793296814, 0.6937204599380493, 0.6952399015426636, 0.6919261813163757, 0.6926587224006653, 0.6878628134727478, 0.6941276788711548, 0.690791666507721, 0.6903020739555359, 0.6899829506874084, 0.6932817101478577, 0.6919975876808167, 0.6923766732215881, 0.690866231918335, 0.6922746896743774, 0.6948097944259644, 0.6904956698417664, 0.6902493238449097, 0.6920584440231323, 0.6936894059181213, 0.6976789832115173, 0.6961137652397156, 0.6879981756210327, 0.695539116859436, 0.6893490552902222, 0.6912092566490173, 0.695097804069519, 0.689543604850769, 0.6927198171615601, 0.686637818813324, 0.6905341744422913, 0.6874954104423523, 0.6927024722099304, 0.6919705271720886, 0.6915835738182068, 0.693923830986023, 0.6891979575157166, 0.6903513073921204, 0.6916125416755676, 0.6888794302940369, 0.6903141736984253, 0.6913406848907471, 0.6931647062301636, 0.6925474405288696, 0.6913484930992126, 0.6912422776222229, 0.6912739276885986, 0.6939691305160522, 0.6885995268821716, 0.6905490756034851, 0.6935723423957825, 0.6892583966255188, 0.6890184283256531, 0.6916285157203674, 0.6910864114761353, 0.6891869306564331, 0.6900399327278137, 0.6907419562339783, 0.6934850215911865, 0.6922299861907959, 0.6900075078010559, 0.689236044883728]
