Enhancer: E22P1D10
Label: mm_v_all
Padding: True
Batch Size: 256
Learning Rate: 2e-06
Epochs: 1000
Subset: 1.0 (number of training samples: 25508)
Weight Decay: 0.01
Optimizer: adam
Coverage: 3
Jiggle: 3
Confusion Matrix: [[0.9175366723932866, 0.08246332760671336], [0.25862068965517243, 0.7413793103448276]]
Unnormalized Confusion Matrix: [[6943, 624], [105, 301]]
Number of Epochs: 279
Train Losses: [0.6980296909809113, 0.6962946784496308, 0.6953478699922562, 0.6927349138259887, 0.6912239134311676, 0.6898282378911972, 0.688530160188675, 0.6878306770324707, 0.686256588101387, 0.6850679242610931, 0.6839050948619843, 0.6824252128601074, 0.6811345040798187, 0.6792741429805755, 0.6774845218658447, 0.6762018448114395, 0.6738950669765472, 0.6728909575939178, 0.6704715603590011, 0.6685879909992218, 0.6654411178827285, 0.6634982180595398, 0.6608329802751541, 0.6587174552679061, 0.6557432740926743, 0.6528281038999557, 0.6496330922842026, 0.6475394439697265, 0.6435086315870285, 0.6407380282878876, 0.6375911235809326, 0.6349409687519073, 0.6315976130962372, 0.6278047829866409, 0.6231228595972061, 0.6200952577590942, 0.6173731768131256, 0.6155632066726685, 0.6118397200107575, 0.606882032752037, 0.604339103102684, 0.5998322427272796, 0.5982720124721527, 0.5937448418140412, 0.5881178498268127, 0.5864333516359329, 0.5849200642108917, 0.5791400575637817, 0.5745950430631638, 0.5726417833566666, 0.5711823391914368, 0.5700490260124207, 0.5652023589611054, 0.5619969952106476, 0.5579220360517502, 0.5568055945634842, 0.5523116332292557, 0.5501106578111649, 0.5483025383949279, 0.5468293559551239, 0.5413627135753631, 0.539919565320015, 0.5357286962866783, 0.534423551261425, 0.5332521387934684, 0.5285639652609825, 0.5293991267681122, 0.5282567146420479, 0.5241831275820732, 0.5219641903042793, 0.519968333542347, 0.5173128592967987, 0.516713684797287, 0.5097985112667084, 0.5111087265610695, 0.5067997327446938, 0.5064610269665718, 0.5036322808265686, 0.4990625590085983, 0.4981758078932762, 0.4989531981945038, 0.4987047865986824, 0.49263387858867647, 0.48805200815200805, 0.48773059457540513, 0.49000501036643984, 0.4854465779662132, 0.48454283505678175, 0.48165223747491837, 0.47969796776771545, 0.476239330470562, 0.47278832644224167, 0.4717098513245583, 0.46977939367294314, 0.46660941988229754, 0.4711917576193809, 0.465987976193428, 0.46201427310705184, 0.4608453452587128, 0.4568012261390686, 0.461313382089138, 0.45867867797613143, 0.4516278025507927, 0.45274885654449465, 0.44991100430488584, 0.44808329224586485, 0.44286592304706573, 0.44437736600637434, 0.4373909541964531, 0.43923462241888045, 0.44240095853805544, 0.4388455367088318, 0.4383585074543953, 0.43181960612535475, 0.4371911323070526, 0.4289872208237648, 0.4271997120976448, 0.43090329140424727, 0.424028112590313, 0.4241497391462326, 0.42009028732776643, 0.4218474668264389, 0.4137997528910637, 0.4192919546365738, 0.41426254659891126, 0.4123118954896927, 0.41357568472623824, 0.41213817685842513, 0.4113929995894432, 0.4114456534385681, 0.4066084676980972, 0.4031776833534241, 0.40499943315982817, 0.4093119764328003, 0.4051001834869385, 0.39652764052152634, 0.3991951298713684, 0.40341944187879564, 0.4053946897387505, 0.3920631095767021, 0.39238628089427946, 0.3972956478595734, 0.3873334899544716, 0.39565550923347476, 0.39469271391630173, 0.38870819807052615, 0.39103673338890077, 0.3908862861990929, 0.3907483357191086, 0.3828523802757263, 0.38487790286540985, 0.38397502064704897, 0.38240486681461333, 0.3809710747003555, 0.3769994759559631, 0.3810777401924133, 0.3791546034812927, 0.372828688621521, 0.3699868914484978, 0.3728496930003166, 0.37195608139038083, 0.37465189725160597, 0.3686753565073013, 0.37301997691392896, 0.3650822189450264, 0.3619470804929733, 0.3678348135948181, 0.36296964406967164, 0.3621579819917679, 0.36206956654787065, 0.3601775336265564, 0.3582525235414505, 0.3574575787782669, 0.35696789413690566, 0.34908575892448424, 0.35474607557058335, 0.34998626828193663, 0.3510634696483612, 0.3478482005000114, 0.34759078204631805, 0.34870661079883575, 0.3456612327694893, 0.34188328742980956, 0.34165412724018096, 0.3396644127368927, 0.33564206689596177, 0.3380869516730309, 0.3360807657241821, 0.3325380745530129, 0.3319870898127556, 0.329537368118763, 0.33217679560184477, 0.3261681365966797, 0.32581342816352843, 0.32192161232233046, 0.3167348319292069, 0.32075416564941406, 0.3169092082977295, 0.316963809132576, 0.31738118320703507, 0.31742584586143496, 0.31634448647499086, 0.3082810965180397, 0.31121721863746643, 0.30979713454842567, 0.3142166085541248, 0.3047422717511654, 0.3020644283294678, 0.30519570112228395, 0.3033924522995949, 0.3004552146792412, 0.29996163994073866, 0.2964518338441849, 0.298331790715456, 0.2967452993988991, 0.291527289301157, 0.29175897091627123, 0.2855592545866966, 0.2788631297647953, 0.28294114515185353, 0.28176638931035997, 0.2800336568057537, 0.28011765748262407, 0.2754566356539726, 0.2749087156355381, 0.27527555599808695, 0.2782313475012779, 0.273578792065382, 0.2732737386226654, 0.26690701007843015, 0.26835707277059556, 0.26090633824467657, 0.2650060950219631, 0.26205131739377974, 0.25825428947806356, 0.2564487689733505, 0.2571385256946087, 0.2606706491112709, 0.2594935576617718, 0.2582659892737865, 0.25048173546791075, 0.24994783282279967, 0.2537820363044739, 0.24699073240160943, 0.24622905284166335, 0.2439471560716629, 0.2435202907025814, 0.2403489324450493, 0.24057131439447402, 0.24108317941427232, 0.24012923404574393, 0.24035537078976632, 0.23886919692158698, 0.23557824477553369, 0.23272644728422165, 0.23495329171419144, 0.23643711641430853, 0.22459740608930587, 0.23028264567255974, 0.22878802061080933, 0.22280576720833778, 0.2273152905702591, 0.22893629133701324, 0.22489874467253684, 0.2248084071278572, 0.2219688342511654, 0.21732887595891953, 0.21880050987005234, 0.21965541064739227, 0.20877074897289277, 0.21884119212627412, 0.21370552092790604, 0.2105833837389946, 0.21261405155062676, 0.2080291984975338, 0.2115838971734047, 0.20815812692046165, 0.20761517718434333, 0.20468086913228034]
Validation Losses: [0.6979186058044433, 0.6948129653930664, 0.6921165943145752, 0.691087965965271, 0.6899282598495483, 0.688138689994812, 0.6875700211524963, 0.6858966016769409, 0.684711639881134, 0.6829158902168274, 0.6816401457786561, 0.6810644841194153, 0.678120219707489, 0.677591712474823, 0.6760376405715942, 0.6733441281318665, 0.6718065857887268, 0.669241418838501, 0.6661915183067322, 0.6654007744789123, 0.6621652674674988, 0.6603262901306153, 0.6580870509147644, 0.6540300226211548, 0.6514225316047668, 0.6508145976066589, 0.6463253498077393, 0.6415360641479492, 0.6393725633621216, 0.636058394908905, 0.6321523475646973, 0.6319523119926452, 0.6264835333824158, 0.622477445602417, 0.6193363690376281, 0.614186840057373, 0.6116227650642395, 0.605206356048584, 0.6055450773239136, 0.6036932373046875, 0.5971552777290344, 0.5933359718322754, 0.5901298975944519, 0.5857759141921997, 0.5848296952247619, 0.577161717414856, 0.5734419083595276, 0.5701166105270385, 0.5691172385215759, 0.5635825967788697, 0.5606231141090393, 0.5568423080444336, 0.556922914981842, 0.552315104007721, 0.5450573706626892, 0.5461565566062927, 0.5428924345970154, 0.5376237010955811, 0.5336057424545289, 0.533448383808136, 0.531118905544281, 0.5276121938228607, 0.5303782939910888, 0.5224259531497956, 0.5178105008602142, 0.5223415040969849, 0.5124029779434204, 0.511615275144577, 0.5046771502494812, 0.512791612148285, 0.5116065907478332, 0.5036048662662506, 0.5025669968128205, 0.5001276755332946, 0.49463203191757205, 0.4958705687522888, 0.48722302079200747, 0.4850709044933319, 0.4800992918014526, 0.4872543442249298, 0.4799489772319794, 0.48221001148223874, 0.48296810626983644, 0.4743432557582855, 0.47303733468055725, 0.47074194431304933, 0.4729065191745758, 0.46421356201171876, 0.4659479606151581, 0.4561454665660858, 0.46297462701797487, 0.45754103660583495, 0.45012630224227906, 0.4566168689727783, 0.4509589099884033, 0.4568496751785278, 0.4491931402683258, 0.4449231588840485, 0.4453754770755768, 0.44912931203842166, 0.4336916887760162, 0.43951172232627866, 0.4388423502445221, 0.4254061985015869, 0.4338825309276581, 0.4319693887233734, 0.4275443887710571, 0.4282085072994232, 0.42288310170173643, 0.42658874750137327, 0.4207662618160248, 0.4241240322589874, 0.41169365286827087, 0.4137746751308441, 0.4143675971031189, 0.40733920216560365, 0.4076244926452637, 0.4047254717350006, 0.41256083488464357, 0.4061573660373688, 0.40386958718299865, 0.39788581848144533, 0.4028379273414612, 0.399592319726944, 0.40265761971473696, 0.39945404171943666, 0.40143893599510194, 0.3934369134902954, 0.4000433158874512, 0.40327842354774474, 0.3969382667541504, 0.3824051558971405, 0.38858442664146425, 0.38865343332290647, 0.38806761145591734, 0.38702518105506895, 0.38136508464813235, 0.38468212604522706, 0.3786334466934204, 0.3767153704166412, 0.3815596532821655, 0.3858701229095459, 0.3872749614715576, 0.40027541399002076, 0.3815837013721466, 0.36986892580986025, 0.37842008233070373, 0.3847055733203888, 0.3793624973297119, 0.3734286057949066, 0.38180184602737427, 0.38254456281661986, 0.37268375754356386, 0.3776023995876312, 0.3752326309680939, 0.3829681944847107, 0.3788785123825073, 0.37362514972686767, 0.37591797471046445, 0.3798184335231781, 0.37594263434410097, 0.3774821066856384, 0.3821936273574829, 0.3771278643608093, 0.3833440935611725, 0.36446076035499575, 0.3637720429897308, 0.3670860433578491, 0.3729295027256012, 0.37445330142974853, 0.3710066711902618, 0.3861309838294983, 0.3617126989364624, 0.35687519192695616, 0.366689555644989, 0.3610276162624359, 0.36634725213050845, 0.3605052769184113, 0.34933489441871646, 0.3724836397171021, 0.3684986567497253, 0.369007385969162, 0.38161685585975647, 0.37168617129325865, 0.36633225917816165, 0.36516106247901914, 0.36253526449203494, 0.358327796459198, 0.37813037157058715, 0.3612821400165558, 0.3601285851001739, 0.3686727869510651, 0.3655732297897339, 0.3684434175491333, 0.36082210898399353, 0.35696404457092284, 0.36205502271652223, 0.36544742465019225, 0.36474337697029113, 0.3598302900791168, 0.35625034689903257, 0.3837439429759979, 0.3681460964679718, 0.3558038890361786, 0.3642626416683197, 0.37042044520378115, 0.35590901494026184, 0.3719166922569275, 0.3752312636375427, 0.35436521053314207, 0.3715228247642517, 0.359437655210495, 0.3580056369304657, 0.37170354843139647, 0.36407714724540713, 0.3669633281230926, 0.3755329132080078, 0.36609182715415955, 0.36982269406318663, 0.3785777699947357, 0.35966657638549804, 0.37844947934150697, 0.37496703267097475, 0.35943028569221497, 0.35871070742607114, 0.3764331066608429, 0.37247817873954775, 0.35737064957618714, 0.3664538276195526, 0.38098753333091734, 0.3709508454799652, 0.38204585790634155, 0.36679174900054934, 0.37052852272987363, 0.3689714813232422, 0.36743887543678283, 0.35649580478668214, 0.3819871246814728, 0.3737828743457794, 0.3792808020114899, 0.37600720643997193, 0.37766679406166076, 0.3620921409130096, 0.3793636131286621, 0.36744094014167783, 0.3725876009464264, 0.3683608305454254, 0.37036409974098206, 0.40158509731292724, 0.36973700881004334, 0.3823832094669342, 0.3748466122150421, 0.37583270311355593, 0.3757695710659027, 0.3811723220348358, 0.3805206096172333, 0.38669570922851565, 0.367006653547287, 0.3723111367225647, 0.3778568971157074, 0.3726075971126556, 0.3770563328266144, 0.3819230532646179, 0.370071804523468, 0.38896633505821226, 0.3821482229232788, 0.38733343362808226, 0.3817329776287079, 0.4094623911380768, 0.3933831787109375, 0.38177294969558717, 0.3752471625804901, 0.3777612328529358, 0.37765260219573976, 0.39137099266052244, 0.38430757641792296, 0.393849378824234, 0.3762146353721619, 0.4043757665157318]
Validation ROC AUC: 0.8964328180737217
Validation Confusion Matrix: [[774, 67], [12, 58]]
Validation Precision: 0.464
Validation Recall: 0.8285714285714286
Validation F1 Score: 0.5948717948717949
Validation Accuracy: 0.9132821075740944
Test ROC AUC: 0.8566939934288177
Test Confusion Matrix: [[996, 85], [15, 43]]
Test Precision: 0.3359375
Test Recall: 0.7413793103448276
Test F1 Score: 0.4623655913978495
Test Accuracy: 0.9122036874451273
Validation Set Size: 911
Test Set Size: 1139
