Enhancer: E23G7
Label: mm_v_all
Padding: True
Batch Size: 256
Learning Rate: 2e-06
Epochs: 1000
Subset: 1.0 (number of training samples: 21)
Weight Decay: 0.01
Optimizer: adam
Coverage: 10
Jiggle: 3
Confusion Matrix: [[1.0]]
Unnormalized Confusion Matrix: [[7]]
Number of Epochs: 101
Train Losses: [0.6607916951179504, 0.6604551076889038, 0.6607978343963623, 0.6540452241897583, 0.6627682447433472, 0.6505298018455505, 0.6577577590942383, 0.6567350029945374, 0.6566897034645081, 0.6522284746170044, 0.6568769216537476, 0.6501466631889343, 0.6538988351821899, 0.6630570888519287, 0.6540113091468811, 0.657013475894928, 0.6589912176132202, 0.6489204168319702, 0.6545968651771545, 0.6568590998649597, 0.6537238955497742, 0.6600733995437622, 0.6450969576835632, 0.6513898372650146, 0.6596561670303345, 0.6557969450950623, 0.6500555276870728, 0.658011794090271, 0.6563854217529297, 0.651538610458374, 0.6493849158287048, 0.6465033888816833, 0.6521989703178406, 0.6480684876441956, 0.6514710187911987, 0.6501589417457581, 0.6424797773361206, 0.6430656909942627, 0.6464242339134216, 0.6516602635383606, 0.6451204419136047, 0.6435111165046692, 0.6566301584243774, 0.6494683623313904, 0.6544634103775024, 0.6457462310791016, 0.6470955014228821, 0.6481189727783203, 0.6426490545272827, 0.6525769829750061, 0.642000138759613, 0.6477211713790894, 0.6403903365135193, 0.6423434019088745, 0.6550785303115845, 0.6437995433807373, 0.6483901143074036, 0.6391221284866333, 0.639255940914154, 0.6361619830131531, 0.6415401101112366, 0.6428688168525696, 0.6410781145095825, 0.6400798559188843, 0.6411186456680298, 0.6494635939598083, 0.6381101012229919, 0.6339080333709717, 0.6421902179718018, 0.6458367705345154, 0.6407504677772522, 0.6449779868125916, 0.6451484560966492, 0.6420087814331055, 0.6454201936721802, 0.6398500204086304, 0.6454039812088013, 0.6360277533531189, 0.6381465196609497, 0.6319536566734314, 0.636670708656311, 0.6431851983070374, 0.6393738985061646, 0.6375557780265808, 0.6313284635543823, 0.638755738735199, 0.6374779939651489, 0.6420660614967346, 0.633636474609375, 0.6385455131530762, 0.6423035860061646, 0.6393955945968628, 0.635732889175415, 0.6375408172607422, 0.6350736021995544, 0.641323447227478, 0.6329467296600342, 0.6251052618026733, 0.63719242811203, 0.6447961926460266, 0.6366422772407532]
Validation Losses: [0.6192072629928589, 0.6203425526618958, 0.6227763891220093, 0.6261186599731445, 0.6303452849388123, 0.6348271369934082, 0.639794111251831, 0.6445229649543762, 0.6487587690353394, 0.6524165272712708, 0.6556738615036011, 0.658530592918396, 0.6611120104789734, 0.6641365885734558, 0.6666344404220581, 0.6689754724502563, 0.6714852452278137, 0.6731995940208435, 0.6755431294441223, 0.676900327205658, 0.6805847883224487, 0.68038010597229, 0.6808253526687622, 0.6819069981575012, 0.6840124726295471, 0.6846287846565247, 0.682964026927948, 0.6842114925384521, 0.6825305223464966, 0.6850047707557678, 0.6829047799110413, 0.6807183027267456, 0.6810859441757202, 0.6797887682914734, 0.6807649731636047, 0.6795318722724915, 0.677184522151947, 0.6754376292228699, 0.6732138395309448, 0.673631489276886, 0.6701272130012512, 0.6698076128959656, 0.6675431728363037, 0.6659446954727173, 0.6631675958633423, 0.6628949046134949, 0.6569790244102478, 0.6571710109710693, 0.6572945713996887, 0.6579772233963013, 0.6527197957038879, 0.6538716554641724, 0.6498143672943115, 0.6483563184738159, 0.6535099148750305, 0.646560549736023, 0.6441881656646729, 0.6440112590789795, 0.644908607006073, 0.6430742740631104, 0.6451055407524109, 0.6399835348129272, 0.6460583806037903, 0.6407130360603333, 0.6435152888298035, 0.6426056623458862, 0.6395682096481323, 0.6457376480102539, 0.6407613754272461, 0.6419109106063843, 0.6437464952468872, 0.6455347537994385, 0.6417051553726196, 0.6416799426078796, 0.6429919004440308, 0.6442773342132568, 0.6388716101646423, 0.6370954513549805, 0.6398693919181824, 0.6399073004722595, 0.6415660381317139, 0.6393705606460571, 0.633278489112854, 0.6371144652366638, 0.6398319602012634, 0.6381792426109314, 0.6378013491630554, 0.6374756097793579, 0.6386818289756775, 0.6384785771369934, 0.6402551531791687, 0.6381562352180481, 0.6376785635948181, 0.6372572183609009, 0.6350584030151367, 0.6353193521499634, 0.6351619958877563, 0.6353235244750977, 0.63685142993927, 0.6371967792510986, 0.6334688663482666]
