Enhancer: E25B2
Label: mm_v_all
Padding: True
Batch Size: 256
Learning Rate: 2e-06
Epochs: 1000
Subset: 1.0 (number of training samples: 1631)
Weight Decay: 0.01
Optimizer: adam
Coverage: 3
Jiggle: 3
Confusion Matrix: [[0.8990147783251231, 0.10098522167487685], [0.5178571428571429, 0.48214285714285715]]
Unnormalized Confusion Matrix: [[365, 41], [58, 54]]
Number of Epochs: 1000
Train Losses: [0.6958568947655814, 0.6953939625195095, 0.6950405325208392, 0.6942500046321324, 0.6941992214747837, 0.6950993452753339, 0.6928818566458566, 0.6954884358814785, 0.69578846011843, 0.6952031254768372, 0.6936664666448321, 0.6939846277236938, 0.6937080195971898, 0.694756167275565, 0.6934449928147453, 0.6934080379349845, 0.6951255457741874, 0.6930751715387616, 0.6922550627163478, 0.6924403054373605, 0.6939115183694022, 0.6950577327183315, 0.6936953834124974, 0.6930076054164341, 0.6956217799867902, 0.6953233225005013, 0.6924890450068882, 0.6935077650206429, 0.6931933249746051, 0.6937342115810939, 0.6926685741969517, 0.6931994216782706, 0.693349974496024, 0.6932536959648132, 0.6925391639981952, 0.6920270579201835, 0.6925137894494193, 0.6931415796279907, 0.69249199117933, 0.6925013746534076, 0.6926870431218829, 0.6911880799702236, 0.6915105155536106, 0.6923642924853733, 0.6915231006486076, 0.6913342986788068, 0.6917455622128078, 0.6915837441171918, 0.69283413035529, 0.6917632051876613, 0.6912313188825335, 0.6913940225328717, 0.6904465641294207, 0.6910172956330436, 0.6918780377932957, 0.6911566002028329, 0.6904229351452419, 0.6910451224872044, 0.6904024907520839, 0.6899471964154925, 0.6910686663218907, 0.6914390921592712, 0.6905124528067452, 0.6910652603421893, 0.6907375029155186, 0.6906038352421352, 0.691010057926178, 0.6915451288223267, 0.6895481092589242, 0.6903361422674996, 0.6901483876364571, 0.6897251691137042, 0.6909335596220834, 0.6904466237340655, 0.6903766819408962, 0.6902062382016864, 0.6899172919137138, 0.6893238851002285, 0.6897476060049874, 0.6900885275432042, 0.6897912621498108, 0.688905051776341, 0.6895411014556885, 0.6887846674237933, 0.6889546683856419, 0.6878365959439959, 0.6888903209141323, 0.6886063984462193, 0.6891944067818778, 0.6881553360394069, 0.6897294861929757, 0.6881229196275983, 0.6883887904030936, 0.688874500138419, 0.6886563386235919, 0.6875500508717128, 0.6887273703302655, 0.6884310160364423, 0.6882709860801697, 0.6880775434630257, 0.6885699033737183, 0.6880306686673846, 0.6876743350710187, 0.6879080704280308, 0.6879053456442696, 0.688109985419682, 0.6877649171011788, 0.6883686695780072, 0.6878868767193386, 0.6882184829030719, 0.6869473116738456, 0.6878773314612252, 0.6864439930234637, 0.6868865830557687, 0.6869131922721863, 0.6862918053354535, 0.6868970479284014, 0.6865981902394976, 0.686710774898529, 0.6867935827800206, 0.6849292090960911, 0.6855019671576363, 0.6871518748147147, 0.6847752502986363, 0.6860656567982265, 0.6858897038868496, 0.6854348267827716, 0.6856758424213955, 0.6856786097799029, 0.6858727421079364, 0.6854028361184257, 0.6861035738672528, 0.6856598768915448, 0.6845567141260419, 0.6844260096549988, 0.685216656752995, 0.684841913836343, 0.6849887285913739, 0.6832971147128514, 0.6854727693966457, 0.6847929443631854, 0.6853922520365033, 0.6847411223820278, 0.684513943535941, 0.6842153157506671, 0.685541706425803, 0.684489871774401, 0.6844007458005633, 0.6835691928863525, 0.6833445770399911, 0.683639373098101, 0.6824232339859009, 0.6819153342928205, 0.6835905824388776, 0.683575519493648, 0.6843312893595014, 0.6860895242009845, 0.6813360367502485, 0.6829362171036857, 0.6831588063921247, 0.6830474478857858, 0.6830121534211295, 0.6825125728334699, 0.6816926513399396, 0.6837471553257534, 0.6819205284118652, 0.6823323794773647, 0.6827941792351859, 0.6824200408799308, 0.6829148530960083, 0.6822822775159564, 0.6808061259133475, 0.6827963675771441, 0.6806650246892657, 0.6828409944261823, 0.6818750500679016, 0.6799913389342171, 0.6813187514032636, 0.6818657517433167, 0.6803493840353829, 0.6819246751921517, 0.6802984135491508, 0.6791792001043048, 0.6791742273739406, 0.6807043296950204, 0.6785019380705697, 0.6800837942532131, 0.6801734907286507, 0.6807838508061, 0.6800134863172259, 0.680831321648189, 0.680543737752097, 0.680277841431754, 0.6798414587974548, 0.6796745572771344, 0.679710362638746, 0.6787280780928475, 0.6797589659690857, 0.6796889986310687, 0.6792423384530204, 0.6778602259499686, 0.6779766508511135, 0.6780924115862165, 0.6774168610572815, 0.6772705571992057, 0.6802531225340707, 0.6776981609208244, 0.6786000898906163, 0.6768239992005485, 0.6781371406146458, 0.676233070237296, 0.6777966788836888, 0.6760940977505275, 0.6779901300157819, 0.6791223287582397, 0.6771399123328072, 0.6773826394762311, 0.6767173068864005, 0.6769382953643799, 0.675327718257904, 0.6777385558400836, 0.6771681564194816, 0.6760734915733337, 0.67635007415499, 0.6768014601298741, 0.6738879936082023, 0.6744926571846008, 0.6753424661500114, 0.6768474323408944, 0.6749398367745536, 0.6734106455530439, 0.6724753124373299, 0.6747732503073556, 0.6739189880234855, 0.674692690372467, 0.6732643502099174, 0.6758908629417419, 0.6754527177129473, 0.6747239232063293, 0.6723288382802691, 0.674503641469138, 0.6733180454799107, 0.6743769305092948, 0.6712514843259539, 0.6713761772428241, 0.6712149381637573, 0.6708499363490513, 0.6717361978122166, 0.6711691617965698, 0.6716479999678475, 0.6729107924870082, 0.6736675586019244, 0.671624413558415, 0.6738953930991036, 0.6722198554447719, 0.6714529820850917, 0.6685705780982971, 0.6736421244485038, 0.6717394590377808, 0.6702145082609994, 0.6707319276673454, 0.669151212487902, 0.6715847424098423, 0.6681103365761893, 0.66842839547566, 0.6700334634099688, 0.6685534545353481, 0.6703326020921979, 0.6695801445416042, 0.6702822361673627, 0.6694570013454982, 0.6707529595920018, 0.6671852128846305, 0.6697298032896859, 0.668945176260812, 0.6698793683733258, 0.6685462594032288, 0.6679307307515826, 0.6680364268166679, 0.6669994081769671, 0.6666484645434788, 0.6679784825869969, 0.6686586311885289, 0.6687701429639544, 0.6655334489686149, 0.668025153023856, 0.6664572017533439, 0.6643354041235787, 0.6657292928014483, 0.6661076034818377, 0.6671905858176095, 0.6672812615122113, 0.6651334421975272, 0.6642928293773106, 0.6648623602730888, 0.6656990817614964, 0.6658509288515363, 0.6636918187141418, 0.6644533191408429, 0.6641632403646197, 0.6640224031039647, 0.6622058323451451, 0.661430299282074, 0.6617651070867266, 0.6623199241501945, 0.6617662821497236, 0.6614242281232562, 0.6627975361687797, 0.6612037590571812, 0.6619304163115365, 0.6610000388962882, 0.6616781949996948, 0.6606189864022392, 0.6612366693360465, 0.659470430442265, 0.6632582715579441, 0.6619221908705575, 0.6611709254128593, 0.659909895488194, 0.662512515272413, 0.6618288499968392, 0.659747668675014, 0.6619394166128976, 0.6608063578605652, 0.6596332107271466, 0.6592574460165841, 0.6567536166736058, 0.6589448962892804, 0.656542820589883, 0.6567304730415344, 0.658765162740435, 0.6615093009812492, 0.6600562844957624, 0.6598430361066546, 0.6560351082256862, 0.6555491260119847, 0.654814098562513, 0.6571896501949855, 0.6579482129641941, 0.6525991388729641, 0.6554176551955087, 0.6574216229575021, 0.655653348990849, 0.6540911793708801, 0.6569085717201233, 0.6581366317612785, 0.6522165451731, 0.6551019549369812, 0.6515453287533352, 0.6535986917359489, 0.6537926707948957, 0.6541325194495065, 0.6555520977292743, 0.6561010224478585, 0.6566074745995658, 0.6510685001100812, 0.6523634450776237, 0.6519622121538434, 0.6507893971034459, 0.6530565619468689, 0.6499833805220467, 0.6516895379338946, 0.6504395774432591, 0.6531020317758832, 0.6491479107311794, 0.6439763903617859, 0.6493492637361798, 0.6490437814167568, 0.6540781855583191, 0.6497554949351719, 0.6507920367377145, 0.6495894023350307, 0.6441424829619271, 0.6480139493942261, 0.6485926508903503, 0.6517173818179539, 0.6476835863930839, 0.6505489434514727, 0.6502030066081456, 0.6428606254713876, 0.6514113886015755, 0.647530027798244, 0.6432397791317531, 0.6488256709916251, 0.6461462123053414, 0.6460484181131635, 0.6483956575393677, 0.6447665010179792, 0.6453401446342468, 0.6441749589783805, 0.6394257971218654, 0.647300124168396, 0.647962612765176, 0.6427355664116996, 0.6465588893209185, 0.6423228979110718, 0.6434471351759774, 0.6421159420694623, 0.6427899939673287, 0.642711511680058, 0.6424971733774457, 0.6381014926092965, 0.6438179271561759, 0.6487346461841038, 0.6423077838761466, 0.6441199949809483, 0.6465676937784467, 0.6426284142902919, 0.6387958611760821, 0.6455853836877006, 0.6396639517375401, 0.6393039226531982, 0.6418471421514239, 0.640776549066816, 0.6412581631115505, 0.6398449284689767, 0.647662912096296, 0.6409094844545636, 0.6330350722585406, 0.6401977453913007, 0.6442699006625584, 0.6401058094842094, 0.6377038189343044, 0.6385647995131356, 0.6369402664048331, 0.6388411011014666, 0.6418534772736686, 0.6388600042888096, 0.636212170124054, 0.6390947018350873, 0.6346650123596191, 0.6339520471436637, 0.6404851419585091, 0.6392984645707267, 0.6381459321294513, 0.6387079102652413, 0.6392141154834202, 0.6291317003113883, 0.6414787258420672, 0.6340486407279968, 0.6344552891595023, 0.6305701562336513, 0.6331196767943246, 0.62847386939185, 0.6348636320659092, 0.6356996382985797, 0.635445943900517, 0.6302446126937866, 0.6275638937950134, 0.637265009539468, 0.6309844936643328, 0.6262704133987427, 0.6350669435092381, 0.6309054068156651, 0.6326463307653155, 0.635261424950191, 0.6346375857080732, 0.6339870861598423, 0.6310888869421822, 0.63625625201634, 0.6317707470485142, 0.6276534029415676, 0.6303188289914813, 0.6288831915174212, 0.6340653555733817, 0.6306321365492684, 0.6416790996279035, 0.629122793674469, 0.6380812525749207, 0.6284938284329006, 0.6306104063987732, 0.6320692385946002, 0.6326586604118347, 0.6315421717507499, 0.6308633514813015, 0.6242711884634835, 0.6288480418069022, 0.6312935267175946, 0.625412608895983, 0.6277376924242292, 0.6293187652315412, 0.6250693031719753, 0.629615068435669, 0.63031348160335, 0.6258173925536019, 0.6263029234749931, 0.6222291929381234, 0.626984247139522, 0.6264399886131287, 0.6207764829908099, 0.6273796728679112, 0.6279739737510681, 0.6305797355515617, 0.6271544524601528, 0.6244137712887355, 0.6212681787354606, 0.6263364468302045, 0.6306225402014596, 0.6211123977388654, 0.6218766655240741, 0.6315216081483024, 0.6235789571489606, 0.620792840208326, 0.6188868028776986, 0.6247393914631435, 0.621146193572453, 0.6198444707053048, 0.6230060883930751, 0.6279965553964887, 0.6260443500110081, 0.615407679762159, 0.6212938598224095, 0.6267942956515721, 0.6191865461213248, 0.6225562180791583, 0.6250220707484654, 0.616372891834804, 0.6213132739067078, 0.6193702561514718, 0.6198233536311558, 0.6196562477520534, 0.6153496588979449, 0.6171827912330627, 0.6205528633935111, 0.6142928344862801, 0.6152610182762146, 0.6233214906283787, 0.6229103207588196, 0.6244721327509198, 0.6141607165336609, 0.6152378916740417, 0.6146125708307538, 0.6208300079618182, 0.6146770289966038, 0.6186436074120658, 0.6132300581250872, 0.6228654384613037, 0.6101261462484088, 0.6159555315971375, 0.620695948600769, 0.6065926892416817, 0.6196473836898804, 0.6172534397670201, 0.6179251755986895, 0.6155246496200562, 0.6100905026708331, 0.6176392265728542, 0.6195166110992432, 0.6151509284973145, 0.6154871157237461, 0.6168749076979501, 0.6207637957164219, 0.6148100069590977, 0.615510242325919, 0.6105936425072807, 0.6176343645368304, 0.6135623625346592, 0.6100185428346906, 0.6125817213739667, 0.6032494391713824, 0.6109542761530194, 0.6103604350771222, 0.6202706354004996, 0.6120618666921344, 0.6128496783120292, 0.6108912995883397, 0.6050647241728646, 0.6084161145346505, 0.6123777968542916, 0.6178428104945591, 0.6154767785753522, 0.600038971219744, 0.6127049667494637, 0.6031019261905125, 0.6102602396692548, 0.6047135250908988, 0.6042841417448861, 0.6114690559250968, 0.6074332254273551, 0.610122127192361, 0.6103166426931109, 0.6128683175359454, 0.6097233380590167, 0.6060414654867989, 0.6056970272745404, 0.6111176354544503, 0.6095640063285828, 0.6012831670897347, 0.6081517168453762, 0.6056516170501709, 0.6007484112467084, 0.6073706660951886, 0.611359715461731, 0.6115309510912214, 0.5980493256023952, 0.611386741910662, 0.6069485715457371, 0.6064675450325012, 0.6059036680630275, 0.608332633972168, 0.6020543149539402, 0.6085039802959987, 0.6074079104832241, 0.6037005271230426, 0.6075172424316406, 0.6109413589750018, 0.6047340461186, 0.599757330758231, 0.606830256325858, 0.5994693977492196, 0.608901355947767, 0.6071332352502006, 0.5977934428623745, 0.6026993904794965, 0.6085288524627686, 0.5968965462275914, 0.6018092206546238, 0.6125495518956866, 0.6137952123369489, 0.593762287071773, 0.5962890131132943, 0.6028418455805097, 0.597194927079337, 0.5967826247215271, 0.6046790991510663, 0.5895628673689706, 0.6035654119082859, 0.5980410150119236, 0.6022909794534955, 0.5952327592032296, 0.5969336714063372, 0.6040534462247577, 0.6075683491570609, 0.5984292030334473, 0.5943932022367205, 0.5964099849973407, 0.6020870379039219, 0.6023725015776498, 0.6012216295514788, 0.5965541345732552, 0.5949237516948155, 0.5919152498245239, 0.5933905499322074, 0.5929244416100639, 0.5905312810625348, 0.5891701834542411, 0.5903221539088658, 0.5970969540732247, 0.5954546928405762, 0.5848164813859122, 0.5968309215136937, 0.6031175851821899, 0.5997186814035688, 0.5883298090526036, 0.5914453523499625, 0.5955048458916801, 0.5948252252170018, 0.5924787861960275, 0.5912882770810809, 0.5902323211942401, 0.5870494587080819, 0.5854015520640782, 0.5918906075613839, 0.6022139702524457, 0.6028078624180385, 0.5933708548545837, 0.5849448101861137, 0.5981886727469308, 0.5985592007637024, 0.590697535446712, 0.5846051573753357, 0.5970722351755414, 0.5906025767326355, 0.5861897809164864, 0.5853861655507769, 0.5882395165307182, 0.5891795073236737, 0.5986015370913914, 0.59636937720435, 0.5915061831474304, 0.5864639793123517, 0.597089775971004, 0.5959030134337289, 0.5893220135143825, 0.5902012927191598, 0.6006819265229362, 0.5913615482194083, 0.5897416642733982, 0.5860926849501473, 0.5901387674467904, 0.5699039271899632, 0.6009566613606044, 0.5956565397126334, 0.5789334774017334, 0.5925185339791434, 0.581555187702179, 0.5798510142735073, 0.5867722460201809, 0.5871909175600324, 0.5831463847841535, 0.5800145268440247, 0.5863934074129377, 0.5818390335355487, 0.5846470424107143, 0.5834900736808777, 0.5822898830686297, 0.587977545601981, 0.590291712965284, 0.5889013665063041, 0.5941378218787057, 0.582105006490435, 0.5826044934136527, 0.5856731023107257, 0.5833245515823364, 0.5898756214550563, 0.5864150268690926, 0.5828189424106053, 0.5779312252998352, 0.5847451346261161, 0.5772758637155805, 0.5775631495884487, 0.5902426327977862, 0.5805890985897609, 0.5849464620862689, 0.5915517721857343, 0.5914514235087803, 0.5806212680680412, 0.5805245212146214, 0.5800275462014335, 0.5818130799702236, 0.5782589742115566, 0.5885432362556458, 0.5850409950528827, 0.5804130860737392, 0.5706311208861214, 0.5833439401217869, 0.5831460186413356, 0.5816255807876587, 0.5831137299537659, 0.5958587782723563, 0.574519830090659, 0.5845009769712176, 0.5774129373686654, 0.5852607573781695, 0.59482513155256, 0.5895393150193351, 0.5787781987871442, 0.5791868822915214, 0.5848270228930882, 0.5847669839859009, 0.5770561439650399, 0.58806197983878, 0.5836689472198486, 0.577759461743491, 0.5881399171692985, 0.5722266605922154, 0.5726190294538226, 0.5844358205795288, 0.5824219414166042, 0.5816546423094613, 0.5796372379575457, 0.5744021364620754, 0.5732788273266384, 0.582104640347617, 0.5732902373586383, 0.5754002247537885, 0.5739999328340802, 0.5791021074567523, 0.5778379270008632, 0.5862615959984916, 0.5755209411893573, 0.5665971381323678, 0.5718631829534259, 0.5698804003851754, 0.5794606038502285, 0.5748837419918605, 0.5663442611694336, 0.5748265641076225, 0.5806801063673837, 0.5688642859458923, 0.5725046992301941, 0.5731838004929679, 0.5824607610702515, 0.5773318239620754, 0.571176256452288, 0.5717293620109558, 0.5720564041818891, 0.5707554561751229, 0.5765615786824908, 0.5813652106693813, 0.5724946771349225, 0.5879051004137311, 0.5755403808185032, 0.5745687399591718, 0.5751014181545803, 0.5641381996018546, 0.5839889901024955, 0.5686271701540265, 0.5765495215143476, 0.5785348755972726, 0.5762429918561663, 0.5701091630118233, 0.5659095815249852, 0.5728825160435268, 0.5713854091508048, 0.5712584171976361, 0.5756041492734637, 0.572544549192701, 0.5690385018076215, 0.5659707954951695, 0.5745823298181806, 0.5702664085796901, 0.5754978912217277, 0.5837692362921578, 0.5686310444559369, 0.5628570233072553, 0.5663418173789978, 0.5716645973069328, 0.5599927476474217, 0.5812586120196751, 0.5587136490004403, 0.5747835636138916, 0.5628425053187779, 0.5744558572769165, 0.5721771546772548, 0.5628001008714948, 0.5718585593359811, 0.5659218175070626, 0.5738064220973423, 0.5682316422462463, 0.5689334869384766, 0.5676759225981576, 0.5666950685637338, 0.5871107493128095, 0.5606129254613604, 0.5631871904645648, 0.5676866344043187, 0.5680588568959918, 0.5649095858846392, 0.5726111275809151, 0.5714963504246303, 0.5502057926995414, 0.5587387084960938, 0.5754794563565936, 0.5634052583149501, 0.5738162653786796, 0.5686312999044146, 0.5683662380490985, 0.5650544932910374, 0.5646435873849052, 0.5680415970938546, 0.5694759913853237, 0.5758018919399807, 0.577838659286499, 0.572576778275626, 0.5621932659830365, 0.5754998581750053, 0.575102414403643, 0.5661069239888873, 0.5638207963534764, 0.5691415837832859, 0.5722344773156303, 0.5786759172167096, 0.5679951480456761, 0.5653326681682042, 0.5666555421692985, 0.5615900158882141, 0.5640618034771511, 0.5683803047452655, 0.5753531285694667, 0.5665611795016697, 0.5695234792573112, 0.5570361614227295, 0.5598270126751491, 0.5678171685763768, 0.5751851201057434, 0.5712562458855766, 0.5540174927030291, 0.5736107996531895, 0.568009580884661, 0.5522708211626325, 0.560245965208326, 0.5584780488695417, 0.5602036203656878, 0.5603047268731254, 0.5543290461812701, 0.5673057181494576, 0.5571612289973668, 0.5595937115805489, 0.5554031474249703, 0.5580047539302281, 0.5556013073240008, 0.5650710548673358, 0.5626895257404873, 0.5635315435273307, 0.552121273108891, 0.5567289420536586, 0.5584571446691241, 0.5517322421073914, 0.5439769881112235, 0.5597152539661953, 0.5587375504629952, 0.562933589730944, 0.5595835617610386, 0.5595064674104963, 0.5534391232899257, 0.5701486979212079, 0.5516790492194039, 0.5567564027650016, 0.5609322445733207, 0.5435096068041665, 0.5481421266283307, 0.5607536094529288, 0.5482110977172852, 0.5480655346597944, 0.5615512813840594, 0.5446675760405404, 0.5473183393478394, 0.5520959496498108, 0.5542347601481846, 0.5541863526616778, 0.55808915410723, 0.562075844832829, 0.5515573961394173, 0.5550264886447361, 0.5593747666903904, 0.5574858869825091, 0.5548026646886554, 0.5585594943591526, 0.5600390604564122, 0.564995893410274, 0.5488310285976955, 0.5571753808430263, 0.5469257150377546, 0.5516826595578875, 0.5511286173548017, 0.5492531997816903, 0.5676095741135734, 0.5439102564539228, 0.5432262761252267, 0.5589733123779297, 0.5653859802654811, 0.5457880922726223, 0.5511334538459778, 0.5481166413852147, 0.5476862447602409, 0.5437040797301701, 0.5637713415282113, 0.5386213745389666, 0.5535310847418649, 0.5543842315673828, 0.5516171795981271, 0.5500581349645343, 0.5460083825247628, 0.5595933284078326, 0.5521717071533203, 0.5529110857418605, 0.5707622766494751, 0.5570030638149807, 0.5612062897000994, 0.5500138231686184, 0.5623151404517037, 0.5684226070131574, 0.544552377292088, 0.5472219926970345, 0.5522416574614388, 0.5616215467453003, 0.5437783684049334, 0.5476170182228088, 0.5515619942120144, 0.5456568769046238, 0.5367114629064288, 0.5545504944665092, 0.5671128375189645, 0.5583503757204328, 0.5609865188598633, 0.5515272702489581, 0.5507803729602269, 0.54038348368236, 0.5429036361830575, 0.5500954389572144, 0.5468970537185669, 0.5530277150017875, 0.5662123901503426, 0.5368792414665222, 0.5416492223739624, 0.5520321726799011, 0.5439719387463161, 0.5500011103493827, 0.5608180591038295, 0.5446679251534599, 0.5449563435145787, 0.5484206250735691, 0.5405469962528774, 0.5442108511924744, 0.5399223906653268, 0.5535831706864494, 0.542993541274752, 0.5466777086257935, 0.5450187921524048]
Validation Losses: [0.6949816346168518, 0.6932949125766754, 0.6921799778938293, 0.6958807110786438, 0.6926283240318298, 0.690716564655304, 0.6951640248298645, 0.6964479386806488, 0.695763498544693, 0.6957960724830627, 0.6949399411678314, 0.6971946060657501, 0.6935466825962067, 0.693000078201294, 0.6938543319702148, 0.6944572329521179, 0.6945715248584747, 0.6914267838001251, 0.6945339739322662, 0.694645345211029, 0.6931208670139313, 0.6943224966526031, 0.6929830014705658, 0.6931069791316986, 0.6910969913005829, 0.6926208138465881, 0.6942818462848663, 0.6917558014392853, 0.6946967840194702, 0.6917935013771057, 0.6913134455680847, 0.6916940212249756, 0.6901732087135315, 0.6918770372867584, 0.690597265958786, 0.6920643448829651, 0.6897894144058228, 0.6921371221542358, 0.6905137002468109, 0.6910377144813538, 0.6901005804538727, 0.6901956498622894, 0.6897810101509094, 0.6909860372543335, 0.6912889778614044, 0.6907867193222046, 0.6885389387607574, 0.6907675862312317, 0.6901996731758118, 0.6883723139762878, 0.6904811263084412, 0.6895921230316162, 0.6900085508823395, 0.689403772354126, 0.6894423961639404, 0.6899902522563934, 0.6890405416488647, 0.6890486776828766, 0.6894711256027222, 0.6885618269443512, 0.6892215609550476, 0.6881561577320099, 0.6880369484424591, 0.6873524188995361, 0.6877782940864563, 0.6878799498081207, 0.6889331042766571, 0.6867905855178833, 0.687376856803894, 0.6881148517131805, 0.6882341802120209, 0.6877176463603973, 0.6886082291603088, 0.6870591342449188, 0.6870062947273254, 0.687736839056015, 0.6874721646308899, 0.685989499092102, 0.6872669160366058, 0.6878946721553802, 0.6864399313926697, 0.6858429312705994, 0.6851024627685547, 0.6854041516780853, 0.6853330135345459, 0.687399834394455, 0.6860109269618988, 0.6848259568214417, 0.6854971945285797, 0.6853423416614532, 0.6840419769287109, 0.6852944493293762, 0.6851347982883453, 0.6836097538471222, 0.6849264204502106, 0.6848791241645813, 0.6842438280582428, 0.6847939491271973, 0.6842666864395142, 0.6842248439788818, 0.684270977973938, 0.6835158169269562, 0.684231162071228, 0.6838307976722717, 0.6839044094085693, 0.683552473783493, 0.6832679808139801, 0.6838387250900269, 0.6842918395996094, 0.6819903254508972, 0.6824648380279541, 0.682429313659668, 0.682641476392746, 0.6832399964332581, 0.6823849678039551, 0.6823930442333221, 0.6822890043258667, 0.6810094118118286, 0.6822252869606018, 0.6820202171802521, 0.6820820569992065, 0.6815009117126465, 0.6818463206291199, 0.6813449263572693, 0.6808604001998901, 0.6816778182983398, 0.6802988648414612, 0.6793768405914307, 0.6801196932792664, 0.6808430850505829, 0.6812440156936646, 0.6802607476711273, 0.6802660226821899, 0.6801665425300598, 0.6808856427669525, 0.6796495318412781, 0.678038090467453, 0.6794198453426361, 0.6780639588832855, 0.6795431971549988, 0.6791293323040009, 0.6791719496250153, 0.6786045134067535, 0.67914679646492, 0.6786991059780121, 0.6781793236732483, 0.6772646605968475, 0.6777655184268951, 0.676781952381134, 0.6784733533859253, 0.6778962910175323, 0.6758639812469482, 0.6767303645610809, 0.6743095517158508, 0.67704638838768, 0.6755199134349823, 0.675933837890625, 0.6765801310539246, 0.6750875413417816, 0.6756197810173035, 0.6750473380088806, 0.6770082414150238, 0.6756162941455841, 0.6745426654815674, 0.6754137575626373, 0.675727516412735, 0.6757034957408905, 0.6750522553920746, 0.6760611236095428, 0.6756514012813568, 0.6749805808067322, 0.6716488897800446, 0.6731584668159485, 0.6752536296844482, 0.6729650795459747, 0.6732633411884308, 0.6726695001125336, 0.6735301315784454, 0.672724723815918, 0.6734598577022552, 0.674922525882721, 0.6703220903873444, 0.6693734526634216, 0.67357537150383, 0.6715304851531982, 0.6727100312709808, 0.6715874671936035, 0.6687673926353455, 0.6712480783462524, 0.6714267134666443, 0.6714198291301727, 0.6710558235645294, 0.6710265278816223, 0.6689227819442749, 0.6709992289543152, 0.6686619818210602, 0.6685630679130554, 0.6701426804065704, 0.6689833402633667, 0.669592410326004, 0.6691640913486481, 0.6672608256340027, 0.6685696244239807, 0.6663037836551666, 0.669020026922226, 0.6709616184234619, 0.665194571018219, 0.6675387918949127, 0.6660932004451752, 0.6658411920070648, 0.6654465198516846, 0.6643432974815369, 0.6707859039306641, 0.666933685541153, 0.6675631999969482, 0.6652002036571503, 0.6662995517253876, 0.6669693887233734, 0.6669703423976898, 0.6663239002227783, 0.6631992757320404, 0.664749026298523, 0.662590742111206, 0.6657365262508392, 0.6623137891292572, 0.662195235490799, 0.6650187373161316, 0.6628888547420502, 0.6651818454265594, 0.6615220904350281, 0.6624986529350281, 0.6633926928043365, 0.6619206070899963, 0.663975328207016, 0.6598061621189117, 0.659709095954895, 0.6599128842353821, 0.6607911586761475, 0.6638103723526001, 0.6623669564723969, 0.6609354913234711, 0.6579014658927917, 0.6613514423370361, 0.6617047786712646, 0.6601990461349487, 0.6599065959453583, 0.6608629524707794, 0.6630234122276306, 0.6600591838359833, 0.6608408391475677, 0.6579004228115082, 0.6591426730155945, 0.6581558287143707, 0.6578105986118317, 0.6535840928554535, 0.6583506464958191, 0.654658854007721, 0.6560503244400024, 0.6527999937534332, 0.6564188301563263, 0.6576263010501862, 0.6581408381462097, 0.6562970578670502, 0.651863306760788, 0.6515987813472748, 0.6534965932369232, 0.6524747908115387, 0.6529143750667572, 0.655752420425415, 0.6514365971088409, 0.6544507741928101, 0.6512805223464966, 0.6503386199474335, 0.6533839702606201, 0.6466194987297058, 0.6525412499904633, 0.6502679884433746, 0.6518902480602264, 0.6495103240013123, 0.6475820243358612, 0.6486178338527679, 0.6489514708518982, 0.6514120697975159, 0.6478758752346039, 0.6502133011817932, 0.6448167562484741, 0.6505124270915985, 0.6486639380455017, 0.6449330151081085, 0.6482647657394409, 0.6462659239768982, 0.6409805715084076, 0.6439850926399231, 0.6493693888187408, 0.6486924886703491, 0.6458706557750702, 0.648938924074173, 0.645824521780014, 0.6476566791534424, 0.6452687084674835, 0.642356276512146, 0.6432684361934662, 0.6494141221046448, 0.6422106027603149, 0.6450549960136414, 0.6402513980865479, 0.6378841400146484, 0.6376564502716064, 0.6411189436912537, 0.639647901058197, 0.63777294754982, 0.6426766216754913, 0.642212301492691, 0.6370691955089569, 0.636639803647995, 0.6400391757488251, 0.6364355385303497, 0.6415593028068542, 0.6432976424694061, 0.6393237113952637, 0.6392910778522491, 0.6345007121562958, 0.6374237835407257, 0.6408261954784393, 0.6390712559223175, 0.6361351907253265, 0.6416795253753662, 0.6348485350608826, 0.6389404535293579, 0.6360963582992554, 0.6345264315605164, 0.6328729689121246, 0.6304744184017181, 0.6286876499652863, 0.6342205107212067, 0.6385330259799957, 0.6389100551605225, 0.634611964225769, 0.6294141113758087, 0.6314800381660461, 0.6314222514629364, 0.6291010975837708, 0.6277451813220978, 0.6246902644634247, 0.6312220692634583, 0.6248907148838043, 0.6274429857730865, 0.6295480728149414, 0.6325312554836273, 0.6254249215126038, 0.625880628824234, 0.6290505230426788, 0.6309207677841187, 0.6283526122570038, 0.6267772018909454, 0.6318806111812592, 0.6256419122219086, 0.6239565312862396, 0.62196946144104, 0.6169167459011078, 0.6286349892616272, 0.6237301826477051, 0.6145541369915009, 0.6238040030002594, 0.6177097856998444, 0.6240163743495941, 0.6254327297210693, 0.6137417256832123, 0.6221894025802612, 0.6126316785812378, 0.6211483776569366, 0.618116170167923, 0.6170420348644257, 0.6148328185081482, 0.6170163154602051, 0.6198188960552216, 0.6174509227275848, 0.6130513548851013, 0.6189031600952148, 0.6185688078403473, 0.6158143877983093, 0.6227695047855377, 0.612954169511795, 0.6156191229820251, 0.614727646112442, 0.6183293461799622, 0.606055498123169, 0.6063669323921204, 0.6216750741004944, 0.6151622533798218, 0.6132633686065674, 0.6161078810691833, 0.6132826507091522, 0.611761212348938, 0.6163869500160217, 0.6118019223213196, 0.603240430355072, 0.6182747185230255, 0.6127172708511353, 0.603355199098587, 0.6194628179073334, 0.611779510974884, 0.6105242371559143, 0.6098631322383881, 0.5996545553207397, 0.6001377701759338, 0.6112552881240845, 0.6101852059364319, 0.6081060469150543, 0.6093075275421143, 0.6010463535785675, 0.605772465467453, 0.607221394777298, 0.6057212650775909, 0.6096270084381104, 0.6099714040756226, 0.6043718457221985, 0.6077916324138641, 0.5967756509780884, 0.6046232581138611, 0.6005196273326874, 0.6035103499889374, 0.5982093811035156, 0.6094399690628052, 0.6071845889091492, 0.6028849184513092, 0.6045715808868408, 0.6031059622764587, 0.6008824706077576, 0.6011306047439575, 0.6014457046985626, 0.6041417121887207, 0.6007892787456512, 0.5992429852485657, 0.6002553701400757, 0.5926470756530762, 0.5977840721607208, 0.5927101075649261, 0.5879944264888763, 0.5931527018547058, 0.6003893613815308, 0.6004780232906342, 0.5834048390388489, 0.6025978326797485, 0.6002138257026672, 0.5960721671581268, 0.5951951146125793, 0.5919677019119263, 0.5906190276145935, 0.5981212258338928, 0.5825758874416351, 0.6002958416938782, 0.5876838862895966, 0.6035992205142975, 0.5867040455341339, 0.6019305288791656, 0.6045636832714081, 0.6022320687770844, 0.5955663919448853, 0.5888552665710449, 0.5845588445663452, 0.5911720097064972, 0.5826908349990845, 0.5890367031097412, 0.5757975876331329, 0.5835386216640472, 0.5959148705005646, 0.5818802416324615, 0.5926754474639893, 0.5912588834762573, 0.5827191472053528, 0.5925433039665222, 0.5728960037231445, 0.5811876952648163, 0.5750837326049805, 0.5861371159553528, 0.5791262984275818, 0.5749208927154541, 0.5834688544273376, 0.5836141705513, 0.5688350200653076, 0.5851214230060577, 0.5822995007038116, 0.5849031805992126, 0.5821362137794495, 0.5809792280197144, 0.5795521438121796, 0.5768097639083862, 0.5937518179416656, 0.5910929441452026, 0.5795712471008301, 0.5728717744350433, 0.580374151468277, 0.5835128426551819, 0.583998292684555, 0.5758387446403503, 0.586478978395462, 0.5646880269050598, 0.5738919675350189, 0.5719911754131317, 0.5813915729522705, 0.5767416059970856, 0.5772309601306915, 0.5770772695541382, 0.5869649946689606, 0.5805067420005798, 0.5772282481193542, 0.5734857022762299, 0.5711461901664734, 0.5783008635044098, 0.5777203440666199, 0.5655843913555145, 0.5745391249656677, 0.571314811706543, 0.5702599585056305, 0.578740268945694, 0.5735161900520325, 0.566434919834137, 0.5690461993217468, 0.561315655708313, 0.5759972631931305, 0.5647986531257629, 0.5677449107170105, 0.5548809468746185, 0.5647132992744446, 0.5666685402393341, 0.5784323513507843, 0.5662913918495178, 0.5596939623355865, 0.5731854140758514, 0.5692683160305023, 0.566710352897644, 0.5740964710712433, 0.5709041357040405, 0.5772650241851807, 0.5514392256736755, 0.5770260989665985, 0.5456066727638245, 0.5515686571598053, 0.5602312982082367, 0.5704009234905243, 0.5685377418994904, 0.5707955062389374, 0.5553809106349945, 0.5582788586616516, 0.5606346726417542, 0.5571954250335693, 0.5614632964134216, 0.5532811284065247, 0.5671850740909576, 0.5604246258735657, 0.5568300485610962, 0.5530718564987183, 0.5572766363620758, 0.5599838197231293, 0.5560151934623718, 0.5618440806865692, 0.5599783062934875, 0.5538719892501831, 0.5500344932079315, 0.560940146446228, 0.5585873425006866, 0.5533352494239807, 0.5665524303913116, 0.5568155944347382, 0.5541346371173859, 0.5517317652702332, 0.5633651912212372, 0.5593186318874359, 0.5602538287639618, 0.5504373610019684, 0.5579231977462769, 0.536594808101654, 0.5570488274097443, 0.5569113194942474, 0.545637845993042, 0.5668048560619354, 0.5531264841556549, 0.5456022620201111, 0.5453917980194092, 0.5436412990093231, 0.5429956316947937, 0.5578418076038361, 0.5495745241641998, 0.5526897609233856, 0.5577856600284576, 0.5516281425952911, 0.541631281375885, 0.562319278717041, 0.566943883895874, 0.5530773997306824, 0.5543572306632996, 0.5382100045681, 0.5482777059078217, 0.5396424233913422, 0.5520451962947845, 0.5357728600502014, 0.5337843298912048, 0.5613431036472321, 0.5428801476955414, 0.5608446300029755, 0.5530997216701508, 0.539664626121521, 0.555684894323349, 0.5476698875427246, 0.5404980480670929, 0.5450582802295685, 0.543134868144989, 0.560202419757843, 0.5459410548210144, 0.5446459054946899, 0.5425450503826141, 0.534951388835907, 0.532206654548645, 0.5372082591056824, 0.5264114439487457, 0.534716933965683, 0.5289469361305237, 0.5386646091938019, 0.5542014241218567, 0.5494889914989471, 0.5224223136901855, 0.5295148193836212, 0.5487618744373322, 0.5353904962539673, 0.5364954769611359, 0.5357187986373901, 0.5349177420139313, 0.5189516842365265, 0.5342096388339996, 0.5213363170623779, 0.5282483100891113, 0.5324203670024872, 0.5291741788387299, 0.5249036550521851, 0.540149450302124, 0.5491482019424438, 0.5401280224323273, 0.5319709479808807, 0.547006368637085, 0.5444324314594269, 0.5239430963993073, 0.5282992720603943, 0.5279897451400757, 0.5380805730819702, 0.5364421606063843, 0.5374829769134521, 0.5369732081890106, 0.5362029671669006, 0.5167477130889893, 0.5357890129089355, 0.5279935300350189, 0.5417347550392151, 0.5354697704315186, 0.5322700440883636, 0.5142852067947388, 0.5283348560333252, 0.5472317337989807, 0.5097399353981018, 0.5369446575641632, 0.5189833641052246, 0.5237533152103424, 0.5200837552547455, 0.5195536315441132, 0.5396396517753601, 0.5363687872886658, 0.5264907479286194, 0.5295377671718597, 0.5236759185791016, 0.5460439324378967, 0.5264846682548523, 0.5327624082565308, 0.5355142056941986, 0.524707019329071, 0.541194349527359, 0.5506637096405029, 0.5369020402431488, 0.525571882724762, 0.5223632752895355, 0.5498853921890259, 0.5217758417129517, 0.539241224527359, 0.5440675616264343, 0.5063769221305847, 0.5142445266246796, 0.5223880410194397, 0.5038770437240601, 0.5188001096248627, 0.5275538265705109, 0.5342531800270081, 0.5062160491943359, 0.5081922709941864, 0.523293137550354, 0.5335852801799774, 0.5271927118301392, 0.520356297492981, 0.5354404747486115, 0.502313956618309, 0.5220032930374146, 0.5195546746253967, 0.5181475877761841, 0.5166718065738678, 0.5197848379611969, 0.5175267457962036, 0.5258776992559433, 0.5286251604557037, 0.5251602232456207, 0.5222544074058533, 0.5220049023628235, 0.5037360191345215, 0.5307684242725372, 0.5314039885997772, 0.5357713997364044, 0.5222935080528259, 0.5301740765571594, 0.5119449198246002, 0.5157433450222015, 0.5173979103565216, 0.5021848827600479, 0.5285312533378601, 0.5132193863391876, 0.5045673549175262, 0.5171869993209839, 0.5256585776805878, 0.5127709805965424, 0.5165714919567108, 0.5114717483520508, 0.5155832469463348, 0.504361093044281, 0.48332254588603973, 0.513062447309494, 0.5078848004341125, 0.5134498775005341, 0.5205184817314148, 0.5106073468923569, 0.5055952817201614, 0.5308586061000824, 0.5020164400339127, 0.5114598572254181, 0.509271115064621, 0.5132724344730377, 0.4968476891517639, 0.5206542909145355, 0.5038550496101379, 0.49797141551971436, 0.5040540993213654, 0.4953753352165222, 0.4977962076663971, 0.498498871922493, 0.5249660313129425, 0.4970935583114624, 0.49299246072769165, 0.514258086681366, 0.5065741837024689, 0.5017611533403397, 0.502844363451004, 0.5119054764509201, 0.5156475901603699, 0.5188641250133514, 0.509622186422348, 0.5140677690505981, 0.5021428763866425, 0.5183088779449463, 0.5021965056657791, 0.5128565728664398, 0.4978174418210983, 0.49465908110141754, 0.4806361347436905, 0.5140711069107056, 0.48345819115638733, 0.49474895000457764, 0.5051820874214172, 0.5326357185840607, 0.5028183162212372, 0.5029916763305664, 0.5023346394300461, 0.5022992938756943, 0.5175449848175049, 0.4966943860054016, 0.5286774337291718, 0.5058851540088654, 0.521405041217804, 0.5097682327032089, 0.5205332040786743, 0.5161669850349426, 0.5124724805355072, 0.5110551118850708, 0.49183090031147003, 0.5000379085540771, 0.5025714486837387, 0.5240139067173004, 0.4949917793273926, 0.49439796805381775, 0.4976495951414108, 0.5276379883289337, 0.49294598400592804, 0.5009054839611053, 0.4888804852962494, 0.4865207076072693, 0.523564875125885, 0.49886123836040497, 0.5010851919651031, 0.5039736032485962, 0.511231392621994, 0.515304297208786, 0.49782267212867737, 0.4996281862258911, 0.5158131420612335, 0.49290864169597626, 0.4873688966035843, 0.49919620156288147, 0.48331114649772644, 0.4769396632909775, 0.4874678701162338, 0.4877268522977829, 0.5116443634033203, 0.510071188211441, 0.48793651163578033, 0.5026204288005829, 0.4846557080745697, 0.5079672634601593, 0.5027058869600296, 0.48916295170783997, 0.4939054250717163, 0.48428332805633545, 0.4871216416358948, 0.5124873220920563, 0.4995216727256775, 0.4896232485771179, 0.507613480091095, 0.49651214480400085, 0.49939635396003723, 0.46694381535053253, 0.4733875095844269, 0.5002819448709488, 0.4901577979326248, 0.4668538570404053, 0.48985570669174194, 0.4849168658256531, 0.49072858691215515, 0.4799785315990448, 0.49736660718917847, 0.4899594336748123, 0.49225544929504395, 0.4693773537874222, 0.507440447807312, 0.4875159412622452, 0.4934115409851074, 0.48891206085681915, 0.48233599960803986, 0.49114592373371124, 0.4756162315607071, 0.4773930162191391, 0.4822504222393036, 0.4941943883895874, 0.47783714532852173, 0.5078025162220001, 0.521936446428299, 0.47474004328250885, 0.47638265788555145, 0.46878597140312195, 0.48079757392406464, 0.47066840529441833, 0.4978892654180527, 0.4715227782726288, 0.45658980309963226, 0.5017054378986359, 0.4892805516719818, 0.49403631687164307, 0.48299606144428253, 0.502727210521698, 0.4891257584095001, 0.49805687367916107, 0.4941829741001129, 0.4726521670818329, 0.4808420389890671, 0.4819452166557312, 0.5194481909275055, 0.4894329011440277, 0.49284549057483673, 0.4849359095096588, 0.4690742939710617, 0.49511203169822693, 0.4779054969549179, 0.4829114228487015, 0.4893821030855179, 0.4839313477277756, 0.48028266429901123, 0.48413631319999695, 0.477187380194664, 0.4596372991800308, 0.47663144767284393, 0.4513128697872162, 0.48182182013988495, 0.47101253271102905, 0.4822779893875122, 0.4721556752920151, 0.47143377363681793, 0.4909631162881851, 0.4922623038291931, 0.4804864972829819, 0.4804801195859909, 0.48880697786808014, 0.4806451052427292, 0.4674199968576431, 0.47641709446907043, 0.486453652381897, 0.49790632724761963, 0.47532306611537933, 0.4806292653083801, 0.4776919186115265, 0.48462551832199097, 0.4888579696416855, 0.4937240481376648, 0.491537407040596, 0.4819076955318451, 0.4743121266365051, 0.4859485477209091, 0.48834027349948883, 0.4709719270467758, 0.47116614878177643, 0.486102893948555, 0.47724147140979767, 0.4639489948749542, 0.4658714085817337, 0.48224179446697235, 0.48165324330329895, 0.4986962378025055, 0.4845150113105774, 0.4763284772634506, 0.4801229238510132, 0.4587664306163788, 0.4724534600973129, 0.4885042756795883, 0.4888933002948761, 0.459865540266037, 0.486870139837265, 0.4736189693212509, 0.4756734371185303, 0.4630948454141617, 0.4614269435405731, 0.4642105847597122, 0.48626768589019775, 0.4705832749605179, 0.4645906090736389, 0.4814629703760147, 0.47810615599155426, 0.4694807231426239, 0.47816741466522217, 0.4672536551952362, 0.47231246531009674, 0.4879041910171509, 0.4584394842386246, 0.45812444388866425, 0.4657530188560486, 0.4402551203966141, 0.4812859445810318, 0.4589702934026718, 0.4797467887401581, 0.4862377196550369, 0.44555139541625977, 0.45450161397457123, 0.46743763983249664, 0.4655096083879471, 0.47374680638313293, 0.49753646552562714, 0.47511062026023865, 0.44991904497146606, 0.4643545001745224, 0.4895920008420944, 0.4910392463207245, 0.5062025785446167, 0.4562546908855438, 0.46887125074863434, 0.4620753824710846, 0.4659896194934845, 0.47980791330337524, 0.47511307895183563, 0.4548136293888092, 0.47872982919216156, 0.4918585270643234, 0.4753359705209732, 0.4851057529449463, 0.4576101154088974, 0.4701308608055115, 0.4695926010608673, 0.4684145748615265, 0.4750160872936249, 0.47881554067134857, 0.45090512931346893, 0.4392860531806946, 0.48723819851875305, 0.4812145382165909, 0.47925442457199097, 0.4626339375972748, 0.47223038971424103, 0.4684019386768341, 0.4719014912843704, 0.465985968708992, 0.46154214441776276]
Validation ROC AUC: 0.9264214046822743
Validation Confusion Matrix: [[42, 4], [3, 10]]
Validation Precision: 0.7142857142857143
Validation Recall: 0.7692307692307693
Validation F1 Score: 0.7407407407407408
Validation Accuracy: 0.8813559322033898
Test ROC AUC: 0.7252155172413793
Test Confusion Matrix: [[52, 6], [8, 8]]
Test Precision: 0.5714285714285714
Test Recall: 0.5
Test F1 Score: 0.5333333333333333
Test Accuracy: 0.8108108108108109
Validation Set Size: 59
Test Set Size: 74
