Enhancer: E18C2
Label: mm_v_all
Padding: True
Batch Size: 256
Learning Rate: 2e-06
Epochs: 1000
Subset: 1.0 (number of training samples: 3003)
Weight Decay: 0.01
Optimizer: adam
Coverage: 10
Jiggle: 3
Confusion Matrix: [[0.4637964774951076, 0.5362035225048923], [0.4009216589861751, 0.5990783410138248]]
Unnormalized Confusion Matrix: [[237, 274], [174, 260]]
Number of Epochs: 104
Train Losses: [0.6934836705525717, 0.6931481858094534, 0.6943817883729935, 0.6941341608762741, 0.6943841874599457, 0.6933902154366175, 0.6934236139059067, 0.6933616548776627, 0.6935609330733618, 0.6936316192150116, 0.6931213637193044, 0.6936187297105789, 0.6931883146365484, 0.692687546213468, 0.6931320279836655, 0.6924218436082205, 0.6926380097866058, 0.6936436593532562, 0.6933409670988718, 0.6927395810683569, 0.6930221815903982, 0.6935099015633265, 0.6928062786658605, 0.693465530872345, 0.6932570487260818, 0.6929120669762293, 0.6936112344264984, 0.693265363574028, 0.6926175355911255, 0.6930407832066218, 0.6935455451409022, 0.69325952231884, 0.6937452455361685, 0.6935657461484274, 0.6938635756572088, 0.6927983810504278, 0.6926455696423849, 0.6926364749670029, 0.6929904023806254, 0.6940352767705917, 0.6932029028733572, 0.6927355577548345, 0.6940915733575821, 0.6937588403622309, 0.6938647776842117, 0.6936091681321462, 0.692993755141894, 0.6931421607732773, 0.6928794682025909, 0.6931649794181188, 0.6929134676853815, 0.6929422815640768, 0.693122019370397, 0.6931731800238291, 0.693095882733663, 0.6933449655771255, 0.6931562771399816, 0.6924221316973368, 0.6935111929972967, 0.6932148039340973, 0.6934514939785004, 0.6928839087486267, 0.6931409488121668, 0.6927397648493449, 0.6925921042760214, 0.6938577691713969, 0.6929898212353388, 0.6934946725765864, 0.6932326555252075, 0.6926760226488113, 0.693225676814715, 0.6932792911926905, 0.6934109727541605, 0.6922630419333776, 0.6928358574708303, 0.6933230509360632, 0.6936577608187994, 0.6934527903795242, 0.6929810245831808, 0.6928566594918569, 0.6923939834038416, 0.6926515847444534, 0.6926194876432419, 0.6931112408638, 0.692915807167689, 0.6940207580725352, 0.6928938080867132, 0.6926459719737371, 0.6939666519562403, 0.6931867748498917, 0.6934007455905279, 0.692209263642629, 0.6926475316286087, 0.6933225840330124, 0.6931520650784174, 0.6929242163896561, 0.6922459403673807, 0.6927912483612696, 0.692868784070015, 0.6923794001340866, 0.6932897319396337, 0.692593514919281, 0.6934582193692526, 0.6926271816094717]
Validation Losses: [0.6936225295066833, 0.6946158011754354, 0.6977503101030985, 0.6921794215838114, 0.6927405198415121, 0.6929288109143575, 0.6928003033002218, 0.693019429842631, 0.6929682691891988, 0.6927840709686279, 0.6926896373430887, 0.6927906473477682, 0.6930728157361349, 0.6928972005844116, 0.6931991577148438, 0.6927995483080546, 0.6927808125813802, 0.6926647424697876, 0.6930157343546549, 0.6924760739008585, 0.6929364999135336, 0.6929259896278381, 0.6929964025815328, 0.6932440002759298, 0.6928519407908121, 0.6927661101023356, 0.6928644975026449, 0.6929027636845907, 0.6932743986447653, 0.6930841008822123, 0.6927971442540487, 0.6927783091862997, 0.6931015253067017, 0.6932121912638346, 0.6931604146957397, 0.6927457253138224, 0.6928858558336893, 0.6927258769671122, 0.6930007338523865, 0.6930164694786072, 0.6928899089495341, 0.6927276651064554, 0.6930676102638245, 0.6925758123397827, 0.6929371158281962, 0.6932375828425089, 0.6931981643040975, 0.692854126294454, 0.692631185054779, 0.6929276982943217, 0.6929247975349426, 0.6927374203999838, 0.6929253141085306, 0.692883312702179, 0.6925946672757467, 0.6927193999290466, 0.6929201086362203, 0.6932410399119059, 0.6929225921630859, 0.6928467551867167, 0.6929331223169962, 0.692956805229187, 0.692742665608724, 0.6926866769790649, 0.6928587754567465, 0.6928659478823344, 0.6930755178133646, 0.6928555170694987, 0.6930966377258301, 0.6929292877515157, 0.692794680595398, 0.6928514838218689, 0.6929196914037069, 0.6928526957829794, 0.6928765972455343, 0.6926582256952921, 0.692760149637858, 0.6930312712987264, 0.6927369236946106, 0.6928455233573914, 0.6931217114130656, 0.6926621596018473, 0.6928356289863586, 0.6927879055341085, 0.6928352117538452, 0.6928114692370096, 0.6925074458122253, 0.6928668816884359, 0.6925390164057413, 0.692390243212382, 0.6925356984138489, 0.6927908460299174, 0.6928949157396952, 0.6928703784942627, 0.6930938760439554, 0.6926171978314718, 0.6927471955617269, 0.692787230014801, 0.6930202841758728, 0.6929426987965902, 0.6927965879440308, 0.6928029656410217, 0.6926835974057516, 0.693167249361674]
