Enhancer: E25B2
Label: mm_v_all
Padding: True
Batch Size: 256
Learning Rate: 2e-06
Epochs: 1000
Subset: 1.0 (number of training samples: 294)
Weight Decay: 0.01
Optimizer: adam
Coverage: 10
Jiggle: 3
Confusion Matrix: [[0.0, 1.0], [0.0, 1.0]]
Unnormalized Confusion Matrix: [[0, 91], [0, 7]]
Number of Epochs: 136
Train Losses: [0.6862285435199738, 0.6863141059875488, 0.696595311164856, 0.695066511631012, 0.6947222054004669, 0.6988719403743744, 0.6978962421417236, 0.695337325334549, 0.6969234347343445, 0.6910843849182129, 0.6916457414627075, 0.6914850175380707, 0.6973769962787628, 0.6990965306758881, 0.6885203123092651, 0.696416437625885, 0.6981292068958282, 0.7009874284267426, 0.6957533061504364, 0.6861281394958496, 0.6987545788288116, 0.6937658190727234, 0.6933038830757141, 0.6908306777477264, 0.6944302916526794, 0.6960357427597046, 0.6899408996105194, 0.6852625906467438, 0.6921185851097107, 0.6853564381599426, 0.6953990459442139, 0.6946347653865814, 0.6971051394939423, 0.6925972402095795, 0.7035908102989197, 0.6983648836612701, 0.6899502575397491, 0.7034007608890533, 0.6868743300437927, 0.6944722235202789, 0.6909925639629364, 0.6992054283618927, 0.6864152252674103, 0.6916021108627319, 0.6919100284576416, 0.6895144879817963, 0.693556159734726, 0.690285861492157, 0.6977540552616119, 0.6961145102977753, 0.6943663954734802, 0.6918675303459167, 0.7001242935657501, 0.6944604218006134, 0.6985966563224792, 0.6882577538490295, 0.7013162672519684, 0.6922630071640015, 0.6957695484161377, 0.6980809271335602, 0.6846586465835571, 0.6849124133586884, 0.684601902961731, 0.6857653856277466, 0.6991963684558868, 0.692015528678894, 0.6938339173793793, 0.6955760419368744, 0.6918110847473145, 0.6885109841823578, 0.7010048925876617, 0.6954719722270966, 0.6960978507995605, 0.6957452893257141, 0.693611204624176, 0.6945609450340271, 0.6863742172718048, 0.6935518980026245, 0.68454310297966, 0.6900386810302734, 0.685543566942215, 0.6985426545143127, 0.6896117329597473, 0.6934774816036224, 0.6922672688961029, 0.6873427331447601, 0.6902773380279541, 0.691424161195755, 0.695978581905365, 0.6930247247219086, 0.691965252161026, 0.6973048448562622, 0.6930777430534363, 0.6924172341823578, 0.6915305554866791, 0.686623752117157, 0.687188059091568, 0.6885437667369843, 0.6890967190265656, 0.6887642741203308, 0.6888575255870819, 0.6874719858169556, 0.6876811385154724, 0.6870389878749847, 0.6929879188537598, 0.685668557882309, 0.6863571107387543, 0.696370393037796, 0.6900616586208344, 0.6891586780548096, 0.6971103549003601, 0.6949653625488281, 0.6878544390201569, 0.6973649263381958, 0.6955937445163727, 0.6931078732013702, 0.6904127299785614, 0.6894172132015228, 0.6848891079425812, 0.6946645081043243, 0.6904673874378204, 0.692396730184555, 0.6877737641334534, 0.7003589570522308, 0.6996609568595886, 0.6913358569145203, 0.6842063963413239, 0.6991377174854279, 0.6904086172580719, 0.6892847120761871, 0.6897923350334167, 0.6919202208518982, 0.6958091557025909, 0.686935544013977, 0.6940639913082123, 0.691949188709259]
Validation Losses: [0.6961727738380432, 0.69659823179245, 0.6939997673034668, 0.6927738189697266, 0.693425178527832, 0.6933518648147583, 0.6930840015411377, 0.6916060447692871, 0.6918178200721741, 0.6948604583740234, 0.6940656304359436, 0.6915411949157715, 0.6875550150871277, 0.6975923776626587, 0.6952915787696838, 0.6907659769058228, 0.6912827491760254, 0.6956192851066589, 0.6891716122627258, 0.6927805542945862, 0.6894552707672119, 0.6972602009773254, 0.6964925527572632, 0.694231390953064, 0.6870127320289612, 0.6975603103637695, 0.6966834664344788, 0.6903411746025085, 0.6842470765113831, 0.6991723775863647, 0.7000404000282288, 0.6960670948028564, 0.6952439546585083, 0.6955842971801758, 0.6942733526229858, 0.6776561141014099, 0.6972009539604187, 0.6884135603904724, 0.6924818158149719, 0.6993180513381958, 0.696914553642273, 0.6898951530456543, 0.6858059763908386, 0.6989052295684814, 0.7003815770149231, 0.6903852224349976, 0.691183865070343, 0.6926423907279968, 0.6988010406494141, 0.6964890360832214, 0.6897443532943726, 0.6984456777572632, 0.6935780644416809, 0.6913101673126221, 0.6849369406700134, 0.6946976780891418, 0.6924413442611694, 0.6932084560394287, 0.6969748139381409, 0.6934089660644531, 0.695551872253418, 0.6961309313774109, 0.6896783113479614, 0.6980070471763611, 0.68744295835495, 0.6947094202041626, 0.6935616731643677, 0.6880744099617004, 0.6890384554862976, 0.6958345770835876, 0.7003278732299805, 0.6931940913200378, 0.6905231475830078, 0.6900615096092224, 0.6900860667228699, 0.7008622288703918, 0.6915196776390076, 0.6952908039093018, 0.6922984719276428, 0.6928434371948242, 0.7007749676704407, 0.6939882636070251, 0.7061905264854431, 0.6938143968582153, 0.6909338235855103, 0.6873319149017334, 0.7027931809425354, 0.698214054107666, 0.687456488609314, 0.6950251460075378, 0.6969717144966125, 0.688971221446991, 0.6984995007514954, 0.6889422535896301, 0.6978412866592407, 0.6916294097900391, 0.6979389786720276, 0.6893156170845032, 0.6973155736923218, 0.6956785321235657, 0.7036915421485901, 0.6910703182220459, 0.6942628026008606, 0.6941916346549988, 0.6990274786949158, 0.6914855241775513, 0.6923279166221619, 0.6889573335647583, 0.6862717270851135, 0.6968346238136292, 0.6906176209449768, 0.6948763132095337, 0.6923218965530396, 0.694940984249115, 0.6889572143554688, 0.6995798349380493, 0.6854636669158936, 0.6883943676948547, 0.689986526966095, 0.6903071999549866, 0.6956608891487122, 0.6965258717536926, 0.6947686672210693, 0.6835373640060425, 0.6945078372955322, 0.6827113628387451, 0.6937680244445801, 0.6880539655685425, 0.6878939270973206, 0.691994845867157, 0.690420389175415, 0.7000086307525635, 0.6934380531311035, 0.6960715651512146, 0.6918742060661316, 0.6937947869300842]
