Enhancer: E22P1D10
Label: mm_v_all
Padding: True
Batch Size: 256
Learning Rate: 2e-06
Epochs: 1000
Subset: 1.0 (number of training samples: 7287)
Weight Decay: 0.01
Optimizer: adam
Coverage: 10
Jiggle: 3
Confusion Matrix: [[0.9460641399416909, 0.05393586005830904], [0.25, 0.75]]
Unnormalized Confusion Matrix: [[1947, 111], [56, 168]]
Number of Epochs: 545
Train Losses: [0.6986951992429536, 0.6994624405071653, 0.6966506016665491, 0.698796886822273, 0.6984599417653578, 0.6968550887601129, 0.6955767541096128, 0.6945998812543934, 0.6973577717254902, 0.6952050019954813, 0.695152091568914, 0.6953832753773393, 0.6951641317071586, 0.6940189702757473, 0.694104001439851, 0.6946423177061409, 0.6937682217565077, 0.6941602086198742, 0.6939382758633844, 0.6929272844873625, 0.693523723503639, 0.6919170001457478, 0.6917932835118524, 0.6913379677410784, 0.6917458464359415, 0.691324190846805, 0.6912700616080185, 0.6908425585976963, 0.6906445252484289, 0.6902501480332737, 0.6906550506065632, 0.6889731637362776, 0.6885607571437441, 0.688543477962757, 0.6890130104689762, 0.6886048070315657, 0.6876525118433195, 0.6870915026500307, 0.6880583639802604, 0.6871409745051943, 0.6864741362374405, 0.6859459671480902, 0.6856810656087152, 0.6860551279166649, 0.6855544982285335, 0.6854559491420614, 0.6849946749621424, 0.6848470876956808, 0.6842095317511723, 0.6838273673221983, 0.6830340027809143, 0.6825997212837482, 0.6824883325346585, 0.6819844060930712, 0.6816416465002915, 0.6813748951615959, 0.6806796152016212, 0.6807194537129896, 0.6798513696111482, 0.6790687297952587, 0.6783832537716833, 0.6784230470657349, 0.6775593675416092, 0.6766822975257347, 0.6767113702050571, 0.6761290389915993, 0.6753944302427357, 0.6752606198705476, 0.6740740948709948, 0.6729346328768236, 0.6724636863017904, 0.6734912847650463, 0.6706654614415662, 0.6706513783027386, 0.6708233335922504, 0.6697594687856477, 0.6681478126295681, 0.6675211150070717, 0.6669990831408007, 0.6669659450136382, 0.6662161843530063, 0.6654341549708925, 0.6641613594416914, 0.6635817597652304, 0.6632364906113724, 0.6601240532151584, 0.6606365339509372, 0.6593321890666567, 0.6584634780883789, 0.6593027998661173, 0.6572125081358284, 0.6563881430132635, 0.655687743219836, 0.6546312837765135, 0.654770016670227, 0.6514096033984217, 0.6523901758522823, 0.6517691468370372, 0.6507663685699989, 0.6488741286869707, 0.647198239277149, 0.6453741048944408, 0.6462128778983807, 0.6455234330275963, 0.644652940075973, 0.6442548632621765, 0.6445523582655808, 0.641040261449485, 0.6399311690494932, 0.6405937281148187, 0.6363995774038906, 0.6384766327923742, 0.638051937366354, 0.6378855808027859, 0.6357104490543234, 0.6329962076811955, 0.6335025100872435, 0.6323946919934503, 0.632797935913349, 0.6317786348277125, 0.6314093902193266, 0.6317221892291102, 0.6273148738104721, 0.6255711604808939, 0.6288970729400372, 0.624883731891369, 0.6228079405324213, 0.6250513298758145, 0.6225198137349096, 0.6223988697446626, 0.6225021769260538, 0.6228085982388464, 0.620288649509693, 0.6188694115342765, 0.6177944171017614, 0.620667957026383, 0.6167378281724865, 0.6169616744436067, 0.6149075647880291, 0.6126602250954201, 0.6152612525841286, 0.6142396618579996, 0.6106274518473395, 0.613837782678933, 0.6106010572663669, 0.6100623422655566, 0.6109990395348648, 0.6103825199192968, 0.6073636268747264, 0.6079213763105458, 0.6035395326285526, 0.6043422427670709, 0.6061975997069786, 0.6043369523410139, 0.5978528055651434, 0.5979203807896581, 0.596803210932633, 0.6001400084331118, 0.5992964999429111, 0.5964459406918493, 0.5922997429453093, 0.5939204405094015, 0.595842470382822, 0.5929588202772469, 0.5955206669610122, 0.594501178840111, 0.5882754140886767, 0.5884532805146843, 0.5896265835597597, 0.5895124262776869, 0.5845060903450539, 0.5853967810499257, 0.5854071851434379, 0.5802277655437075, 0.5814593187693892, 0.5802774819834479, 0.5795714423574251, 0.5821138085990116, 0.5761368850181843, 0.5801264150389309, 0.5758122102967624, 0.5705065090080788, 0.5725294454344387, 0.5695975278985912, 0.5741518776992272, 0.5736185538357702, 0.5712438040766222, 0.5660587672529549, 0.5680281067716664, 0.5662901072666563, 0.5609587944787124, 0.5646154901077007, 0.5612298003558455, 0.5650990605354309, 0.560118541635316, 0.5602659891391623, 0.5591214833588436, 0.5550627811201687, 0.558233931146819, 0.5574413722959058, 0.5491088731535549, 0.5531193963412581, 0.5508726670824248, 0.5477726048436659, 0.5534441142246641, 0.5451612965813999, 0.5470575566949516, 0.5430774565400749, 0.5484533124956591, 0.5386167559130438, 0.5423392591805294, 0.5356481897419897, 0.5404865453983175, 0.5405283693609566, 0.5388121358279524, 0.5350029848772904, 0.54027370954382, 0.5364935788614996, 0.5323650528644693, 0.5294702895756426, 0.5320767328656953, 0.5308987313303454, 0.5299043963695395, 0.5300710478733326, 0.5295345166633869, 0.5247523507167553, 0.5282705642026047, 0.5222020005357677, 0.5226192792941784, 0.5204613681497245, 0.5209056478122185, 0.5179314613342285, 0.5226268665543918, 0.5162798885641426, 0.5153880355686977, 0.5120304360471922, 0.5144817418065565, 0.5154283694152174, 0.5120783355729334, 0.5153392481392828, 0.5090133434739607, 0.5145615698962376, 0.5064252645804964, 0.5135389967211361, 0.5106140190157397, 0.5060042831404455, 0.5124286248766142, 0.5002090129359015, 0.5081842161458114, 0.5084388492436245, 0.5042805198965401, 0.49607132221090383, 0.5006895281117538, 0.49227467590364915, 0.49458888789703104, 0.4971015062825433, 0.49078177994695205, 0.4955467797558883, 0.4938760523138375, 0.49660088378807593, 0.4897550539723758, 0.49331465055202617, 0.4872730549039512, 0.48255517564970873, 0.48692123129450043, 0.48895202834030677, 0.4869569879153679, 0.4841967821121216, 0.4859525653822669, 0.48655095285382766, 0.47891719587917986, 0.4788985159890405, 0.477838521373683, 0.47985533599195807, 0.4743341115014306, 0.4782450425213781, 0.4729466551336749, 0.4839215648585352, 0.46744183219712354, 0.47511164278819645, 0.47448654626977854, 0.46298753393107445, 0.47322219610214233, 0.47457442406950323, 0.46609934239551937, 0.4642805590711791, 0.4667055421862109, 0.4656620056464754, 0.46012252671965237, 0.46837762100943203, 0.4637067061046074, 0.464405777125523, 0.46404530878724726, 0.45495899689608604, 0.46285093138957845, 0.45375903207680274, 0.4552691023925255, 0.4531424939632416, 0.4577820116075976, 0.4536533037136341, 0.4537556120033922, 0.45042544089514636, 0.45275911688804626, 0.4461026356138032, 0.45175870019814063, 0.4542803867109891, 0.4507226964523052, 0.4424562505606947, 0.44726075180645647, 0.44633644099893244, 0.4396102212626359, 0.43970245328442803, 0.438936756602649, 0.43506448330550357, 0.44304735496126374, 0.4409993989714261, 0.43811368736727485, 0.4377696832706188, 0.43814409909577207, 0.43233432543688805, 0.4266908261282691, 0.44220514338592004, 0.42814761605756035, 0.4319824257801319, 0.43087779242416907, 0.42867802134875593, 0.43517380233468683, 0.431974719310629, 0.425000740536328, 0.42934461708726557, 0.42579339393253984, 0.4299504664437524, 0.4184136760645899, 0.41850863654038, 0.4162201162042289, 0.4199497494204291, 0.4232883895265645, 0.42147203868833083, 0.41916084700617295, 0.4195242205570484, 0.41690646779948265, 0.4094063814344077, 0.4133720449332533, 0.4196889564908784, 0.41424228816196834, 0.41031012658415167, 0.40875280520011636, 0.4134694974997948, 0.40583429254334547, 0.40723163814380253, 0.40643948522107354, 0.4141814410686493, 0.40327523802888804, 0.4132361884774833, 0.4050177037715912, 0.40095303284710854, 0.40656597141561834, 0.39902734756469727, 0.4034181843543875, 0.39815986670296766, 0.4055765014270256, 0.40057668295399895, 0.40186827552729637, 0.3941084413692869, 0.3967794827346144, 0.39487682334307966, 0.40067316232056455, 0.3954724967479706, 0.3943675684517828, 0.3917793816533582, 0.39065097015479516, 0.3926125559313544, 0.38952300774640053, 0.38859534469144097, 0.3921686040944067, 0.39451699935156725, 0.3902641801998533, 0.3893976766487648, 0.3899083805495295, 0.38441024977585364, 0.38081019808506145, 0.38513098914047766, 0.3889595681223376, 0.3886890904656772, 0.3827357456601899, 0.3897701635442931, 0.3731386538209586, 0.37678864906574117, 0.38336570612315474, 0.37185297032882425, 0.37048776293623037, 0.3864301484206627, 0.3682484123213538, 0.3711341321468353, 0.3766585228771999, 0.3709021025690539, 0.3728495055231555, 0.37628122753110427, 0.3768877613133398, 0.37726309587215556, 0.37785638098059027, 0.3732632100582123, 0.37090266161951524, 0.3720905051149171, 0.3704047131127325, 0.36604330457490064, 0.370940657525227, 0.36028205012453013, 0.36293705475741417, 0.3635439184205285, 0.37241288094684993, 0.37418348522021855, 0.3631076504444254, 0.37124666057783984, 0.3545816530441416, 0.3663501760055279, 0.3632665327910719, 0.3573656688476431, 0.35977103792387866, 0.36002100747207116, 0.357431926603975, 0.3631959372553332, 0.35394217741900474, 0.3635635982299673, 0.3517728879533965, 0.34874305437351094, 0.34995908058922864, 0.3545245435731164, 0.35535491437747563, 0.34986929852387, 0.34771927574585226, 0.3461515225213149, 0.3572049397846748, 0.34929776808311197, 0.34582960811154595, 0.3445059174093707, 0.3496582580023798, 0.34138420532489644, 0.3413557060833635, 0.3429729126650712, 0.3441954727830558, 0.34462102733809374, 0.3436101346180357, 0.342813548342935, 0.3481011339302721, 0.34221448980528735, 0.3337405652835451, 0.3506082995184537, 0.3397967579035923, 0.3416235960763076, 0.33359018584777567, 0.32853427940401536, 0.3368160313573377, 0.33882849997487563, 0.33896137928140574, 0.32465015916988765, 0.33522875761163645, 0.3197518915965639, 0.32827620979013117, 0.33998037823315325, 0.32619512389446126, 0.33064806769634114, 0.32467063953136577, 0.33782996596961185, 0.3354527498113698, 0.33375756904996673, 0.324601404625794, 0.33039144298125955, 0.3322129300956068, 0.33935434756607846, 0.3230105073287569, 0.32598624661050996, 0.3335487688409871, 0.3186118047812889, 0.33062739721659956, 0.3215357702353905, 0.32839197125928155, 0.3246784991231458, 0.3258230418994509, 0.31998058023123904, 0.3094321694867364, 0.3195822423902051, 0.3171286767926709, 0.31793463332899685, 0.321368257547247, 0.31975895885763495, 0.3202328383922577, 0.30765742474588853, 0.3129377539815574, 0.31753695011138916, 0.3128321427723457, 0.31953083338408633, 0.31409641278201134, 0.31716572930072917, 0.31086173345302714, 0.310915167989402, 0.3106440387923142, 0.30599745080388824, 0.31667311643732005, 0.30319023337857476, 0.30779764364505635, 0.3115767014437708, 0.30890842758376025, 0.3128825143493455, 0.3044539813337655, 0.3047759075616968, 0.29777822566443474, 0.3063063359466092, 0.3043639433795008, 0.3005617558956146, 0.3036560662861528, 0.2956556698371624, 0.3046290781991235, 0.3021296036654505, 0.29413465693079194, 0.29593976201682254, 0.2929719367931629, 0.29658707565274733, 0.29103250339113435, 0.3027878588643567, 0.30037210110960333, 0.2936943193961834, 0.2896755687121687, 0.2900766483668623, 0.2870667289043295, 0.2910218208000578, 0.2775094072366583, 0.2885849979417077, 0.29152027697398747, 0.2876945523352459, 0.29314073509183425, 0.2839743762180723, 0.28667725674037275, 0.27858640150777225, 0.28067314367869806, 0.28458952955130873, 0.29142577175436346, 0.2909316276681834, 0.27224015572975424, 0.27820779126265954, 0.2755192132859394, 0.28147951898903684, 0.2733972730307743, 0.27956897842473, 0.2830925928107623]
Validation Losses: [0.6961487457156181, 0.698100209236145, 0.6968293413519859, 0.6947813257575035, 0.695839062333107, 0.6988983526825905, 0.696195088326931, 0.6970662698149681, 0.692869745194912, 0.6948500722646713, 0.6961164847016335, 0.6944924741983414, 0.6930710822343826, 0.6924881860613823, 0.6928310766816139, 0.6925815790891647, 0.690816730260849, 0.6927897557616234, 0.6913857161998749, 0.6929125413298607, 0.6916670054197311, 0.6923389732837677, 0.691153272986412, 0.6895598992705345, 0.6906746253371239, 0.6899433955550194, 0.6870512142777443, 0.688973993062973, 0.6872529909014702, 0.6913010627031326, 0.6868193224072456, 0.6874527707695961, 0.6857855021953583, 0.6879987716674805, 0.6843931153416634, 0.6844993829727173, 0.6848527193069458, 0.6844522133469582, 0.6839417219161987, 0.684583954513073, 0.6813374012708664, 0.6839069649577141, 0.681652158498764, 0.6821867898106575, 0.6811758875846863, 0.6800517067313194, 0.6802247390151024, 0.6786554455757141, 0.6795670688152313, 0.6786207109689713, 0.6783604770898819, 0.6758885309100151, 0.6772914528846741, 0.6762164533138275, 0.6770295426249504, 0.6744211986660957, 0.67568389326334, 0.6746612787246704, 0.6722823977470398, 0.67131357640028, 0.6726748645305634, 0.6713757514953613, 0.6709252074360847, 0.6692682802677155, 0.6686286628246307, 0.6680540814995766, 0.669194683432579, 0.6653013527393341, 0.6634150296449661, 0.6650077179074287, 0.6642688065767288, 0.6629127264022827, 0.6609618738293648, 0.660908654332161, 0.6574132964015007, 0.6610327064990997, 0.6576864495873451, 0.6571618020534515, 0.6570148468017578, 0.6518395468592644, 0.6536876857280731, 0.6528298854827881, 0.6569143608212471, 0.6482531726360321, 0.6491531729698181, 0.6435752660036087, 0.6471853628754616, 0.6434259116649628, 0.6435078456997871, 0.6427620351314545, 0.6412841528654099, 0.6368502378463745, 0.6373079121112823, 0.6371429562568665, 0.6307051256299019, 0.6329364478588104, 0.6329240649938583, 0.6280339732766151, 0.6317055523395538, 0.6254338175058365, 0.6283039301633835, 0.6275360435247421, 0.6272568330168724, 0.6249346286058426, 0.6301382631063461, 0.6239665374159813, 0.6220235228538513, 0.6243170723319054, 0.6186864003539085, 0.6153602451086044, 0.6141867116093636, 0.6083360761404037, 0.6117866486310959, 0.6162929460406303, 0.6094634532928467, 0.610865943133831, 0.6118524223566055, 0.6018140316009521, 0.6054891422390938, 0.6130344048142433, 0.6010247841477394, 0.6009943932294846, 0.5978102385997772, 0.6043319925665855, 0.5989999249577522, 0.5933559462428093, 0.5914547741413116, 0.5948327779769897, 0.5929852575063705, 0.5878149718046188, 0.5888113379478455, 0.5816125050187111, 0.5949627757072449, 0.5942794531583786, 0.58638896048069, 0.5880709812045097, 0.5782409980893135, 0.591243602335453, 0.5856486186385155, 0.5838831886649132, 0.5821043103933334, 0.5831740945577621, 0.5848936811089516, 0.596399262547493, 0.5793382227420807, 0.5741448923945427, 0.5633712448179722, 0.571038693189621, 0.5720705464482307, 0.5714950710535049, 0.5631402879953384, 0.569532997906208, 0.5693845599889755, 0.5756831839680672, 0.5717021450400352, 0.5609695389866829, 0.5633851513266563, 0.5634578466415405, 0.5733276382088661, 0.5630504041910172, 0.5686628818511963, 0.5560619831085205, 0.5599019601941109, 0.552729032933712, 0.5592215731739998, 0.5620848312973976, 0.5556413531303406, 0.5516294315457344, 0.5459764450788498, 0.5453202500939369, 0.5461420267820358, 0.5610881522297859, 0.5474403351545334, 0.5429808273911476, 0.539677694439888, 0.5538181811571121, 0.5566216260194778, 0.5448168888688087, 0.5438034161925316, 0.5415848344564438, 0.5402456820011139, 0.5405644848942757, 0.5398857817053795, 0.5428184643387794, 0.5232879668474197, 0.5355509221553802, 0.5350070744752884, 0.5354471169412136, 0.5413139685988426, 0.5373624339699745, 0.5267028883099556, 0.5323880612850189, 0.5138681903481483, 0.53513203561306, 0.5322185717523098, 0.5237129628658295, 0.5205359607934952, 0.526602029800415, 0.5260614305734634, 0.5320754051208496, 0.5232079327106476, 0.520507849752903, 0.5254563987255096, 0.5158221125602722, 0.5085139833390713, 0.5080443434417248, 0.5180464014410973, 0.5212479308247566, 0.5193503759801388, 0.5157286524772644, 0.5051302760839462, 0.5071044079959393, 0.5230768546462059, 0.5226625427603722, 0.5037638656795025, 0.49871282652020454, 0.5087143369019032, 0.5033610239624977, 0.5170378610491753, 0.5077275894582272, 0.5004338100552559, 0.501289963722229, 0.5022786892950535, 0.5057286471128464, 0.4927360564470291, 0.5037838630378246, 0.5118149667978287, 0.5050347670912743, 0.5029608719050884, 0.49019327387213707, 0.4963707886636257, 0.49075426161289215, 0.49366211891174316, 0.4897589758038521, 0.49935051798820496, 0.49001772329211235, 0.4892045259475708, 0.47822214663028717, 0.49371419474482536, 0.5066705010831356, 0.5117329098284245, 0.4895840138196945, 0.49668531864881516, 0.4994913712143898, 0.48821892589330673, 0.47927359864115715, 0.49571578204631805, 0.47876880690455437, 0.49226870760321617, 0.4711786285042763, 0.47913311049342155, 0.4940955974161625, 0.4820963814854622, 0.49871351569890976, 0.4811205193400383, 0.4784783534705639, 0.4770338237285614, 0.46763329580426216, 0.47647130116820335, 0.47305523231625557, 0.4899751543998718, 0.48495809733867645, 0.4607984088361263, 0.4818829111754894, 0.4867811053991318, 0.48451846837997437, 0.46364839375019073, 0.5007334835827351, 0.4638710059225559, 0.4789487235248089, 0.458409883081913, 0.47423848509788513, 0.47696543857455254, 0.46972353383898735, 0.4797864891588688, 0.4753735288977623, 0.47578345239162445, 0.4639539197087288, 0.47869592159986496, 0.46532126516103745, 0.47286223992705345, 0.4584036357700825, 0.45697272941470146, 0.4848799332976341, 0.46991876885294914, 0.44232822954654694, 0.4480641782283783, 0.4687141366302967, 0.45691175386309624, 0.4530129134654999, 0.4632526822388172, 0.47895296290516853, 0.461151335388422, 0.4616668112576008, 0.45558808371424675, 0.4579383656382561, 0.45761021599173546, 0.4737681485712528, 0.47007330507040024, 0.46455973014235497, 0.4390115551650524, 0.4436126574873924, 0.4573311395943165, 0.4640946313738823, 0.47177504748106003, 0.47362906485795975, 0.4490510821342468, 0.4637148901820183, 0.4640447534620762, 0.4551050625741482, 0.45966527983546257, 0.4535047188401222, 0.4534478150308132, 0.46223241835832596, 0.4483509734272957, 0.454970832914114, 0.44645775482058525, 0.4486197531223297, 0.4623875990509987, 0.45480892807245255, 0.45335931703448296, 0.46875666081905365, 0.4492989182472229, 0.43762819841504097, 0.4605427347123623, 0.4457687512040138, 0.4498344920575619, 0.46048351377248764, 0.4457886219024658, 0.459772951900959, 0.4541970156133175, 0.43293632939457893, 0.440092109143734, 0.44425320252776146, 0.4659752696752548, 0.45227300003170967, 0.4381685256958008, 0.4267421066761017, 0.4434902183711529, 0.43203170970082283, 0.4331761263310909, 0.4381936639547348, 0.43426068127155304, 0.4375295527279377, 0.4477587975561619, 0.43983177468180656, 0.4334773123264313, 0.45057057589292526, 0.43822483345866203, 0.4582725092768669, 0.42919547855854034, 0.43437841907143593, 0.42790453508496284, 0.42318130657076836, 0.42782872542738914, 0.41958267614245415, 0.4305786266922951, 0.4270915389060974, 0.4369600713253021, 0.44816502183675766, 0.4312569759786129, 0.455458365380764, 0.42810919135808945, 0.42347551882267, 0.419648639857769, 0.4342724084854126, 0.45078443363308907, 0.41733138263225555, 0.43098243325948715, 0.4642914608120918, 0.4363129921257496, 0.4483667463064194, 0.44875770434737206, 0.40910574793815613, 0.43473974615335464, 0.41382426023483276, 0.45465560629963875, 0.43096064776182175, 0.4648166820406914, 0.43119775503873825, 0.41614633426070213, 0.43616098538041115, 0.4352968744933605, 0.4199680984020233, 0.446619413793087, 0.41092269867658615, 0.43787169829010963, 0.42833569645881653, 0.4260237365961075, 0.4161889962852001, 0.4327053055167198, 0.4357115924358368, 0.43380340561270714, 0.39857398346066475, 0.4428887739777565, 0.42387595400214195, 0.4548298865556717, 0.40319090336561203, 0.4502873010933399, 0.4043360687792301, 0.4171468988060951, 0.42110829427838326, 0.43452806398272514, 0.44220515713095665, 0.41438447311520576, 0.41896234452724457, 0.4269678331911564, 0.4018809050321579, 0.44096584618091583, 0.4261421114206314, 0.42139435932040215, 0.4461669847369194, 0.41522980481386185, 0.4143838547170162, 0.44410186260938644, 0.4075421132147312, 0.43650442361831665, 0.4334620088338852, 0.4165138192474842, 0.42992348596453667, 0.45157625898718834, 0.4317314699292183, 0.4331452138721943, 0.44180944561958313, 0.40504661202430725, 0.4378562234342098, 0.4287952221930027, 0.4113265238702297, 0.4210706688463688, 0.4026925154030323, 0.4280960001051426, 0.4289124272763729, 0.4394258037209511, 0.4164731651544571, 0.4049636460840702, 0.422980684787035, 0.4149064011871815, 0.435433030128479, 0.4137159138917923, 0.4291018918156624, 0.41599658876657486, 0.4279720187187195, 0.41307901218533516, 0.4301155358552933, 0.38208637572824955, 0.4482089430093765, 0.410735584795475, 0.42838891968131065, 0.4269056022167206, 0.42021239176392555, 0.4240085072815418, 0.40837837383151054, 0.41441455483436584, 0.40607109293341637, 0.41530970111489296, 0.40036923065781593, 0.43246233463287354, 0.4169832691550255, 0.4078776463866234, 0.4187059849500656, 0.4336293339729309, 0.42693686857819557, 0.430355791002512, 0.425622783601284, 0.4355333745479584, 0.4079885818064213, 0.420198168605566, 0.40844588726758957, 0.41615091636776924, 0.401756439357996, 0.40027473866939545, 0.43333015218377113, 0.4193027876317501, 0.4045541100203991, 0.4607994072139263, 0.41078491136431694, 0.44090668112039566, 0.41685300692915916, 0.41205715760588646, 0.43323923647403717, 0.41685833409428596, 0.4400368817150593, 0.3876374810934067, 0.4169711507856846, 0.40957118570804596, 0.4067684933543205, 0.4228864684700966, 0.4284622110426426, 0.41847265884280205, 0.40652818977832794, 0.4122350811958313, 0.41575314849615097, 0.41444985568523407, 0.4104195050895214, 0.4021422043442726, 0.38290518894791603, 0.42081746086478233, 0.4372364617884159, 0.4313232935965061, 0.40074488893151283, 0.439009465277195, 0.4141813777387142, 0.4070151075720787, 0.4261518344283104, 0.4152591750025749, 0.4345529079437256, 0.4275611862540245, 0.4081488586962223, 0.4228346198797226, 0.4031120836734772, 0.4115869216620922, 0.41159503906965256, 0.40358052775263786, 0.38493889197707176, 0.42076078057289124, 0.42484015226364136, 0.4095301069319248, 0.39491698145866394, 0.425591628998518, 0.4317883439362049, 0.3964533619582653, 0.3912467546761036, 0.4395122118294239, 0.41107267886400223, 0.43070225790143013, 0.38363291323184967, 0.42659448087215424, 0.40706513449549675, 0.4089386872947216, 0.4073817618191242, 0.39556387066841125, 0.40324385464191437, 0.3902490884065628, 0.43200160190463066, 0.4158056937158108, 0.41245410218834877, 0.406962089240551, 0.422111127525568, 0.44750063493847847, 0.3948882967233658, 0.4165690392255783, 0.39822443202137947, 0.43081100657582283, 0.4046083837747574, 0.4232625812292099]
