Enhancer: E24C3
Label: mm_v_all
Padding: True
Batch Size: 256
Learning Rate: 2e-06
Epochs: 1000
Subset: 1.0 (number of training samples: 19096)
Weight Decay: 0.01
Optimizer: adam
Coverage: 3
Jiggle: 3
Confusion Matrix: [[0.7675269254216622, 0.23247307457833774], [0.319047619047619, 0.680952380952381]]
Unnormalized Confusion Matrix: [[3777, 1144], [335, 715]]
Number of Epochs: 388
Train Losses: [0.6924302458763123, 0.6922612929344177, 0.6919222927093506, 0.6918637760480245, 0.6916349379221598, 0.6909847156206766, 0.6907872414588928, 0.6906850592295328, 0.6905767377217611, 0.6900185036659241, 0.6896989822387696, 0.6890611783663432, 0.6893184161186219, 0.6887106545766195, 0.6882001352310181, 0.6881517879168193, 0.6876313169797261, 0.6873390054702759, 0.6872573351860046, 0.6865072743097941, 0.6858594997723897, 0.6855706183115641, 0.6854492624600729, 0.6845431701342265, 0.6839804291725159, 0.683609037399292, 0.68288565158844, 0.6825314339001973, 0.6822659079233805, 0.6809378457069397, 0.6803044287363688, 0.6797461573282878, 0.6788970271746317, 0.6784622279802958, 0.6775992759068807, 0.6764964167277018, 0.6757585748036703, 0.6755136275291442, 0.6742929244041442, 0.6735657382011414, 0.6719680682818094, 0.670322277545929, 0.6699304723739624, 0.6682558671633403, 0.6694938476880391, 0.6667726262410482, 0.6654706676801045, 0.6637743401527405, 0.6635542766253153, 0.661535374323527, 0.660138398806254, 0.660165459314982, 0.658181353410085, 0.6565868306159973, 0.6575284473101298, 0.653868002096812, 0.6541580335299174, 0.6530608741442362, 0.6504426177342733, 0.649820081392924, 0.6477985405921936, 0.6480258361498514, 0.6458237973848978, 0.6445843013127645, 0.6469567124048868, 0.6426740598678589, 0.642449684937795, 0.6426214249928792, 0.6399183336893718, 0.6380131761233012, 0.6365799450874329, 0.6378349081675212, 0.6353118634223938, 0.636950531800588, 0.6350015481313069, 0.6366980648040772, 0.6340492701530457, 0.633775246143341, 0.6307576060295105, 0.6299387621879577, 0.632365415096283, 0.6313527377446493, 0.6287628539403279, 0.6298445034027099, 0.6276982927322388, 0.6275057649612427, 0.628561970392863, 0.6277538720766703, 0.6249320284525554, 0.6251844620704651, 0.6260453001658122, 0.6267561801274617, 0.6240889469782511, 0.6245941932996114, 0.6265386843681335, 0.6227336970965067, 0.6231756432851155, 0.6218870409329732, 0.6198397143681844, 0.6237814044952392, 0.6191068609555562, 0.621129310131073, 0.6190555715560913, 0.6162740699450175, 0.616755162080129, 0.6168255337079366, 0.6151698533693949, 0.61495982726415, 0.6173553236325582, 0.6164448149998982, 0.6178648757934571, 0.615946786403656, 0.612483328183492, 0.6157657472292583, 0.6117629146575928, 0.613657382329305, 0.6123485334714254, 0.6121279859542846, 0.6141238816579183, 0.61492937485377, 0.6104833865165711, 0.6119171643257141, 0.6116611250241597, 0.6074717251459757, 0.607784378528595, 0.6095212952295939, 0.6111975685755412, 0.6050466593106588, 0.6078592665990193, 0.6063058042526245, 0.6056559038162231, 0.6057407561937967, 0.60183265209198, 0.6026973859469096, 0.6044074233373006, 0.6036727849642436, 0.6032204476992289, 0.6051189581553141, 0.6041166361172994, 0.6035242931048075, 0.5998390483856201, 0.6048846022288005, 0.6009176111221314, 0.601138821442922, 0.5986754194895426, 0.6011088903745015, 0.5952637044588724, 0.5960308353106181, 0.5984970307350159, 0.5992848308881124, 0.5999813413619995, 0.5978144447008769, 0.5987966458002726, 0.5952945844332377, 0.5965075492858887, 0.5951072255770365, 0.5951094802220662, 0.5950058690706889, 0.5944163139661153, 0.5930916865666708, 0.5919594677289327, 0.592560567855835, 0.5907875887552897, 0.5938394665718079, 0.5877928908665975, 0.5878457752863566, 0.5879878314336141, 0.5871107427279154, 0.5862829415003459, 0.5839708089828491, 0.5864278642336528, 0.5846195840835571, 0.5886810779571533, 0.5844715682665507, 0.5829120214780171, 0.5837661083539327, 0.5808751265207927, 0.5844270261128743, 0.583119322458903, 0.5817293882369995, 0.5828380521138509, 0.5807841761906942, 0.578458350499471, 0.5814775657653809, 0.5742328015963236, 0.5788064328829448, 0.5826726229985555, 0.5801592739423116, 0.57531675974528, 0.5811027105649312, 0.5745852128664652, 0.5739246686299642, 0.573866335550944, 0.574250361919403, 0.5756211105982463, 0.5718106921513876, 0.5723602517445883, 0.5712035902341207, 0.569313093026479, 0.5680404535929362, 0.5686723693211874, 0.5679069844881693, 0.5651012492179871, 0.5616283345222474, 0.5665940181414286, 0.564725253979365, 0.5623770236968995, 0.5581934102376302, 0.5625782362620035, 0.5587051328023275, 0.5589685948689779, 0.5568493247032166, 0.5592848491668702, 0.5520599452654521, 0.5545757333437602, 0.5500859634081523, 0.5543787296613057, 0.5512616062164306, 0.5528678250312805, 0.5451483619213104, 0.5468273289998372, 0.5477269577980042, 0.5444564648469289, 0.549048312107722, 0.5388596248626709, 0.5412239034970602, 0.5387128710746765, 0.5405195375283559, 0.5405527726809184, 0.5379821471373241, 0.5359278917312622, 0.5346897248427073, 0.542747011979421, 0.5390914992491405, 0.5361776256561279, 0.5374266831080119, 0.5321796147028605, 0.5311713155110677, 0.5338947443167369, 0.5315302908420563, 0.52801758090655, 0.5266416847705842, 0.5332664525508881, 0.5239432481924693, 0.526263546148936, 0.5236217761039734, 0.5273353318373363, 0.5205630115667979, 0.527969092130661, 0.5239706361293792, 0.5191040325164795, 0.5197270965576172, 0.5189867075284322, 0.5199435536066691, 0.5161150093873342, 0.515804050763448, 0.5154353527228037, 0.5192338681221008, 0.5180149928728739, 0.5104058853785197, 0.512859814564387, 0.5154196512699127, 0.5167085715134938, 0.5114406025409699, 0.512336954275767, 0.5107172322273255, 0.5078988913695017, 0.5084587041536967, 0.5085885965824127, 0.5027173002560933, 0.5045887553691863, 0.5094632681210836, 0.5058076568444569, 0.5014996027946472, 0.5011547521750133, 0.5024550493558247, 0.5062739618619283, 0.49416462421417234, 0.496397788921992, 0.4927151664098104, 0.49729512373606366, 0.49797316233317057, 0.4965745834509532, 0.49118060946464537, 0.4962365067005157, 0.4917265597979228, 0.4902823301156362, 0.4917228662967682, 0.48863524953524273, 0.48861071705818176, 0.4850447658697764, 0.4911837442715963, 0.48712971250216164, 0.48523465712865194, 0.47889166514078774, 0.48375224192937216, 0.4809074910481771, 0.48281779249509177, 0.47711140433947247, 0.47797702193260194, 0.4827642854054769, 0.48049147605896, 0.47971092820167544, 0.4743115520477295, 0.4745931247870127, 0.4810056459903717, 0.47272003610928853, 0.4746649960676829, 0.4742265959580739, 0.4757375923792521, 0.46764702280362447, 0.47406909743944803, 0.4711836727460225, 0.46528738101323447, 0.4703445227940877, 0.46609394550323485, 0.466582107146581, 0.4620664922396342, 0.46760721604029337, 0.4610374486446381, 0.4587129890918732, 0.4623933831850688, 0.4682026179631551, 0.4593018404642741, 0.4517500805854797, 0.45364585598309837, 0.452847443819046, 0.45466588815053305, 0.4524867085615794, 0.4550169539451599, 0.45504826863606773, 0.45178539395332334, 0.4553847626845042, 0.4493966662883759, 0.4494967496395111, 0.4463758401075999, 0.45103756825129193, 0.4472505144278208, 0.4474258406956991, 0.4489781145254771, 0.4450552384058634, 0.45091466943422953, 0.4469716783364614, 0.4416976722081502, 0.44436650156974794, 0.44345747788747153, 0.4408311978975932, 0.43616899371147155, 0.43897899190584816, 0.43543246269226077, 0.4392784023284912, 0.4332658318678538, 0.43254427154858904, 0.4346367633342743, 0.43292734106381736, 0.4303404684861501, 0.43290952682495115, 0.4337704010804494, 0.42994338353474937, 0.4288488185405731, 0.42590480009714765, 0.42534855564435325, 0.4314394998550415, 0.42977309266726177, 0.42467615246772766, 0.42968068639437357, 0.4208441428343455, 0.42101657470067344, 0.42532446146011355, 0.4187746246655782, 0.4198740816116333, 0.41725483258565266, 0.41594957510630287, 0.4137455614407857, 0.4195522113641103, 0.4083162252108256, 0.40747830271720886, 0.4133169921239217, 0.4135355714956919, 0.4081650710105896, 0.409716161886851, 0.41299203912417093, 0.41244281609853106, 0.40403839588165286, 0.41027073343594866, 0.4051666863759359, 0.401946572860082, 0.40371276100476583]
Validation Losses: [0.6920228600502014, 0.6917814141825626, 0.6916395770876032, 0.6915942430496216, 0.6912050498159308, 0.6909952383292349, 0.6908183568402341, 0.6902393479096262, 0.6902019820715252, 0.6899025785295587, 0.6895716253079867, 0.689358441453231, 0.6890659959692704, 0.6889714661397432, 0.6887213744615254, 0.6882023058439556, 0.6876238866856224, 0.6877100499052751, 0.6875958348575392, 0.6868735834171897, 0.6862599410508808, 0.6858803065199601, 0.6851945582189058, 0.6853921068342108, 0.6844742204013624, 0.68435369667254, 0.6839248318421213, 0.6832801166333651, 0.6824373132304141, 0.6822589228027746, 0.6818571624002958, 0.680310098748458, 0.680083619920831, 0.6796096688822696, 0.6793624194044816, 0.6776456644660548, 0.677369265179885, 0.6760294531521044, 0.6760936159836618, 0.6754250087236103, 0.6748606123422322, 0.67549456106989, 0.6731032321327611, 0.6711481433165701, 0.6705812654997173, 0.6712935190451773, 0.6703987309807226, 0.668632541832171, 0.6676848781736273, 0.6648804827740318, 0.6671699191394606, 0.6642791503354123, 0.6633401764066595, 0.6647219375560158, 0.6614349923635784, 0.6581929169203106, 0.6617914469618547, 0.6587561776763514, 0.6585256018136677, 0.6568616910984642, 0.6582296678894445, 0.6531414013159903, 0.652473625383879, 0.6539411607541536, 0.6534456547937895, 0.6494402508986624, 0.6491952632602892, 0.6473655512458399, 0.6486441273438303, 0.6478552849669206, 0.6511441092742117, 0.647258598553507, 0.6450576248921847, 0.6451566658521953, 0.6445534511616355, 0.6454814641099227, 0.6437304710087023, 0.644790015722576, 0.6478358820865029, 0.6454475302445261, 0.6465384364128113, 0.6457109733631736, 0.6393854523959913, 0.6443033249754655, 0.6437999135569522, 0.6414824567343059, 0.6437250469860277, 0.6446773315730848, 0.6373734254586069, 0.6371778877157914, 0.634215163557153, 0.6398052039899325, 0.6352464431210568, 0.6346072962409571, 0.6402645613017836, 0.6343307902938441, 0.6333955526351929, 0.6381579574785734, 0.634001540510278, 0.6344358983792757, 0.6310395567040694, 0.6384801362690172, 0.6270923018455505, 0.6377854943275452, 0.6318763086670324, 0.6362462733921251, 0.6320332727934185, 0.6366175036681326, 0.6342916269051401, 0.6324848281709772, 0.6287033275554055, 0.6301307835076985, 0.6321342367874948, 0.6344416392476935, 0.6335206251395377, 0.6260101983421728, 0.6346733350502817, 0.6193342083378842, 0.6272134184837341, 0.6225298862708243, 0.6366590857505798, 0.6304659216027511, 0.6255649736053065, 0.6272874819604974, 0.6300622036582545, 0.6277179404308921, 0.6280788747887862, 0.6251634422101473, 0.6314688826862135, 0.6275560102964702, 0.622393150078623, 0.6194557673052737, 0.6235001620493437, 0.6102969803308186, 0.6185979592172723, 0.6221117251797726, 0.6218735858013755, 0.6294967092965779, 0.6153929829597473, 0.614083446954426, 0.6193874007777164, 0.6120053843448037, 0.6217359618136757, 0.6100277336020219, 0.6087624681623358, 0.6196289627175582, 0.6181376576423645, 0.6091654081093637, 0.613254725933075, 0.6122910380363464, 0.6124288878942791, 0.6109603517933896, 0.6122657091994035, 0.6167660826130917, 0.620592685122239, 0.6258958264401084, 0.6096422484046534, 0.6121883047254462, 0.6163490132281655, 0.612251783672132, 0.6075882347006547, 0.6125155248140034, 0.6171245418096843, 0.6110356293226543, 0.6160845348709508, 0.6016663908958435, 0.6085849247480694, 0.6151820609444066, 0.6068316070657027, 0.6121409911858408, 0.6064859314968711, 0.6040327235272056, 0.6039954110195762, 0.6128437770040411, 0.6047611958102176, 0.6027557787142301, 0.594092497700139, 0.6077316058309454, 0.5985197424888611, 0.604032648237128, 0.598487819495954, 0.5993663825486836, 0.6088362367529618, 0.6058955506274575, 0.6077892184257507, 0.606829677757464, 0.6026835159251565, 0.5978023598068639, 0.5969957677941573, 0.6002758208074068, 0.5976184543810392, 0.5948382208221837, 0.6064752654025429, 0.6048951996000189, 0.5945790096333152, 0.598304663833819, 0.5979040516050238, 0.5952053854340001, 0.5896563216259605, 0.5885786821967677, 0.5963758073355022, 0.5931967747838873, 0.5988263456444991, 0.590215199872067, 0.590586919533579, 0.5906428726095903, 0.5848296441529927, 0.5926545607416254, 0.5883762020813791, 0.5924013476622733, 0.5852809673861453, 0.5955569524514047, 0.5952026153865614, 0.5980078515253568, 0.592583135554665, 0.5889535201223273, 0.5753230170199746, 0.5759855351949993, 0.5741806657690751, 0.5790538976066991, 0.5786411511270624, 0.582448074692174, 0.583689128097735, 0.5885540560672158, 0.581622650748805, 0.5814473597626937, 0.5867766330116674, 0.5775111945051896, 0.5828249830948679, 0.5870941908735978, 0.5823793913188734, 0.5877323432972557, 0.584252445321334, 0.5750825969796431, 0.5868684210275349, 0.5753489356291922, 0.5724787178792452, 0.585507803841641, 0.5702305467505204, 0.5853795315089979, 0.5810494422912598, 0.5812846579049763, 0.5720778170384859, 0.5878856150727523, 0.5731535742157384, 0.5861433838543139, 0.5872832913147775, 0.5788377460680509, 0.5722195380612424, 0.5762485328473543, 0.587667349137758, 0.57239851512407, 0.5772731147314373, 0.58214250050093, 0.577185477081098, 0.5818101763725281, 0.5838453706942106, 0.5755678760377985, 0.5649989686514202, 0.5785176283434817, 0.5737766403900949, 0.5757357697737845, 0.5907911783770511, 0.5754022629637467, 0.571260248359881, 0.5720626994183189, 0.5831926621888813, 0.5779758754529452, 0.5882458404490822, 0.5819008569968375, 0.5796985877187628, 0.5797036478393957, 0.5793330888999136, 0.585985287239677, 0.5722144183359648, 0.5732874242882979, 0.5725649940340143, 0.5770896767315111, 0.5765046006754825, 0.576596620835756, 0.579887612869865, 0.5861781082655254, 0.5770632436400965, 0.5724999496811315, 0.5879193638500414, 0.5767030496346323, 0.5793934464454651, 0.5632358977669164, 0.5732084073518452, 0.5825353547146446, 0.5683784469177848, 0.5782001865537543, 0.5774027956159491, 0.5680555889480993, 0.5760792964383176, 0.5799557660755358, 0.5841029411868045, 0.5749170623327556, 0.5891027325078061, 0.5753701580198187, 0.5778011930616278, 0.5774669019799483, 0.5767785906791687, 0.5849138561048006, 0.5855937443281475, 0.598496957829124, 0.575263261795044, 0.6002535820007324, 0.5859077384597376, 0.5903694064993608, 0.5878730102589256, 0.577066769725398, 0.5784650444984436, 0.5830728756754022, 0.584108525200894, 0.5837196582242062, 0.5954113759492573, 0.6026956407647384, 0.5907262093142459, 0.5902703780876962, 0.5790453804166693, 0.5885087941822252, 0.5911878566992911, 0.5821445270588523, 0.5851108651412161, 0.5939880358545404, 0.5956798352693257, 0.6009506112650821, 0.5920014130441766, 0.5812595518011796, 0.5913792974070499, 0.5938688767583746, 0.578962360557757, 0.5930158182194358, 0.5862030041845221, 0.595247745513916, 0.5858155081146642, 0.5788286485170063, 0.5871337903173346, 0.5847685211583188, 0.5923677149571871, 0.5812899533071016, 0.5870603605320579, 0.6006153884686922, 0.5947456453975878, 0.6014426601560492, 0.5970130500040556, 0.584367108972449, 0.595100882806276, 0.6031478674788224, 0.6012136277399565, 0.5879260960378145, 0.5878508781131945, 0.5935861531056856, 0.6041473903154072, 0.6002779759858784, 0.6066531099771199, 0.603313684463501, 0.5841141876421476, 0.5934174531384518, 0.5990186929702759, 0.606340345583464, 0.5811396774492765, 0.5839306837634036, 0.6094228342959755, 0.5997668159635443, 0.596637835628108, 0.6058904340392665, 0.6087519746077689, 0.6120375990867615, 0.601795588669024, 0.5941803925915768, 0.6103279245527167, 0.6022739755479913, 0.6079645000006023, 0.6359259078377172, 0.6055723805176584, 0.6116325478804739, 0.605110090029867, 0.6133201718330383, 0.6130838237310711, 0.6141883354437979, 0.6128155244024176, 0.6043489544015181, 0.618647016977009, 0.6134528078530964, 0.622023344039917, 0.6201567053794861]
