Enhancer: E22P1F10
Label: mm_v_all
Padding: True
Batch Size: 256
Learning Rate: 2e-06
Epochs: 1000
Subset: 1.0 (number of training samples: 52339)
Weight Decay: 0.01
Optimizer: adam
Coverage: 10
Jiggle: 3
Confusion Matrix: [[0.8318686905367129, 0.16813130946328708], [0.27335907335907333, 0.7266409266409266]]
Unnormalized Confusion Matrix: [[11454, 2315], [708, 1882]]
Number of Epochs: 298
Train Losses: [0.6942006849661106, 0.6906791724809787, 0.6869506353285254, 0.6836297506239356, 0.6791543498271849, 0.6741375117767148, 0.6686855752293657, 0.6624551054908008, 0.6557288123340141, 0.6480022761879898, 0.6403407704539416, 0.6347725301254087, 0.6277528222014265, 0.6196748564882977, 0.6175823165149223, 0.6107845946056086, 0.6082564438261637, 0.6018101038002386, 0.5962218171212731, 0.5942787051200866, 0.590961547886453, 0.5877795800930117, 0.5836839326998082, 0.5804659293919074, 0.5802683652901068, 0.575485900262507, 0.5759739698433295, 0.569968661738605, 0.5678909796040232, 0.5664053454631712, 0.5628651624772607, 0.5574161064334032, 0.5557915264513434, 0.553488482353164, 0.554639952793354, 0.5501394114843229, 0.5456221166180402, 0.5422046145287955, 0.5402380988365266, 0.5393144081278545, 0.538070515743116, 0.5345222839495031, 0.5347645714515593, 0.5288002386325743, 0.5319793926506508, 0.5286493632851578, 0.5272561827810799, 0.5235328385015813, 0.5250152039818647, 0.5240799265663798, 0.5244316618616988, 0.5208225510469298, 0.5203146745518941, 0.5191186308860779, 0.5216925772224984, 0.5174138527090957, 0.5173499731028952, 0.5129276121534952, 0.5095933329768297, 0.514805303550348, 0.5160923491163951, 0.5104556880346158, 0.5113645597202022, 0.5102605325419728, 0.5079158327928404, 0.506928460336313, 0.5053095627121809, 0.5101153522002988, 0.5058135810421734, 0.5060267755171147, 0.5055544915722637, 0.5005599096053984, 0.5022621992157726, 0.49993381456630986, 0.5025388820869167, 0.4994767303873853, 0.4970577760440547, 0.5055545049469645, 0.49743950933944886, 0.49604357233861596, 0.5017658559287467, 0.49620616683145846, 0.5001984917536014, 0.5023707504679517, 0.49820220412277594, 0.499846344750102, 0.4956248550880246, 0.49909731106060307, 0.4943586509402205, 0.49406287277617106, 0.49088464713678126, 0.49503217281364814, 0.4915233110509268, 0.4907617672187526, 0.491084829772391, 0.49135148249021393, 0.4897708881192091, 0.49350876531949855, 0.4889261423087702, 0.48961613236404045, 0.48744980431184537, 0.4855650080413353, 0.4881740078693483, 0.48762977326788554, 0.48822856298307094, 0.48831432810643827, 0.48584219304526727, 0.485754934171351, 0.48415250153076356, 0.48398163216870005, 0.4865251526599977, 0.48674490306435564, 0.4835680493494359, 0.48609171364365555, 0.4878266626741828, 0.48372107293547656, 0.4808385142465917, 0.47995935460416284, 0.48362140844507917, 0.4816517997078779, 0.4842447555646664, 0.4784154493634294, 0.48432425987429734, 0.4825694316770972, 0.48474678339027777, 0.47999473490366124, 0.4783923841104275, 0.47285286885936084, 0.47837433131729684, 0.47535243266966287, 0.4799665833391794, 0.4762405424583249, 0.47627394504663423, 0.47792084042618915, 0.4737376785859829, 0.4742672252945784, 0.47643987652732106, 0.4767539272948009, 0.47168892912748384, 0.4719761511174644, 0.47360619786309033, 0.47259490577186025, 0.46974942931314795, 0.4713926283324637, 0.4679140691350146, 0.47132181946824236, 0.46931674073382124, 0.4675062101061751, 0.4646726774006355, 0.4671724522986063, 0.4665885045761015, 0.46540857902387295, 0.467173123214303, 0.46345901809087614, 0.4661252103200773, 0.4620535581577115, 0.4612457324818867, 0.4619720504051302, 0.4605273102841726, 0.4595747765971393, 0.45777415371522673, 0.45849006830192196, 0.4577894503023566, 0.45841708430429784, 0.4577241518148562, 0.4578892973864951, 0.4524693510881284, 0.4557085044500304, 0.45232680396335884, 0.4479132005354253, 0.44847129903188565, 0.4512436418998532, 0.455259271947349, 0.45250374718410213, 0.44951392383110234, 0.448945194192049, 0.44684785139269945, 0.44637887492412476, 0.4473596833101133, 0.445300764863084, 0.4469435143761519, 0.4453137749578895, 0.4444609137569986, 0.44536342984292565, 0.4438537030685239, 0.44159005575063753, 0.445323147860969, 0.44311381578445436, 0.43825791797986846, 0.44033573444296675, 0.44288910191233566, 0.4385913956456068, 0.43584415229355417, 0.4392806822206916, 0.4321388452518277, 0.43366231249599924, 0.433721644849312, 0.4334518750993217, 0.433054771365189, 0.43483624632765605, 0.430649287962332, 0.4327719905027529, 0.4286006550963332, 0.4299123617207132, 0.43056933792625984, 0.4322940650509625, 0.42541576464001724, 0.4270053777752853, 0.42879033990022614, 0.4278042749660771, 0.4263998790485103, 0.42611294403308775, 0.42588945220156416, 0.4241608022189722, 0.4236384367070547, 0.4220209800615543, 0.4222886264324188, 0.4188761981522165, 0.4204215763545618, 0.41959986003433786, 0.4214901024248542, 0.4185477739427148, 0.4188096401168079, 0.4140046603795959, 0.41749660736177024, 0.41690465313632313, 0.42031473706408246, 0.4161045568745311, 0.4149565677817275, 0.41282435655593874, 0.41358574120009817, 0.41514358738573587, 0.411438562230366, 0.4095844809601947, 0.41108828797572994, 0.4097657059750906, 0.41105830189658377, 0.40451246747156466, 0.40728184784330973, 0.40671164756867945, 0.4035815830637769, 0.40606444158205174, 0.4054394460305935, 0.40176750174382836, 0.4025492764100796, 0.4005981032441302, 0.4021088999945943, 0.3999338453862725, 0.39700133349837324, 0.3984591674513933, 0.39604445855791975, 0.39592963209966336, 0.393261616695218, 0.39299392976411957, 0.39702817754047676, 0.3924864558185019, 0.3926867780162067, 0.3954825788009457, 0.3890700129474082, 0.39154429799172935, 0.3872771985647155, 0.39133345717337076, 0.39010187925362005, 0.385915826442765, 0.38684995116257087, 0.38505239922825885, 0.3854523311300975, 0.3903480842346098, 0.3846195931841688, 0.3841405327727155, 0.37926458076732916, 0.38098683633455416, 0.3790253363004545, 0.37628595770859136, 0.37681683447302844, 0.37732446179157353, 0.3742577435039892, 0.37558511451977056, 0.3768259329039876, 0.37457703308361334, 0.376886250187711, 0.37251402735710143, 0.3713969067829411, 0.36904754754973623, 0.37315093540563815, 0.3672627088500232, 0.37108664963303545, 0.37212489727066783, 0.3645370419432477, 0.36480937745512987, 0.3641343702630299, 0.3651479968210546, 0.36216410064115756, 0.3656792293234569, 0.36312026032587374, 0.3602159722549159, 0.36191822610250335, 0.3599039407764993]
Validation Losses: [0.6925503325003844, 0.6894099139250242, 0.6856100857257843, 0.6816051361652521, 0.6778183900392972, 0.6729983802025135, 0.668136477470398, 0.663019407253999, 0.6567125767469406, 0.6495597866865305, 0.6425066991494253, 0.6375765387828534, 0.6325282294016618, 0.6264467697877151, 0.6247563877931008, 0.6199734142193427, 0.6170298090347877, 0.6125509601372939, 0.6112303561889209, 0.6048128180778943, 0.6094667762517929, 0.5992985597023597, 0.5991005416099842, 0.595681940133755, 0.5942074943047303, 0.5910274409330808, 0.5869736625598028, 0.5874858361024123, 0.5852380933669897, 0.5816854559458219, 0.5818962168235046, 0.5789749519183085, 0.56848850273169, 0.5728977953012173, 0.5691317549118629, 0.5634698197245598, 0.5722634884027334, 0.5605822595266196, 0.5592752683621186, 0.5599892403070743, 0.5594579921318934, 0.5608686323349292, 0.5512034623668745, 0.557005986571312, 0.5501851817736259, 0.5484439352383981, 0.5468984888150141, 0.5451438341003197, 0.5393570953836808, 0.5453672231389926, 0.5475756256626203, 0.5405028817745355, 0.5419721391338569, 0.5365164497723947, 0.5423151134298398, 0.5406256874020283, 0.5340704115537497, 0.5299408561908282, 0.5397571417001578, 0.5324378569538777, 0.5349428424468408, 0.5372946210778676, 0.5330089961106961, 0.5233656036166044, 0.5278538070045985, 0.5259498736033072, 0.5208475790344752, 0.5181020807761413, 0.5282785944067515, 0.5236908168746874, 0.5316900100845557, 0.5202132073732523, 0.5182444355808772, 0.516350334080366, 0.5308612946134347, 0.5213573076404058, 0.5224160294120128, 0.5197316419619781, 0.5217401964160112, 0.5227978699482404, 0.5262661862831849, 0.5222300904301497, 0.5136085255787923, 0.5155211280171688, 0.5212644951847883, 0.509444049344613, 0.5137034591573936, 0.5183855421268023, 0.5150737773913604, 0.5244204883392041, 0.5184262480873328, 0.5130228371574328, 0.5118962887388009, 0.5151153705441035, 0.5119191454007075, 0.5175606224399346, 0.5056038974569395, 0.5116349498812969, 0.5101647313970786, 0.5091159326525835, 0.5105445895057458, 0.5125755461362692, 0.5072930650069163, 0.5045190098193976, 0.5047796219587326, 0.5091692169125264, 0.5109069049358368, 0.5148105821930445, 0.516811531323653, 0.5073576821730688, 0.5057052494241641, 0.5034984608109181, 0.5092210993170738, 0.5059451122696583, 0.4989427998661995, 0.5036808418539854, 0.5096257053888761, 0.5056718393014028, 0.5000737206293986, 0.5088769524143293, 0.5050034310955268, 0.506305676813309, 0.5083477651843658, 0.505565960246783, 0.5032955092879442, 0.5120601315911, 0.5103946964328105, 0.5051432670308993, 0.5058061618071336, 0.49699460428494674, 0.5011932683678774, 0.5008788865346175, 0.497552297436274, 0.5017417159218055, 0.500300261263664, 0.5006021622281808, 0.5008420204887023, 0.5027409448073461, 0.5026725650979922, 0.49452610543140996, 0.49878638696212035, 0.5067190252817594, 0.49176700527851397, 0.4988178742619661, 0.5044680679073701, 0.501184154015321, 0.49786346463056713, 0.49937238888098645, 0.4988610171354734, 0.4905084537772032, 0.49967939807818484, 0.49350594958433736, 0.49722107958335143, 0.49721858020012194, 0.5010992787205256, 0.4973192982948743, 0.4946861020647563, 0.4909884826495097, 0.49751060627974, 0.48908637120173526, 0.4898833976342128, 0.4980531374995525, 0.4925236254930496, 0.4963755395549994, 0.49504191199174297, 0.5012730239675596, 0.4934798450424121, 0.49448844217337096, 0.4963420686813501, 0.49847710877656937, 0.5042726827355531, 0.5023498208476946, 0.5048724246712831, 0.491840786085679, 0.49755024852660984, 0.497495144032515, 0.4967002576360336, 0.49095359731179017, 0.4945855794044641, 0.4952430094663913, 0.4849679057414715, 0.499904324228947, 0.49102051040300954, 0.5000502111820074, 0.4939457762699861, 0.5039375223792516, 0.49186975680864775, 0.49252375960350037, 0.495413594521009, 0.49272969651680726, 0.4901813343167305, 0.49379384288421047, 0.49602235223238283, 0.4971659808204724, 0.4917335728040108, 0.4937896573772797, 0.49822987616062164, 0.4841178913529103, 0.5035810086589593, 0.49327877908945084, 0.504937890630502, 0.4863275730839142, 0.49546745877999526, 0.49728656674806887, 0.5006105613249999, 0.4953151626082567, 0.49396183914863145, 0.49969980808404774, 0.49576633194318187, 0.5044027853470582, 0.4987314950961333, 0.492678548854131, 0.48857576571978056, 0.5000361290115577, 0.5043199801674256, 0.501720687517753, 0.4973712683870242, 0.4970541630799954, 0.4975951961599864, 0.4955591639647117, 0.49557143392471165, 0.49611122333086455, 0.49398004894073194, 0.4966583211834614, 0.5058045289837397, 0.4967845059358157, 0.5072999040667827, 0.49354577236450636, 0.5117611054044503, 0.5043430626392365, 0.5130433348508981, 0.5000302631121415, 0.506155041547922, 0.5055029552716476, 0.4922633830171365, 0.5017534047365189, 0.5027779438174688, 0.49912374180096847, 0.5032287245759597, 0.4977113048617656, 0.5090451492713048, 0.5044362069322512, 0.508325725220717, 0.4940471351146698, 0.5038064815677129, 0.49723508667487365, 0.4966842480576955, 0.49870149390055585, 0.5020523518323898, 0.5159341704386932, 0.5129786494832772, 0.5071171957712907, 0.5137366102291987, 0.5058840943070558, 0.5078215272380755, 0.5123215764760971, 0.5060868177276391, 0.5065629963691418, 0.5098458763498527, 0.5041724821695914, 0.5096247677619641, 0.5139745066945369, 0.49680664046452594, 0.5083801562969501, 0.5244378206821588, 0.5156793668866158, 0.510450528218196, 0.5011290512405909, 0.5150777325034142, 0.5079636837427433, 0.513089500940763, 0.5144694883089799, 0.5194312488803496, 0.53408467483062, 0.5230604381515429, 0.5204570631568248, 0.5205897757640252, 0.5160106500753989, 0.518564661534933, 0.5028567296954302, 0.5194558466856296, 0.5159145828623038, 0.5251433327794075, 0.521666533098771, 0.5321082558769447, 0.5191232991906313, 0.5284518032119825, 0.5321892614548023, 0.5182733959876574, 0.5369353552277272, 0.5232127285920657, 0.5287453388938537, 0.5319358844023484, 0.5330300285265996, 0.528563009431729, 0.5303800060198858, 0.5277347111931214, 0.5417376980185509]
Validation ROC AUC: 0.82118491384463
Validation Confusion Matrix: [[1289, 283], [100, 198]]
Validation Precision: 0.41164241164241167
Validation Recall: 0.6644295302013423
Validation F1 Score: 0.5083440308087291
Validation Accuracy: 0.795187165775401
Test ROC AUC: 0.8384286676101622
Test Confusion Matrix: [[1620, 347], [99, 271]]
Test Precision: 0.43851132686084143
Test Recall: 0.7324324324324324
Test F1 Score: 0.548582995951417
Test Accuracy: 0.8091570389388104
Validation Set Size: 1870
Test Set Size: 2337
