Enhancer: E25E10
Label: mm_v_all
Padding: True
Batch Size: 256
Learning Rate: 2e-06
Epochs: 1000
Subset: 1.0 (number of training samples: 33460)
Weight Decay: 0.01
Optimizer: adam
Coverage: 3
Jiggle: 3
Confusion Matrix: [[0.9121909633418585, 0.08780903665814152], [0.08900756564307966, 0.9109924343569203]]
Unnormalized Confusion Matrix: [[7490, 721], [200, 2047]]
Number of Epochs: 650
Train Losses: [0.6908586930682641, 0.6856087996759488, 0.6794996307096408, 0.6738300200637061, 0.6665207156698212, 0.6582253088477914, 0.6497777072527936, 0.6394569004764994, 0.6302647576987288, 0.6206025153626012, 0.6105233362612833, 0.5992722261042995, 0.5907984262204352, 0.5819106616136682, 0.5737745752771393, 0.5648231688346571, 0.5569968332771127, 0.5480683991927227, 0.5393135483938319, 0.5337309814591444, 0.5240905450955602, 0.517740802682993, 0.5118209114511505, 0.503246474129553, 0.49687147117753067, 0.4918316782430838, 0.48507026497644323, 0.4785137763460174, 0.4754835954149261, 0.47211038634067276, 0.4649158445478396, 0.46139860585445663, 0.45275124725494675, 0.45025378897899887, 0.44614693158455476, 0.4429933603938299, 0.4419891113088331, 0.43601202305036646, 0.43444577428220793, 0.4260893884960932, 0.42217568859799215, 0.422892763869453, 0.4194632841430548, 0.41260973096803855, 0.4138767155072161, 0.41644637548286495, 0.40987180685269015, 0.40181521013492844, 0.40614553216759486, 0.4003075295277224, 0.3973122694110142, 0.40322491458354104, 0.3987549249907486, 0.39162082822268246, 0.39041209038887315, 0.3864813729096915, 0.3881490576358242, 0.3913164600616193, 0.3861253304790904, 0.38636510654260187, 0.3833695918549108, 0.3839589762323685, 0.3809815281220065, 0.3739986690401121, 0.37420373063051066, 0.37336937275551657, 0.3727444380749273, 0.3739536934681521, 0.3681820546852723, 0.3705913940913805, 0.3735914921942558, 0.36758241398643904, 0.3654148744717809, 0.366510197861504, 0.3622726631983546, 0.359472346669845, 0.3616166537954607, 0.36249017101207764, 0.3567745569553084, 0.3603474543294834, 0.358029451079041, 0.3631802963391515, 0.35261227907115267, 0.3585086985853792, 0.3600245914386429, 0.3577403503519888, 0.35175605357148265, 0.3505100296198867, 0.35704623083121906, 0.35754474747271936, 0.35151216683496955, 0.3554755408345288, 0.35770469266949717, 0.3552162124000433, 0.349601368867714, 0.3490380026001967, 0.3480619890544251, 0.3517988321890358, 0.34704185760658207, 0.3438386498516752, 0.35116081906638985, 0.34341209831128594, 0.34509769537066687, 0.3441496614281458, 0.3465793420567767, 0.34508514768294707, 0.3369211302003788, 0.34103210759526903, 0.34127328960040143, 0.34371861132956644, 0.3403478690231119, 0.3424670318610796, 0.33900423996321116, 0.33902331640702166, 0.3373619338483301, 0.33610926807381725, 0.33878207547974043, 0.3402848355187715, 0.3371735654259456, 0.3324168843167429, 0.33090742467013934, 0.33593478594117493, 0.33710339892911545, 0.3323954286921115, 0.3278481547386592, 0.3303106899252375, 0.32712067504420533, 0.33004245162010193, 0.32722119793637106, 0.32711277981750836, 0.3273130003505081, 0.32490725553672734, 0.31886879906399557, 0.3203350911841138, 0.3188954052579312, 0.3222889652233997, 0.3224434736575789, 0.3212691358937562, 0.3201732039451599, 0.3173611835214018, 0.31277047200057345, 0.31492085163374894, 0.31514309858547823, 0.3202933803314471, 0.31945213902997605, 0.31359440349895534, 0.31248533361740694, 0.31165979108737624, 0.3135063172751711, 0.3115095365365953, 0.309873502104337, 0.3073028362434329, 0.3043274620107112, 0.3100336603535951, 0.30209905955627675, 0.30823709525679815, 0.30984922947774407, 0.30209596750845435, 0.3019135575030596, 0.3112149110049692, 0.30026631648758895, 0.2981497794389725, 0.30391427442317703, 0.29833261509433046, 0.29650410145293665, 0.3020695650395546, 0.29918380855148985, 0.29217007153361807, 0.2974465098089844, 0.29336521131846743, 0.296288333435095, 0.29117763031075017, 0.29222104658607306, 0.2873596138399066, 0.2840537929352913, 0.2865944914235414, 0.2883274549518833, 0.2886534044305787, 0.2879372203850564, 0.2842398709013262, 0.280343231354051, 0.2871297494373249, 0.2832906320122362, 0.28488639281451245, 0.2804617016142561, 0.2769163147411274, 0.2776372971880527, 0.27502264184806186, 0.2800339772046067, 0.2794881497175639, 0.2749259837028634, 0.27783751146483965, 0.2738487671577293, 0.2704971462260676, 0.27207528020589405, 0.27136294623367657, 0.27263870767054665, 0.2729925347193507, 0.2736589339853243, 0.26937582838626306, 0.26615696747339407, 0.264397852065909, 0.26824399260164217, 0.26454985926624475, 0.265854956312034, 0.2640205313458697, 0.26358246791908757, 0.26362101039813673, 0.2617485477724148, 0.2638014749488758, 0.2621942766522633, 0.26284662662571623, 0.2585830021905535, 0.25717029384984313, 0.26314724538162465, 0.2547513215823938, 0.25915627511403033, 0.2573802334661702, 0.24854995731179041, 0.2540067657259584, 0.257800746851295, 0.2547637446008566, 0.25125155148615363, 0.2513850549705156, 0.2519423429292577, 0.25530781079339615, 0.2492682336623432, 0.24882330591897017, 0.25629796963611634, 0.24872458845604467, 0.24924342516269393, 0.24698188093327383, 0.24562171533817553, 0.24833288026675013, 0.24842179777058027, 0.2478769407927535, 0.24087064718927137, 0.24394783707520434, 0.24044444292556238, 0.2437520188684682, 0.2396181465787742, 0.2370460471351638, 0.23913242696350767, 0.2409262762952397, 0.24051714193729953, 0.23956379396769836, 0.23859970851708914, 0.23662701010249043, 0.23675344383898583, 0.23411896290214917, 0.23877048515181504, 0.23227634286607496, 0.23158153209067484, 0.23445895166342495, 0.23419990703349805, 0.2331767547449083, 0.23425374276765432, 0.23379815796404393, 0.23139995188658474, 0.22702683588020675, 0.2306618017094736, 0.22942588575013723, 0.2273927865592578, 0.22885485960327032, 0.23399372455727963, 0.22369836259434242, 0.22561086134146188, 0.22388848105004724, 0.2244186002107067, 0.22775022253280378, 0.22312614674331577, 0.22521474036096617, 0.22554552020462415, 0.2225744611661853, 0.22109693220553508, 0.21887844254952352, 0.22297563705280538, 0.22099608080532715, 0.22417648784986888, 0.22269823669477273, 0.21640470623970032, 0.21791638001685834, 0.21928447041347737, 0.21987187487023477, 0.21434601390634783, 0.21909335778869746, 0.21738983793113067, 0.21247969636025318, 0.2143979298363205, 0.21419063915733164, 0.21558233583701475, 0.21656663363216488, 0.215604969563375, 0.2161511336346619, 0.21456329661016246, 0.20952791009695476, 0.21354439376874734, 0.21199528599968392, 0.20971215931513837, 0.21545432519366722, 0.21250345631865145, 0.21002510690507087, 0.21043594181537628, 0.20770600062745218, 0.20310862476134117, 0.20543764941109957, 0.20542831320799035, 0.20868210198770043, 0.20578346600514333, 0.2059796973494173, 0.2017857079742519, 0.20055516758037886, 0.2045096121444047, 0.20620326800200775, 0.2080565971955088, 0.20182904328098733, 0.2051630146403349, 0.20702748796867051, 0.2009528153042757, 0.20084512063110146, 0.20112030333235065, 0.198809300328939, 0.20086962803629518, 0.20033369685402352, 0.1992184622142151, 0.20210977689227985, 0.20013281270747876, 0.19615590879480346, 0.2001103467613686, 0.19013092604302267, 0.1994333756333999, 0.19273991575677887, 0.19895895223581153, 0.19514274005671495, 0.19080138593229629, 0.1971370429938076, 0.19332601164133495, 0.1973231612271025, 0.1920822175176999, 0.19408511967604397, 0.19507291514909905, 0.1937370631303496, 0.19183303381650502, 0.18965603109761958, 0.19080250192689532, 0.1869610691343555, 0.18946095527583406, 0.1910373429760678, 0.1911765632738594, 0.18928049504756927, 0.192669004543137, 0.18386434814857164, 0.18674319459281805, 0.18699076771736145, 0.18676623383551152, 0.1842419935091761, 0.1895720929134893, 0.1827290575695402, 0.1847366252700791, 0.1830198561189739, 0.18427419332602551, 0.183604882475529, 0.18352565135209614, 0.18212839790427957, 0.1803380927170506, 0.18251684592425368, 0.18323127936770897, 0.17966410494942703, 0.18307286739804363, 0.1850269453898641, 0.18065305759433573, 0.17971496500131737, 0.1804153958463487, 0.1762215480890893, 0.17835189185979713, 0.18472120217012086, 0.17535820472558947, 0.18004042808791154, 0.17610226423685788, 0.1768546718108745, 0.17544297333664566, 0.17693184537969472, 0.17862958665794998, 0.1739177632195349, 0.17453807080520017, 0.17374030739523982, 0.1750164747465658, 0.17198351469203715, 0.17058271004725958, 0.1744646572770963, 0.17120920730228642, 0.1720304927639379, 0.17747388672055178, 0.1735403929047912, 0.17577453111191743, 0.1689936983335109, 0.170104777938082, 0.1720881101511817, 0.16854842223283897, 0.17186133171083362, 0.17198123003690297, 0.16619472336450605, 0.17194024456366327, 0.16595218501245704, 0.1668805539721751, 0.1660948280273503, 0.1669350859090572, 0.17169228372455553, 0.17083889604297303, 0.16307616563698718, 0.17022204564045404, 0.17025459756832997, 0.16970681802917073, 0.16976612976944175, 0.16216231063577055, 0.16668301195133733, 0.16529353543092276, 0.16285164000196312, 0.16796983431541282, 0.16216229823709444, 0.1595462573166112, 0.16566525780745134, 0.16342671334970998, 0.16128702177346207, 0.16475493859016258, 0.1633132296891613, 0.1649393285731323, 0.16362224052880556, 0.16231528191848565, 0.16406522446688804, 0.16089958947805957, 0.160464444233261, 0.16341114920059233, 0.1650145536160651, 0.16389128793286914, 0.1634014992768528, 0.16035397993471787, 0.15909338196497838, 0.16097123500045019, 0.15450510103966444, 0.1606558717730391, 0.15499368662597568, 0.16139595887360683, 0.1570969995196539, 0.15753744218413157, 0.1533711367208539, 0.15793473717138057, 0.1573717454803809, 0.15628345987496486, 0.15400677015080708, 0.15731010057088982, 0.15644421098568967, 0.15708918585122086, 0.15270720979639593, 0.15434008842433683, 0.15357438787704206, 0.15406424592014487, 0.15744161014338487, 0.157230754503767, 0.15634016408265092, 0.15071554481983185, 0.15407872962132665, 0.14969486680649619, 0.15347119164830855, 0.15036575007074662, 0.15663812701938717, 0.15352511275133104, 0.1505572635481376, 0.15409576045420334, 0.15378422381086204, 0.1549019078716977, 0.14990154346664444, 0.15484442311616345, 0.15344512673052213, 0.15036388338749646, 0.15002056802729613, 0.15274376348229765, 0.15212889959793965, 0.14544004122264512, 0.15108440133906503, 0.1495723526441414, 0.14964348083461515, 0.15205431285932774, 0.1459945630822473, 0.15245461577677544, 0.15231677031016533, 0.14651462492597012, 0.1483487947524049, 0.1492040684546223, 0.14460977678763048, 0.14728046709117087, 0.1437410614986456, 0.14809800627577396, 0.1502121979839929, 0.1455934327522307, 0.14918939365457942, 0.14656908457515805, 0.14725934025895504, 0.14411100915825095, 0.15006138583403508, 0.14291854717463026, 0.14687618846429212, 0.1439312157853869, 0.14822726304294498, 0.14419773846637202, 0.1444790114769499, 0.14533098462883753, 0.14047451357122595, 0.14060030490842484, 0.14028449783115896, 0.14006081940108583, 0.14293676171138997, 0.1465781608610663, 0.14283724703634057, 0.14310151139515956, 0.14183596532990914, 0.13680517883928678, 0.14049407282403406, 0.14271870625155572, 0.14404362900794007, 0.14539633554811696, 0.1416185138789752, 0.1454117148545862, 0.13935936856588335, 0.14047684685419534, 0.14146987803792224, 0.1395605578449846, 0.1409344568507362, 0.14067251695931413, 0.14292928803968066, 0.13941344630172234, 0.14232542246352625, 0.14340049762079735, 0.13881464069353716, 0.13453208854180257, 0.13856472677856913, 0.13997431582849446, 0.13733929469612718, 0.13919646855984025, 0.13879300938307784, 0.1350829481282307, 0.13818227528160765, 0.137793249130704, 0.13791394006204968, 0.13706165506639553, 0.13465050477107973, 0.13705738958056646, 0.13782093537445286, 0.1342916983457012, 0.13659165947491886, 0.1374572556437427, 0.1377854538327865, 0.13989906450946824, 0.1346888583125049, 0.1332528779411134, 0.13650043729607386, 0.14026090400364563, 0.1363418984390397, 0.13712756347110253, 0.13623065973511178, 0.1334231413957727, 0.13553013493314045, 0.13622949613642146, 0.1347434989937389, 0.13472293607378735, 0.13475251584562636, 0.13767308428997302, 0.13686613607725115, 0.13244617974940148, 0.13478944160556064, 0.1351378440629435, 0.13602799216982062, 0.13350976156141922, 0.13390460928887812, 0.13481823201397902, 0.1347170969229618, 0.13066667642529683, 0.13164615824477363, 0.1340549226480586, 0.13385118964974208, 0.13214420737656019, 0.13208387610111527, 0.1327932166461726, 0.13650723603618053, 0.12880399390941358, 0.1287072176355442, 0.13053771028764374, 0.13406126138590674, 0.13222376530179542, 0.1297171555516374, 0.1311422006888244, 0.13076753032798985, 0.13153604600038238, 0.12918916594891147, 0.13176374000902394, 0.12980683745091198, 0.13206853490066892, 0.1336553250332825, 0.12434680265097217, 0.12741437423547716, 0.1320688607924767, 0.13302257696863348, 0.12946333463182885, 0.13337508185219218, 0.12796575820628014, 0.13042406658179886, 0.12934004890782233, 0.12888673237944379, 0.12738080288617665, 0.13239378442291086, 0.1283527506330541, 0.1313174607530805, 0.12933232447573248, 0.12534466164030192, 0.12918933316041495, 0.12979637018141857, 0.1270005362861939, 0.12574688134757617, 0.12421016434904274, 0.12783983253113185, 0.1271933675494813, 0.12288288555982459, 0.12632145141144746, 0.12373394211967483, 0.12720342697078035, 0.1284367971634137, 0.12454787721388212, 0.1280179691166823, 0.12656723480415707, 0.12621612460103654, 0.12767475104058973, 0.12872781706902817, 0.12843516651000686, 0.1291730814535199, 0.1273346522268448, 0.12787188811384084, 0.12577039031809523, 0.12800787605402122, 0.12463060135149774, 0.1310397240951771, 0.12369213861818532, 0.12305436891908864, 0.1251725330380083, 0.12418175386336014, 0.12600713024157603, 0.12124232925076521, 0.1235651022377815, 0.12496532988912276, 0.12385447545133474, 0.12590726419487072]
Validation Losses: [0.6874510952920625, 0.6815880807963285, 0.677168582424973, 0.6686776605519381, 0.660872580427112, 0.6526328216899525, 0.6425202615333326, 0.6345971587932471, 0.6229815537279303, 0.6133878194924557, 0.6044028419436831, 0.5922880479783723, 0.5884337009805621, 0.575832112268968, 0.5666525056867888, 0.5616542371836576, 0.553097974170338, 0.5444846044887196, 0.5337752465045813, 0.5283515760392854, 0.519248450344259, 0.5162310627373782, 0.5061850854844758, 0.5032509709849502, 0.4957070567391135, 0.4935171152606155, 0.48255139318379486, 0.47607597347461816, 0.4751358357342807, 0.4691300663081082, 0.46499215653448395, 0.45565438541499054, 0.4478173897121892, 0.45333710764393664, 0.4517146448294322, 0.44140000144640607, 0.43489802064317645, 0.42716900326988916, 0.4282985365752018, 0.4190141594771183, 0.42600124622836255, 0.4222691402290807, 0.4178718626499176, 0.4141149746649193, 0.4155954366380518, 0.4096127242753, 0.40406888723373413, 0.4014744957288106, 0.3999690630219199, 0.4054666929172747, 0.3988176349437598, 0.40114104657462146, 0.39619617570530286, 0.39216872417565546, 0.39830101890997455, 0.3911108844207995, 0.3879994713898861, 0.39531573111360724, 0.3907141884167989, 0.38376397887865704, 0.37448644547751453, 0.38241192969408905, 0.382940824284698, 0.38955058834769507, 0.3761622941855228, 0.37434844808145, 0.36730617013844574, 0.38175165382298554, 0.3747949835025903, 0.3762355058482199, 0.3776395329923341, 0.3704744956710122, 0.3764056382757245, 0.37534981062918, 0.35903431610627606, 0.3732176703034025, 0.35351033463622583, 0.3601826646111228, 0.3740935813296925, 0.36993849458116473, 0.37334158384438715, 0.3605150273351958, 0.3563890348781239, 0.3599871758258704, 0.3603984099445921, 0.3592220698342179, 0.36079508246797504, 0.3624750059662443, 0.35458566293571936, 0.3574526598959258, 0.3451354286887429, 0.3549379010995229, 0.3551387245004827, 0.3548159319342989, 0.35641150944160693, 0.36017258871685376, 0.3621035633665143, 0.34499579306804773, 0.3501410475282958, 0.34920516429525433, 0.3552321276881478, 0.3428885819333972, 0.3574945339650819, 0.3612039495598186, 0.3396882306445729, 0.3469287066748648, 0.34763263752966217, 0.3493377078663219, 0.34473046931353485, 0.3472814325130347, 0.3434355105414535, 0.34572482018759754, 0.33310413450905774, 0.34098289049032965, 0.34165984211546, 0.3389595187071598, 0.345269040627913, 0.33861078547708917, 0.3335854167288, 0.33935272287238727, 0.34723988356012286, 0.33230522907141485, 0.3358777607932235, 0.34671629107359686, 0.32748197064255224, 0.34188139980489557, 0.3416661367271886, 0.3320627555702672, 0.34421899192260974, 0.34754148667508905, 0.34383640776981006, 0.3392231599851088, 0.3343048971710783, 0.33568708914698975, 0.3364800612131755, 0.33449745629773, 0.33341453472773236, 0.3277321466893861, 0.3292744809930975, 0.3352562487125397, 0.3306397366704363, 0.3236712199268919, 0.34065917134284973, 0.3209620768373663, 0.3315017142079093, 0.3199094244928071, 0.31584809223810834, 0.33466211864442535, 0.32960009213649866, 0.31825293826334405, 0.31851427347371075, 0.31957266728083294, 0.31790560574242566, 0.31612768588644086, 0.3244946400324504, 0.32824844844413525, 0.331398864587148, 0.32766230630152154, 0.3156712773171338, 0.32039586973912787, 0.3231269179871588, 0.30749606815251435, 0.3173373720862649, 0.3104934845909928, 0.3191679165218816, 0.3182576389023752, 0.3140869736671448, 0.31018059407219745, 0.3266476663676175, 0.3150639841050813, 0.31246736916628753, 0.31033843033241504, 0.31912857474702777, 0.31313858158660657, 0.31733325033476856, 0.3149249860734651, 0.30414671608895966, 0.31718249664162146, 0.3158980156436111, 0.3011985917886098, 0.3051632660807985, 0.31379693204706366, 0.30196081147049414, 0.30669660685640393, 0.30820897989200824, 0.29752302079489734, 0.30014815113761206, 0.304697851339976, 0.29774781068166095, 0.2984429390141458, 0.3123214877013004, 0.29763809343179065, 0.29092405104275904, 0.303105685747031, 0.29248276578657556, 0.29604158753698523, 0.29531816189939325, 0.30386116378235095, 0.3061603050340306, 0.2966857520919858, 0.30267895171136566, 0.2940657992254604, 0.30079422755674884, 0.29235440402319934, 0.29094764590263367, 0.286772705840342, 0.2882116138935089, 0.29582894480589667, 0.2936993602550391, 0.29148253527554596, 0.2976950068365444, 0.2937670201063156, 0.29358628527684644, 0.2850517179026748, 0.2954575889038317, 0.3004545099807508, 0.29528082500804553, 0.2833511842922731, 0.28430691993597784, 0.2754694873636419, 0.28032466407978174, 0.28554195752649597, 0.2835911625262463, 0.29650163785977796, 0.2845324490106467, 0.29311808808283374, 0.28183367171070794, 0.27702196619727393, 0.2852275376067017, 0.27724406484401587, 0.283517653743426, 0.28643510919628723, 0.2844329160271269, 0.2797620350664312, 0.28376202285289764, 0.27955641349156696, 0.28984312667991174, 0.2813831423268174, 0.2868432759335547, 0.2707369946169131, 0.2929895393776171, 0.28618809987198224, 0.28362791420835437, 0.291815385222435, 0.2861429994756525, 0.28186475417830725, 0.27150188025200006, 0.2790144609682488, 0.286549297246066, 0.28010700372132386, 0.2756443660367619, 0.2715435506719531, 0.27602894965446356, 0.26523908205104596, 0.27872360520290607, 0.27169040567947156, 0.27260360076571954, 0.27584273842248047, 0.2797245103301424, 0.27049615076093964, 0.27738736615036474, 0.2753862291574478, 0.26969005664189655, 0.2617328744946104, 0.2658354951576753, 0.262773416259072, 0.2656292576681484, 0.2678107258045312, 0.25949720135240845, 0.2695864935715993, 0.2722896838730032, 0.25741202677741193, 0.2688793716105548, 0.27689797182877857, 0.2675197860508254, 0.2590847340497104, 0.2638113747040431, 0.2723614063226815, 0.26080290341016016, 0.26556492122736847, 0.2714072113687342, 0.2601817557306001, 0.26969904159054614, 0.2787817617257436, 0.2736474158185901, 0.2664867034464171, 0.2572396524024732, 0.27783294112393353, 0.2517235848036679, 0.2676041753906192, 0.27247147623336676, 0.2661081606691534, 0.2617663619193164, 0.26424647641904425, 0.2625221876483975, 0.25778482222195825, 0.2525020372686964, 0.2571454842885335, 0.27679055974338995, 0.2699591147177147, 0.2612948232527935, 0.2647891261360862, 0.255044396628033, 0.271649393619913, 0.25793283771384845, 0.25862247293645685, 0.26232036541808734, 0.2575133813150001, 0.24789836054498499, 0.2576735584121762, 0.2717271149158478, 0.2645233788273551, 0.2470260700493148, 0.2491909053289529, 0.2551289891654795, 0.25740734149109235, 0.2580890827106707, 0.2602843077796878, 0.2763794990199985, 0.25879990512674506, 0.26536384721597034, 0.26055647703734314, 0.2654673804839452, 0.2551215083310098, 0.2567094605077397, 0.2651897248896686, 0.2603387927467173, 0.2637649706818841, 0.25026348955703503, 0.2561404781811165, 0.254913481799039, 0.25699792621713696, 0.2417270505067074, 0.24513691347656827, 0.24923282726244492, 0.24644181267781692, 0.24452955840211926, 0.2542628189831069, 0.25730592238180566, 0.2552646723660556, 0.2601773142814636, 0.26367960192940454, 0.25263076975490106, 0.2588532106442885, 0.2515513544732874, 0.24737861255804697, 0.2413888085972179, 0.2519285114425601, 0.23900107632983814, 0.24281702438990274, 0.24335165683067206, 0.2570228283152436, 0.25007749823006714, 0.25166360898451373, 0.24461944130333987, 0.24728419428521936, 0.2517077967976079, 0.2402253652160818, 0.23735017397186972, 0.25894396142526105, 0.2555475826516296, 0.24301190945235165, 0.25311321155591443, 0.26183734834194183, 0.2396843031500325, 0.24399583854458548, 0.24828330449985736, 0.24449306139440247, 0.24944549934430557, 0.26371180966044916, 0.2473657022822987, 0.25156929276206275, 0.23514567676818732, 0.23989661941022583, 0.238837151816397, 0.2426198237773144, 0.25122159584002063, 0.2539786384864287, 0.25395271633610583, 0.23675523337089655, 0.25039436600425025, 0.24300526082515717, 0.2550408117698901, 0.25291415778073395, 0.2466869471651135, 0.24817284309502805, 0.27018142378691473, 0.24470424471479474, 0.2371491640806198, 0.250391218698386, 0.2439043034206737, 0.2514505756623817, 0.2465399977835742, 0.2631301252227841, 0.2362936075889703, 0.23923210167523587, 0.23821078873041904, 0.23509097234769302, 0.25771221112121234, 0.25247450263211224, 0.25394030186263, 0.2497804512580236, 0.2618445230252815, 0.23087960255868506, 0.23610280047763477, 0.23388337682593952, 0.2406312245311159, 0.24283599582585422, 0.24054565529028574, 0.24248495743130194, 0.2441141740842299, 0.25459374984105426, 0.2503827214241028, 0.23789855973287063, 0.23075856178095847, 0.23935387306141132, 0.24128787174369348, 0.24237188109845825, 0.2325712383696527, 0.2514398274096576, 0.25426211140372534, 0.24725885463483405, 0.24572532059568347, 0.2511170840624607, 0.2576294563936465, 0.24614721672101456, 0.25561873027772614, 0.25526907633651386, 0.24999909193226785, 0.23246523196047003, 0.2500701140273701, 0.22915649097977261, 0.23539865016937256, 0.2492656179449775, 0.2393212074583227, 0.25738513560006115, 0.23557300188324667, 0.24041502313180405, 0.24329918442350446, 0.24667710201306778, 0.2462834959680384, 0.248240793744723, 0.2403972866860303, 0.23017408314979437, 0.2358841123906049, 0.23891996298775528, 0.23476598524686063, 0.2397808554497632, 0.2341668005242492, 0.25322645812323596, 0.2438759532841769, 0.24422392384572464, 0.2604410020690976, 0.24029048825755264, 0.2493489497538769, 0.23897939378565008, 0.23109776368646912, 0.2547468561114687, 0.2412501456159534, 0.2549865710915941, 0.24068015813827515, 0.25345331836830487, 0.25046214867721905, 0.23334470210653363, 0.24001108967896664, 0.23368967572848, 0.26909373790928814, 0.24331956514806458, 0.24865441204923572, 0.2504099625529665, 0.24288991725806033, 0.2521477260372855, 0.24553824058084778, 0.24158901924436743, 0.25352305309339, 0.2599560392625404, 0.24435329753341098, 0.23803548830928226, 0.23630365548711835, 0.26872534914450213, 0.2470086289174629, 0.24469034328605188, 0.2561146639513247, 0.22639326706077112, 0.231648863716559, 0.24737194993279196, 0.2329620642192436, 0.25040119434847974, 0.26731965307033423, 0.2279502207582647, 0.2503240036241936, 0.26146186662442755, 0.2486319410981554, 0.2314478890462355, 0.2424307745514494, 0.2520004691499652, 0.235476655942021, 0.2392695758378867, 0.23720412814255917, 0.2467124466643189, 0.24139422900748975, 0.22479483756152066, 0.24639623950828204, 0.2550505304878408, 0.23512584287108798, 0.24082394350658765, 0.24433836927919678, 0.25565037086154474, 0.26620998256134265, 0.2452870769934221, 0.23877629863493371, 0.2399869105129531, 0.2590701191714316, 0.24888203315662616, 0.2494331905336091, 0.25130900108452997, 0.2615073038773103, 0.24794548614458603, 0.2563284811648456, 0.26152218968579266, 0.25461141539342474, 0.24765840308232742, 0.23836396860353876, 0.2439212677153674, 0.246046524607774, 0.24061800584648596, 0.2309228339881608, 0.23961383962269986, 0.2445008736668211, 0.25776835734193976, 0.24556929911627914, 0.24228499513683896, 0.2420180868921858, 0.24768626870531024, 0.2537261816588315, 0.251921684904532, 0.23731042670481134, 0.26652397305676434, 0.23637981938593317, 0.24637332739252032, 0.23297424749894577, 0.23144477605819702, 0.2584545503963124, 0.25974627606796497, 0.23639276217330585, 0.253071717692144, 0.2561595647624045, 0.2381254719062285, 0.24952794475988907, 0.22388454458930276, 0.2564012205058878, 0.25705572104815283, 0.2454856683810552, 0.2500391747012283, 0.25515304957375384, 0.22826119309121912, 0.23249354823069138, 0.2604229526989388, 0.24265323759931506, 0.2513767982071096, 0.25945353282220435, 0.23707231427683975, 0.25636392876957403, 0.237082839012146, 0.24149079530528098, 0.25428470607959863, 0.2357480927850261, 0.24137299665898987, 0.25772756970289984, 0.2370456303610946, 0.2469957841165138, 0.241856573657556, 0.2477661267374501, 0.2420977349534179, 0.23459892923181708, 0.2356026177153443, 0.2533097425193498, 0.23398904908787121, 0.24297967688603836, 0.2460545405293956, 0.24170653567169653, 0.25757672389348346, 0.25538427766525384, 0.2579795004743518, 0.23877295625932288, 0.2448276656143593, 0.24045722051100296, 0.23561837907993433, 0.23922087161829977, 0.24559826155503592, 0.23954377391121603, 0.2503425537636786, 0.24543944588213257, 0.2461891666506276, 0.234275992621075, 0.23627221403699933, 0.2527581195939671, 0.24990196977600906, 0.255243359190045, 0.2605943350177823, 0.26033004757129785, 0.2586157601891142, 0.2579876816633976, 0.24723682213913312, 0.26438801216356683, 0.2378616328492309, 0.25011692399328406, 0.2610734516020977, 0.24344084660212198, 0.24044160093321945, 0.24891197636271967, 0.242295478329514, 0.2519029442108039, 0.2555162021608064, 0.23792428184639325, 0.24608958128726843, 0.24101714248006995, 0.23858222681464572, 0.24711743268099698, 0.26061319582390063, 0.24928581037304617, 0.2548621761979479, 0.22603906374989133, 0.24043716490268707, 0.249879184997443, 0.23084742508151315, 0.23809995118415717, 0.23546834606112857, 0.24449468652407327, 0.26533887648221216, 0.2598926307577075, 0.2456943207617962, 0.26468656460444134, 0.23176900455445953, 0.2772541985367284, 0.245990639834693, 0.24414924961147885, 0.26271651323997613, 0.23241727595979517, 0.2513558706550887, 0.24510790768897894, 0.24529458672711343, 0.24091643501411786, 0.24542220117467822, 0.24093477608579578, 0.23194929054289154, 0.24893523436604123, 0.2494217265735973, 0.2356941934787866, 0.23389605816566583]
Validation ROC AUC: 0.9657879839523493
Validation Confusion Matrix: [[855, 79], [26, 235]]
Validation Precision: 0.7484076433121019
Validation Recall: 0.9003831417624522
Validation F1 Score: 0.8173913043478261
Validation Accuracy: 0.9121338912133892
Test ROC AUC: 0.9493298064180298
Test Confusion Matrix: [[1070, 103], [27, 294]]
Test Precision: 0.7405541561712846
Test Recall: 0.9158878504672897
Test F1 Score: 0.818941504178273
Test Accuracy: 0.9129852744310576
Validation Set Size: 1195
Test Set Size: 1494
