Enhancer: E22P1C1
Label: mm_v_all
Padding: True
Batch Size: 256
Learning Rate: 2e-06
Epochs: 1000
Subset: 1.0 (number of training samples: 10885)
Weight Decay: 0.01
Optimizer: adam
Coverage: 3
Jiggle: 3
Confusion Matrix: [[0.8268633540372671, 0.17313664596273293], [0.19567827130852342, 0.8043217286914766]]
Unnormalized Confusion Matrix: [[2130, 446], [163, 670]]
Number of Epochs: 717
Train Losses: [0.6932334955348525, 0.6940836393555929, 0.6934159994125366, 0.6928176630374997, 0.6935106058453404, 0.693508482256601, 0.6932594595953475, 0.6935892271441083, 0.6930500296659248, 0.6932335343471793, 0.693068496016569, 0.6931432249934174, 0.6929412068322648, 0.6931121404780898, 0.6927994794623796, 0.6929463813471239, 0.6929831726606502, 0.6926993270253026, 0.692367879457252, 0.6924191533133041, 0.6926206114680268, 0.6924528243929841, 0.6922591619713362, 0.6923385913981948, 0.6922410172085429, 0.692681584247323, 0.6922027343927428, 0.6920927305554234, 0.6923479548720426, 0.6918397019075793, 0.6920242115508678, 0.6919968017311984, 0.6917951827825501, 0.6921172336090443, 0.6922466131143792, 0.6918856626333192, 0.6921678726063218, 0.6925296575524086, 0.6919075763502787, 0.6917338482169217, 0.6919715875803039, 0.6915170494900194, 0.6915401622306468, 0.6916146042735077, 0.6911229920941729, 0.6912833285886187, 0.6916053364443224, 0.6911206162253092, 0.69138159724169, 0.6908492778622827, 0.6911688252936962, 0.6907552951990172, 0.6910838526348735, 0.6906654751578043, 0.6904133641442587, 0.6908377464427504, 0.6911806006764256, 0.6907892268757487, 0.6910857655281244, 0.6904210157172624, 0.6906177249065665, 0.6908195864322574, 0.6905173797940098, 0.6908592609472053, 0.6907016260679378, 0.690416531507359, 0.6904340566590775, 0.6907795917156131, 0.6900438569312872, 0.6901824405026991, 0.6903446995934774, 0.6907050817511803, 0.6901567522869554, 0.6903986015985178, 0.689884043017099, 0.6895231216452843, 0.6898849093636801, 0.6901441258053447, 0.6900796529858612, 0.6895208261733832, 0.6895427565241969, 0.6897855747577756, 0.6892058239426724, 0.6891386841618737, 0.6891656102136124, 0.6894392260285311, 0.689017936240795, 0.6888765872910966, 0.6896877815557081, 0.6886246440022491, 0.6888425447220026, 0.6885836304620255, 0.6892181593318318, 0.687666445277458, 0.6888905888380006, 0.688251392785893, 0.6887144363203714, 0.6885965577391691, 0.6881975462270338, 0.6877602948698887, 0.6884362143139506, 0.6873474259709202, 0.6874510604281758, 0.6873177109762679, 0.6873887569405311, 0.6876462476198063, 0.6867706983588463, 0.6870197237924088, 0.6875713869582775, 0.6869451140248498, 0.6871327522189118, 0.6869428476621938, 0.6868665966876718, 0.6868257176044376, 0.6864404012990553, 0.6864455605662146, 0.6855676174163818, 0.6863626796145772, 0.6864879852117494, 0.6847618014313454, 0.6859204367149708, 0.6856427927349888, 0.6855622793352881, 0.685365195884261, 0.684845109318578, 0.685565267884454, 0.6843060213466023, 0.6846734493277794, 0.6841750865758851, 0.6853539195171622, 0.6848492580790853, 0.6838345638541288, 0.6836088757182277, 0.6840796775596086, 0.6838178496028102, 0.6826896903126739, 0.6828946069229481, 0.6827315383179243, 0.6830064058303833, 0.6820857718933461, 0.6818704785302628, 0.6818423451379289, 0.6814329776653024, 0.6814109586005987, 0.6815581529639488, 0.6822578283243401, 0.6814995893212252, 0.6815316718678142, 0.6804035111915233, 0.6805092276528825, 0.6796936309614847, 0.6808850141458733, 0.6812986634498419, 0.6786044129105502, 0.6798091530799866, 0.6808763659277628, 0.6804670441982358, 0.6787694429242334, 0.6793688397074855, 0.6791471436966298, 0.6784461140632629, 0.6791770333467528, 0.6801696683085242, 0.6796632395234219, 0.6781754909559737, 0.6771028111147326, 0.6783560500588528, 0.6780270241027655, 0.6779831675596015, 0.6787691130194553, 0.6761443060497905, 0.6791971811028414, 0.6763370577679124, 0.6765238268430843, 0.6770820271137149, 0.6773314323536185, 0.6761878812035849, 0.6781057077784871, 0.6751936133517775, 0.6744777421618617, 0.6761290819145912, 0.6769499515378198, 0.6757629097894181, 0.6754474820092667, 0.6762439858081729, 0.6770868398422418, 0.6756287827048191, 0.6761309255001157, 0.6740735686102579, 0.676448522612106, 0.6749738371649454, 0.6745077468628107, 0.6751517223757367, 0.6722900202107984, 0.6724502402682637, 0.6734945164170376, 0.6732814007027205, 0.6721026315245517, 0.6721932361292284, 0.6727458751478861, 0.6723956424136495, 0.674878082996191, 0.6711521176404731, 0.6748253481332646, 0.6721087721891181, 0.6731976728106654, 0.6746553903402284, 0.6723709647045579, 0.6730684194453928, 0.6719769350318021, 0.6712588570838751, 0.6713595376458279, 0.6725044098011282, 0.6707627135653829, 0.672724912332934, 0.6694239017575286, 0.6683812002803005, 0.6718514908191769, 0.6692398731098619, 0.6706647775893988, 0.6691004509149596, 0.6702861924504124, 0.6687977064487546, 0.6688557863235474, 0.6666400113771128, 0.6692789571229801, 0.6674317509629005, 0.668089278908663, 0.6664326870164206, 0.6660820439804432, 0.6656893533329631, 0.666414716909098, 0.6661629829295846, 0.6647458852723588, 0.665589920310087, 0.6665478002193362, 0.6675600603569386, 0.6649018817169722, 0.6664455006288927, 0.6642323053160379, 0.6651772828989251, 0.6659292578697205, 0.6638102670048558, 0.6638512348019799, 0.6605930453123048, 0.6625282889188722, 0.6612390875816345, 0.6619396639424701, 0.6630915334058363, 0.6630724391271902, 0.6603789981021437, 0.6590835646141407, 0.6586807245431945, 0.6605700434640397, 0.659054366655128, 0.6590028058650882, 0.659772468167682, 0.65536814373593, 0.6567165865454563, 0.658446187196776, 0.6554868803467861, 0.6555154905762783, 0.6546905262525692, 0.6555720498395521, 0.6526118004044821, 0.6521934866905212, 0.651817050091056, 0.651619553565979, 0.6505055053289547, 0.6509642448536185, 0.6500387829403544, 0.6484756760819014, 0.6481398288593736, 0.6468530726987262, 0.6458742452222247, 0.646937234457149, 0.6444996456767238, 0.6449306122092313, 0.6441039581631505, 0.6432365927585336, 0.6431332646414291, 0.6408453029255534, 0.6424098846524261, 0.6389959412951802, 0.639666382656541, 0.6381724462952725, 0.6381945083307665, 0.6374825058981429, 0.635817872923474, 0.6356558772020562, 0.6301116887913194, 0.6316803943279178, 0.6318063680515733, 0.6298150309296542, 0.6281626460164093, 0.6284653419672057, 0.6277926896893701, 0.6275707829830258, 0.6234200707701749, 0.6248561545859935, 0.6227268479591193, 0.6198920302612837, 0.6242310404777527, 0.6194204327672027, 0.6213363561519357, 0.6175226693929627, 0.6195175897243411, 0.6183786572412003, 0.6162292028582373, 0.6154636754546055, 0.6147976171138675, 0.6150593203167583, 0.6102768834247145, 0.6124742530113043, 0.6088979909586352, 0.6099434384079867, 0.6106491490852001, 0.6083782218223395, 0.6087997666625089, 0.6042015122812848, 0.6024699211120605, 0.6052417048188143, 0.6026434330053108, 0.6054346450539523, 0.5995783154354539, 0.6015873177106991, 0.5993283349414205, 0.5968879336534545, 0.5969515234925026, 0.5960635695346567, 0.5952598743660505, 0.5969654349393623, 0.5938815127971561, 0.5951620381931926, 0.5914551962253659, 0.5884820915931879, 0.5865235564320587, 0.5859135971512905, 0.5868912353072055, 0.584898991640224, 0.5845422176427619, 0.5859628583109656, 0.5827136289241702, 0.5819616497949113, 0.581581593945969, 0.5815361447112505, 0.5824058929155039, 0.5784941606743391, 0.5797632073247155, 0.577929157157277, 0.5739769741546276, 0.573269410188808, 0.5704922911732696, 0.5734326881031657, 0.5700196859448455, 0.568506050941556, 0.5681591921074446, 0.5669720810513164, 0.5684081690255985, 0.5653963657312615, 0.5636191756226295, 0.5645776349444722, 0.5645954789117326, 0.562431275844574, 0.5628732040871022, 0.5606786123541898, 0.5599859038064646, 0.558528273604637, 0.5564796453298524, 0.5569146039874054, 0.5532417810240458, 0.552524889624396, 0.5522187130395756, 0.5533988073814747, 0.549661984277326, 0.5477916556735372, 0.5473951239918553, 0.5451455310333607, 0.545594360939292, 0.5489393611286961, 0.5428381007771159, 0.5398434802543285, 0.5404760435570118, 0.5423557217731032, 0.5374732405640358, 0.5388461157333019, 0.5375157913496328, 0.5334959986597992, 0.5361012123351874, 0.5373730936715769, 0.5339574300965597, 0.533385175605153, 0.5314847716065341, 0.5305396540220394, 0.5288699297017829, 0.5286402633023817, 0.5288668801618177, 0.5277527875678484, 0.528109845726989, 0.5280321628548378, 0.5224491704341977, 0.5247473418712616, 0.523272386817045, 0.5163149979225424, 0.5174191275308299, 0.5166076934614847, 0.5189874754395596, 0.5132854670979256, 0.5127614459326101, 0.5178311896878619, 0.5159356940624326, 0.5110457588073819, 0.5071516210256621, 0.5134131457916525, 0.5076076339843661, 0.5082734587580658, 0.5047609660514566, 0.5071736290011295, 0.5082165252330691, 0.5034616908361745, 0.5044036999691365, 0.502128392457962, 0.4981986000094303, 0.4978949275127677, 0.4986497205357219, 0.4973447530768638, 0.4940493259319039, 0.4951134171596793, 0.496599123228428, 0.49063043816145074, 0.492188892392225, 0.49518276439156644, 0.4856802737990091, 0.48823083971821984, 0.4866845462211343, 0.4889391341874766, 0.48538213483122894, 0.4838773892369381, 0.4841236326583596, 0.48495057225227356, 0.4847790453323098, 0.4833263983560163, 0.480494465245757, 0.47998250570408135, 0.4822553112063297, 0.47443336248397827, 0.47767689893412035, 0.4779799490473991, 0.47303047083144967, 0.4759180753730064, 0.47308934982432876, 0.475253643684609, 0.47150348785311674, 0.4684757070485936, 0.4626285613969315, 0.47074831571689874, 0.4655906211498172, 0.4662852987300518, 0.4654297731643499, 0.4615167441756226, 0.46127280454302944, 0.46127989888191223, 0.4617309695066408, 0.4608348289201426, 0.4578643884769706, 0.4545129627682442, 0.45737989558730013, 0.4561523912951004, 0.45318840132203214, 0.45469128669694414, 0.44979664406111075, 0.4521180800227232, 0.45222740741663203, 0.451354046200597, 0.44767401246137395, 0.4472364471402279, 0.4448224382345067, 0.4470928387586461, 0.4508018944152566, 0.4448185535364373, 0.44581561934116276, 0.44591488325318623, 0.44362818293793255, 0.43984544415806615, 0.4403526886951092, 0.43807599017786425, 0.43763280122779136, 0.43743117534837056, 0.43545122271360354, 0.4361345761044081, 0.43866567694863606, 0.43181016763975455, 0.4362149425717287, 0.43255216922870904, 0.4296697281127752, 0.43110056256139, 0.4305309382982032, 0.4324454983999563, 0.4294837928095529, 0.42969074845314026, 0.4255813249321871, 0.42697019147318466, 0.4252844730088877, 0.4241064960180327, 0.4234968243643295, 0.422276601541874, 0.4185988514922386, 0.41760092835093654, 0.41736470682676446, 0.42072509333144786, 0.4193679433922435, 0.41821040455685105, 0.4109804547110269, 0.4147527987180754, 0.41592973332072414, 0.40989200805508813, 0.40882756127867587, 0.4095062072886977, 0.4108033935691035, 0.40750221041745915, 0.4091907843600872, 0.40183130946270257, 0.4081352380819099, 0.40918785125710244, 0.40724644965903706, 0.3978810046994409, 0.4007714404616245, 0.4032868583535039, 0.3997755494228629, 0.4012371925420539, 0.39865590458692507, 0.39931165894796683, 0.4025111142979112, 0.4029476358446964, 0.39609145217163616, 0.3927525995775711, 0.3972079234067784, 0.3956664100635883, 0.39510776760966276, 0.3903459823408792, 0.3907287488150042, 0.3930450698664022, 0.3918623120285744, 0.38748781902845514, 0.38794472952221715, 0.3853331014167431, 0.38690244458442513, 0.380817816007969, 0.3886474807595098, 0.3842584005621977, 0.3831170388432436, 0.37449914979380233, 0.3760673071062842, 0.37948342395383255, 0.378267309693403, 0.374102498902831, 0.37680867106415505, 0.3768943471964015, 0.37457430016162785, 0.3733608071194139, 0.37164700655050054, 0.37721223124237946, 0.37483928023382673, 0.36671850223873936, 0.3680441580539526, 0.37355487845664803, 0.37331114328184795, 0.37058683467465775, 0.3686542434747829, 0.36633385613907216, 0.3641081833562186, 0.36925263945446457, 0.36293293015901434, 0.3661247484905775, 0.3607091979925023, 0.36761456589366115, 0.3569653997587603, 0.3612106428589932, 0.35915030504381934, 0.3585488830887994, 0.35773778516192767, 0.35859853306482004, 0.3535204987193263, 0.35465743444686715, 0.3460198363592458, 0.353066144294517, 0.35356577953626944, 0.35192122431688533, 0.3496243323004523, 0.34549747788628865, 0.35057437004045, 0.344901934612629, 0.3477967831977578, 0.34754800172739253, 0.35121240865352543, 0.34446298868157144, 0.34279307099275813, 0.3492779752542806, 0.34418560114017754, 0.3440345858418664, 0.34429968789566395, 0.33819378600564115, 0.33961761413618574, 0.34009435703588087, 0.3405939195045205, 0.3415047782798146, 0.3344092577002769, 0.33372915900030803, 0.34034471109856007, 0.3361981559631436, 0.33234488894773084, 0.33610768235007, 0.33431712901869487, 0.33358489912609723, 0.33604674214540525, 0.32931609902271003, 0.32973207152167033, 0.326483650956043, 0.3361250647278719, 0.3317627761253091, 0.3310004611347997, 0.328436624172122, 0.32070134476173756, 0.32375593310178713, 0.3243156581424003, 0.32484971298727877, 0.32298627703688865, 0.32478871109873747, 0.321815199630205, 0.3201035732446715, 0.3243642643440601, 0.3228914425816647, 0.3187393608481385, 0.32211350285729695, 0.31523967135784237, 0.31748525417128276, 0.31846608672031135, 0.31874811164168426, 0.318019290303075, 0.31519059317056525, 0.31277933716773987, 0.3108229657938314, 0.3142220675945282, 0.30927336701126984, 0.3132232496904772, 0.3089084535144096, 0.3125269392202067, 0.31230814235154974, 0.3048925385918728, 0.3094191655170086, 0.3108447110930154, 0.3112996151280958, 0.3068046147047087, 0.30405666038047435, 0.30869252252024276, 0.30063230076501535, 0.3023520520953245, 0.3019976172336312, 0.3064156826152358, 0.30576925499494684, 0.3032736383205236, 0.3057567567326302, 0.30341314229854316, 0.30140342580717666, 0.3011207802351131, 0.3023283918236577, 0.29797359538632767, 0.29545716213625534, 0.29326509181843247, 0.2940586472666541, 0.29454513344653815, 0.2966968708260115, 0.2960340540076411, 0.29750038614106733, 0.29140582195548126, 0.29717849021734194, 0.3000241233858951, 0.2935080452020778, 0.2974836431270422, 0.29054028003714805, 0.29125556834908417, 0.29026552896166957, 0.2942212459652923, 0.2883114807827528, 0.2877553756846938, 0.28937101502751195, 0.2886851138846819, 0.287189531811448, 0.2829297167617221, 0.2846097280812818, 0.2862613346687583, 0.2895055094430613, 0.28456987371278364, 0.28680591666421223, 0.2858552121838858, 0.28717955877614576, 0.2810235862122026, 0.2785274123036584, 0.2817713036093601, 0.27919810178668, 0.27699260136415793, 0.2778390153895977, 0.2834600227516751, 0.28445348594077796, 0.2804837133302245, 0.2808319524277088, 0.2727192945258562, 0.27266779715238615, 0.27442509767621065, 0.2760184719118961, 0.27232512900995653, 0.2756722025399984, 0.27417051896106365, 0.2775861565456834, 0.2742511079061863, 0.27232021162676256, 0.2718780962533729]
Validation Losses: [0.6933046254244718, 0.6940094666047529, 0.6933025230060924, 0.6937047622420571, 0.6939064155925404, 0.6927534450184215, 0.6928694952617992, 0.693228006362915, 0.6924630674448881, 0.6927150054411455, 0.6929369677196849, 0.6930531209165399, 0.6929196173494513, 0.6925115097652782, 0.6928399042649702, 0.6925439834594727, 0.6923727555708452, 0.6926408084956083, 0.6926422064954584, 0.6925647854804993, 0.6920478669079867, 0.6922771443020214, 0.6923782446167686, 0.6923707777803595, 0.6921928687529131, 0.6922122023322366, 0.6922506473281167, 0.6922888701612299, 0.6924289844252847, 0.6918268908153881, 0.6921160871332342, 0.6920404217459939, 0.6919397224079479, 0.692033979025754, 0.6919475035233931, 0.6915937011892145, 0.6918107271194458, 0.6917489496144381, 0.6912973902442239, 0.6914103518832814, 0.6913081190802834, 0.6915856599807739, 0.6916210922327909, 0.6914092681624673, 0.6914261091839183, 0.6913228631019592, 0.69131216135892, 0.6914408694614064, 0.6909868337891318, 0.690931574864821, 0.6911392157728021, 0.6910180015997454, 0.6909211765636097, 0.6908959908918901, 0.691077167337591, 0.6906827850775286, 0.6909219080751593, 0.6907572746276855, 0.6904592893340371, 0.6907814524390481, 0.6902050159194253, 0.6905847245996649, 0.6905690052292563, 0.6902635585178029, 0.6909468390724876, 0.6902264302427118, 0.6901328780434348, 0.690681744705547, 0.6906758438457142, 0.6901284618811174, 0.6897059353915128, 0.6898996504870328, 0.6904968781904741, 0.6895270185037092, 0.6900205070322211, 0.689632074399428, 0.6898768056522716, 0.6894503290002997, 0.6902000741525129, 0.689666439186443, 0.6892581582069397, 0.6899279626933011, 0.6897164312275973, 0.6890672120180997, 0.6894887577403676, 0.6892608620903709, 0.6894597519527782, 0.6891750801693309, 0.6893479065461592, 0.6895065036686984, 0.6898559711196206, 0.688757983121005, 0.6892545927654613, 0.6896933533928611, 0.68816246769645, 0.688250557942824, 0.6886034933003512, 0.6882685097781095, 0.6872814460234209, 0.6874745163050565, 0.6883315985853021, 0.6876118237322028, 0.6882707205685702, 0.6875904365019365, 0.6877351403236389, 0.6886816187338396, 0.6881790594621138, 0.6879944855516608, 0.6878345662897284, 0.6865713217041709, 0.6869420138272372, 0.6878284866159613, 0.6872186444022439, 0.6871816407550465, 0.6874197125434875, 0.6866434649987654, 0.6871410825035789, 0.6871060566468672, 0.686440191485665, 0.6866707693446766, 0.6862721605734392, 0.6847759593616832, 0.6860517263412476, 0.6854977878657255, 0.6852970340035178, 0.6841525381261652, 0.6854616728695956, 0.6844926855780862, 0.6852784048427235, 0.6863795843991366, 0.6839353984052484, 0.6843520348722284, 0.6838647289709612, 0.6843400218270042, 0.683815907348286, 0.6858792359178717, 0.6834039200435985, 0.6850440773096952, 0.6842154427008196, 0.6848666071891785, 0.6811602928421714, 0.6824039166623895, 0.6839563087983564, 0.6844743652777239, 0.684445093978535, 0.6824736432595686, 0.6804590658708052, 0.683909762989391, 0.681510562246496, 0.6827115199782632, 0.6818704930218783, 0.6792272925376892, 0.6804481582208113, 0.6814608465541493, 0.6797347556460988, 0.6825385147875006, 0.6790583729743958, 0.6783995628356934, 0.6803360364653848, 0.6759891184893522, 0.6793283495036039, 0.6822448860515248, 0.6782955202189359, 0.6803597645326094, 0.679398466240276, 0.6781750213016163, 0.6789680231701244, 0.6824206818233837, 0.6787733814933083, 0.6785509586334229, 0.6790036179802634, 0.6753751310435209, 0.6787468574263833, 0.6783792430704291, 0.6808240088549528, 0.6802960309115323, 0.6790956909006293, 0.6805702122774991, 0.6792635429989208, 0.6765227534554221, 0.6751200936057351, 0.6759585792368109, 0.677553496577523, 0.6786227172071283, 0.676846672188152, 0.6743337349458174, 0.6778537631034851, 0.6757871075110002, 0.675940909168937, 0.6815286658026956, 0.6722001812674783, 0.6766123121434992, 0.6769302216443148, 0.6769472685727206, 0.6739981662143361, 0.6810004331848838, 0.6791977015408602, 0.67940584637902, 0.6757205291227861, 0.6773540431802924, 0.6766896627166055, 0.6762530316006053, 0.6791665012186224, 0.6772962375120684, 0.6765874840996482, 0.6773710792714899, 0.6716664054177024, 0.6774461973797191, 0.6751655556938865, 0.6782521659677679, 0.6748096401041205, 0.6731977246024392, 0.6711427623575384, 0.6757572130723433, 0.6744148351929404, 0.6710401990196921, 0.6733485677025535, 0.6723890142007307, 0.6722597859122537, 0.6706479083408009, 0.6744613430716775, 0.6722936792807146, 0.6711216406388716, 0.6724131324074485, 0.6731652238152244, 0.6761112754995172, 0.6768511804667386, 0.6744638085365295, 0.6737574718215249, 0.6710519899021495, 0.6712986122478138, 0.6703969890421088, 0.6711699149825356, 0.6715407967567444, 0.670305149121718, 0.6693977984515104, 0.6674420941959728, 0.6649338115345348, 0.6706925955685702, 0.6688924160870638, 0.670022883198478, 0.6671013832092285, 0.6685028184543956, 0.6682832186872308, 0.6708454164591703, 0.6701051376082681, 0.6688333803957159, 0.6694844636050138, 0.6726127429441973, 0.6654486656188965, 0.6626555269414728, 0.6643900329416449, 0.6684094017202203, 0.6670192859389565, 0.6653332168405707, 0.6613412011753429, 0.6668413064696572, 0.6637757583097978, 0.6644243001937866, 0.6659775051203641, 0.6565499088980935, 0.6578683419661089, 0.6639182784340598, 0.6571796373887495, 0.6624141498045488, 0.6602038903669878, 0.6575423750010404, 0.6615399989214811, 0.6641229391098022, 0.6580193855545737, 0.6563286781311035, 0.6595785021781921, 0.6584381840445779, 0.6603500897234137, 0.6594245758923617, 0.6535139734094794, 0.6536217657002535, 0.6572418158704584, 0.6522679003802213, 0.6475468332117255, 0.6504780704324896, 0.6552352688529275, 0.6496719176119025, 0.6480902108279142, 0.6484939022497698, 0.6455654989589344, 0.6511375633153048, 0.6491954218257557, 0.6429508003321561, 0.6431132771752097, 0.6472663933580572, 0.6446329897100275, 0.64036517793482, 0.6377920833500949, 0.642794050953605, 0.648503915830092, 0.6484672806479714, 0.641536761413921, 0.640261324969205, 0.6371550830927762, 0.6349961974404075, 0.642063476822593, 0.6325283213095232, 0.63809504292228, 0.634886855428869, 0.6385321129452098, 0.6332844929261641, 0.6400072574615479, 0.6356608813459222, 0.6363277977163141, 0.638082585551522, 0.6367275010455739, 0.6288529146801342, 0.6272612268274481, 0.6295289613983848, 0.6253407380797646, 0.6332244006070223, 0.6368360302665017, 0.6267716234380548, 0.626007388938557, 0.6287818876179782, 0.6239249218593944, 0.6224819963628595, 0.6204945770176974, 0.6300907189195807, 0.6251599626107649, 0.6258173801682212, 0.617026074366136, 0.6199452985416759, 0.6186694394458424, 0.6217847737399015, 0.6154127012599598, 0.6218568682670593, 0.6199743801897223, 0.6169717745347456, 0.6162169304761019, 0.6215116544203325, 0.617863888090307, 0.6225981387225065, 0.6180916049263694, 0.6075780120762911, 0.6121190407059409, 0.6118525266647339, 0.6106732000004161, 0.6097252477299083, 0.6131784265691583, 0.6147354028441689, 0.6111188747666099, 0.606477986682545, 0.6078257343985818, 0.6040221723643217, 0.6085947806184943, 0.5991145968437195, 0.6045974493026733, 0.6047785065390847, 0.5984391299161044, 0.5969684015620839, 0.6025145866654136, 0.6001882661472667, 0.5981933962215077, 0.5968935706398704, 0.6058575402606617, 0.596568687395616, 0.6087317629293962, 0.6085226264866915, 0.604000904343345, 0.5940538265488364, 0.6011722629720514, 0.598516437140378, 0.585312312299555, 0.5947529944506559, 0.5875812768936157, 0.5927856347777627, 0.5871824297037992, 0.5962943217971108, 0.5897528366609053, 0.5953348929231818, 0.5773599310354753, 0.5934866233305498, 0.585880696773529, 0.5884942683306608, 0.5918704596432772, 0.5868338183923201, 0.5912275856191461, 0.5926173491911455, 0.5863880027424205, 0.5837864442305132, 0.5890671231529929, 0.5857424302534624, 0.5968973582441156, 0.5797416188500144, 0.5828774950721047, 0.5846541144631126, 0.5824626846746965, 0.5804703398184343, 0.5734014782038602, 0.577046892859719, 0.5852710767225786, 0.5813637538389727, 0.5739337639375166, 0.5802227529612455, 0.5818237553943287, 0.5669401450590654, 0.5744076696309176, 0.5724432089112022, 0.5794541077180342, 0.5801516337828203, 0.5659676681865345, 0.5765696818178351, 0.5690101276744496, 0.5677790858528831, 0.5761515660719438, 0.572025640444322, 0.5733961625532671, 0.5743546431714838, 0.5654404867779125, 0.562723224813288, 0.5705972368066962, 0.5774632692337036, 0.5642264864661477, 0.5643138885498047, 0.5681997591798956, 0.5644796869971536, 0.5666958472945474, 0.5603639212521639, 0.5715308460322294, 0.5663652636788108, 0.5598446401682767, 0.555721640586853, 0.5668537454171614, 0.5689412788911299, 0.5610524090853605, 0.5702634887261824, 0.5759254423054782, 0.5531986247409474, 0.5577188080007379, 0.564825410192663, 0.563530298796567, 0.5498262914744291, 0.5671560168266296, 0.5598094951022755, 0.5490020513534546, 0.5590566450899298, 0.5574421557513151, 0.5667746012861078, 0.5527865236455743, 0.5585354945876382, 0.5579748262058605, 0.5531106807968833, 0.5561057979410345, 0.5458885864777998, 0.5485023639418862, 0.55404409495267, 0.5498998327688738, 0.5536236112767999, 0.5444153547286987, 0.5591003786433827, 0.556060791015625, 0.5443764925003052, 0.5556340651078657, 0.5442916425791654, 0.5431410399350253, 0.5500514940782026, 0.5448206879875876, 0.5403342680497603, 0.5461653254248879, 0.5493332797830756, 0.5406708500602029, 0.5368736277927052, 0.5439367673613809, 0.556945036758076, 0.5471022183244879, 0.5340798117897727, 0.5402733575214039, 0.542105799371546, 0.5259549997069619, 0.5462758215990934, 0.5450174320827831, 0.535918040709062, 0.5351885611360724, 0.5209684073925018, 0.544223739342256, 0.5489476864988153, 0.5478430823846296, 0.5411685596812855, 0.5340450568632646, 0.5324624289165844, 0.5383222644979303, 0.5310289317911322, 0.5264904824170199, 0.5305507643656298, 0.5283338725566864, 0.537984241138805, 0.5302739631045948, 0.5340066172859885, 0.5303254290060564, 0.5312843702056191, 0.5313566706397317, 0.5308288715102456, 0.524028396064585, 0.5339021520181135, 0.5255061523480848, 0.5268499092622236, 0.5340857587077401, 0.5278948491269891, 0.521705296906558, 0.534590022130446, 0.5330306020649996, 0.5180274193937128, 0.529373740608042, 0.5358763608065519, 0.5235588604753668, 0.5278588641773571, 0.5309758619828657, 0.5203514261679216, 0.5207291191274469, 0.518698825077577, 0.5304399891333147, 0.5224929885430769, 0.5263544348153201, 0.5247307988730344, 0.5152771391651847, 0.5184135301546617, 0.519136745821346, 0.5188031223687258, 0.5200581875714388, 0.5235022387721322, 0.5134041228077628, 0.5317153117873452, 0.5322855765169318, 0.5237237377600237, 0.5188989341259003, 0.5393347306685015, 0.5274750265208158, 0.5174327411434867, 0.5236548781394958, 0.51744544506073, 0.5128667652606964, 0.5134491080587561, 0.5246525000442158, 0.5079497044736688, 0.5148256827484478, 0.5127912245013497, 0.5275308435613458, 0.5156742361458865, 0.5266947258602489, 0.5220385437661951, 0.5189183598214929, 0.5271392681381919, 0.5146986706690355, 0.5239097828214819, 0.5235693834044717, 0.5070840770548041, 0.507466424595226, 0.5249906182289124, 0.505102431232279, 0.4962224987420169, 0.5123323716900565, 0.5092657127163627, 0.5215053748000752, 0.5375038927251642, 0.5153343216939406, 0.5137257657267831, 0.5130010870369998, 0.512625203891234, 0.5113890875469554, 0.5005751550197601, 0.5112603902816772, 0.5045791322534735, 0.5202548558061774, 0.5270337733355436, 0.5145080360499296, 0.5121764080090956, 0.5057588896968148, 0.5108160268176686, 0.5051830031655051, 0.5055443102663214, 0.5123955634507266, 0.5174465531652624, 0.5250694128600034, 0.5226003744385459, 0.5123653899539601, 0.5063356025652452, 0.5204768018289045, 0.5065901685844768, 0.5080380060456016, 0.5088443701917474, 0.5042361508716237, 0.5187338157133623, 0.5180779478766702, 0.5033788491379131, 0.519132522019473, 0.5009440373290669, 0.5072878707538951, 0.5194208323955536, 0.5114218430085615, 0.5194391147656874, 0.49495491927320306, 0.4952400814403187, 0.5031815848567269, 0.5209936066107317, 0.5077035156163302, 0.49230155619707977, 0.49995282834226434, 0.5087468028068542, 0.5015557489611886, 0.5045369131998583, 0.5026285187764601, 0.5028898499228738, 0.5182889889587056, 0.5012666095386852, 0.5135098695755005, 0.5190201049501245, 0.5126965073021975, 0.5065441863103346, 0.5244431604038585, 0.4769889468496496, 0.5110379132357511, 0.49565683982589026, 0.49245201457630505, 0.5066572807051919, 0.5106926587494937, 0.5142995958978479, 0.5253574333407662, 0.4847766540267251, 0.5211817703463815, 0.5018184022469954, 0.5096175291321494, 0.4970508001067422, 0.5132058994336561, 0.5061140195889906, 0.5115768096663735, 0.500116380778226, 0.5031250552697615, 0.48792676492170856, 0.5119417661970312, 0.5054674013094469, 0.5331595729697834, 0.5136191384358839, 0.5227147151123394, 0.4981708824634552, 0.5047605931758881, 0.5097094394943931, 0.49584064971316943, 0.49854838848114014, 0.5120894583788785, 0.4902737113562497, 0.5056847171349959, 0.5194938074458729, 0.5154411738569086, 0.5010376843539152, 0.4879621077667583, 0.5160154104232788, 0.4961898841641166, 0.5167528011582114, 0.5321179357441989, 0.505514686757868, 0.5216988650235262, 0.5156606381589716, 0.5041958554224535, 0.5034301443533464, 0.5130822089585391, 0.5181959461082112, 0.5093482759865847, 0.4919906935908578, 0.5100849893960085, 0.5113172991709276, 0.49568473479964514, 0.5007297179915688, 0.49756707928397437, 0.4970746798948808, 0.49602540785616095, 0.5227360806681893, 0.511577695608139, 0.5043699416247281, 0.487742773511193, 0.5297379873015664, 0.5170753652399237, 0.49053966999053955, 0.547471509738402, 0.4964693784713745, 0.5007347193631259, 0.49795904755592346, 0.5181361003355547, 0.49030510674823413, 0.5143487778576937, 0.5301947295665741, 0.5021808066151359, 0.5065203336152163, 0.5159175097942352, 0.5024934221397747, 0.49179581891406665, 0.5431783686984669, 0.5284720225767656, 0.5042439780452035, 0.4980262680487199, 0.49760851534930145, 0.5039624029939825, 0.5005760165778074, 0.5265878601507707, 0.5050632980736819, 0.5007447491992604, 0.5117124725471843, 0.5531090714714744, 0.5133191292936151, 0.5208637660199945, 0.5016202330589294, 0.5000042617321014, 0.522082881494002, 0.5041431784629822, 0.5258007645606995, 0.5126566399227489, 0.5003671998327429, 0.5135832699862394, 0.5210705101490021, 0.5228780860250647, 0.5160731483589519]
