Enhancer: E22P1C1
Label: mm_v_all
Padding: True
Batch Size: 256
Learning Rate: 2e-06
Epochs: 1000
Subset: 1.0 (number of training samples: 4018)
Weight Decay: 0.01
Optimizer: adam
Coverage: 10
Jiggle: 3
Confusion Matrix: [[0.5196428571428572, 0.48035714285714287], [0.4857142857142857, 0.5142857142857142]]
Unnormalized Confusion Matrix: [[582, 538], [68, 72]]
Number of Epochs: 107
Train Losses: [0.6940138041973114, 0.693144790828228, 0.6939721703529358, 0.6932497322559357, 0.6938647888600826, 0.6929590813815594, 0.6934867091476917, 0.6935187838971615, 0.6934202909469604, 0.6932326480746269, 0.693998146802187, 0.6927543766796589, 0.693611241877079, 0.6934404820203781, 0.6935456208884716, 0.6931894198060036, 0.6938333958387375, 0.693315502256155, 0.6931120678782463, 0.6936727501451969, 0.6930693611502647, 0.6928869970142841, 0.692350298166275, 0.6930441036820412, 0.6930664032697678, 0.6930203475058079, 0.6924648061394691, 0.6926170252263546, 0.6931600794196129, 0.6925583034753799, 0.692639272660017, 0.6930453181266785, 0.6926157921552658, 0.6927488148212433, 0.6932779923081398, 0.6936022229492664, 0.6925986111164093, 0.6922880299389362, 0.693001564592123, 0.692860022187233, 0.6926846913993359, 0.692716334015131, 0.6925043873488903, 0.6926773078739643, 0.6924088336527348, 0.6922913528978825, 0.6928804107010365, 0.692725483328104, 0.6925564855337143, 0.6927488930523396, 0.6925801150500774, 0.6931692324578762, 0.6924433559179306, 0.6925491541624069, 0.6922921724617481, 0.6923814453184605, 0.6921831481158733, 0.6920031048357487, 0.6921059899032116, 0.6924472451210022, 0.69212307035923, 0.6923258230090141, 0.6915851086378098, 0.6920225061476231, 0.6925210207700729, 0.6924474462866783, 0.6922450177371502, 0.6927736923098564, 0.6922837160527706, 0.69310687109828, 0.6919344887137413, 0.6917580254375935, 0.691773634403944, 0.6918550133705139, 0.6915510334074497, 0.6922601237893105, 0.6923677213490009, 0.6917122304439545, 0.6921787150204182, 0.6923478096723557, 0.6919040568172932, 0.6917280294001102, 0.6921728067100048, 0.6914941482245922, 0.6918179020285606, 0.6921855472028255, 0.6919084154069424, 0.6920588277280331, 0.6919966116547585, 0.6922177895903587, 0.6925241835415363, 0.6918716318905354, 0.6910015679895878, 0.6916020885109901, 0.6914399713277817, 0.6913846172392368, 0.6912382654845715, 0.6922997869551182, 0.6922268010675907, 0.6913315951824188, 0.6919210962951183, 0.6921066083014011, 0.6915531270205975, 0.6925630234181881, 0.6912113279104233, 0.6918813809752464, 0.6915862150490284]
Validation Losses: [0.6938874572515488, 0.699103057384491, 0.6951406002044678, 0.6922416239976883, 0.6934290379285812, 0.6919965744018555, 0.6915702521800995, 0.6933687031269073, 0.6921878159046173, 0.6923633366823196, 0.6925032138824463, 0.6921602785587311, 0.6933699250221252, 0.6929787546396255, 0.692069336771965, 0.6925142109394073, 0.6924974620342255, 0.6926545947790146, 0.6931082606315613, 0.6929688006639481, 0.6923016458749771, 0.6924179643392563, 0.6928335577249527, 0.6928446441888809, 0.6919909715652466, 0.6925096213817596, 0.6923713237047195, 0.6927441954612732, 0.6925061494112015, 0.6925322264432907, 0.6928037256002426, 0.6925131529569626, 0.6927450895309448, 0.6927448660135269, 0.692391961812973, 0.6929479986429214, 0.6924716383218765, 0.6928156465291977, 0.6928023248910904, 0.6923941671848297, 0.6927441507577896, 0.6928443312644958, 0.6923938095569611, 0.6928203701972961, 0.6926164925098419, 0.6926712542772293, 0.692643865942955, 0.6924755871295929, 0.692665308713913, 0.6924904882907867, 0.6926153898239136, 0.6931200921535492, 0.6925709843635559, 0.6922765374183655, 0.6920698285102844, 0.6923311799764633, 0.6927396506071091, 0.6928049474954605, 0.6926109045743942, 0.6927518248558044, 0.6925655603408813, 0.6926368325948715, 0.693100318312645, 0.6924529522657394, 0.692117229104042, 0.6924046576023102, 0.6925472468137741, 0.6926843822002411, 0.6932339370250702, 0.6925550550222397, 0.6923960000276566, 0.6931001096963882, 0.6921054124832153, 0.6927293837070465, 0.6923520117998123, 0.6925335973501205, 0.6926329582929611, 0.6929005682468414, 0.692376434803009, 0.6922088116407394, 0.6923715323209763, 0.6924688965082169, 0.6928195506334305, 0.6928061097860336, 0.692221149802208, 0.6929077655076981, 0.6936229169368744, 0.6925779730081558, 0.6924673318862915, 0.6926038265228271, 0.6924405992031097, 0.6923709064722061, 0.6929970979690552, 0.6927748769521713, 0.6924937069416046, 0.6925690323114395, 0.6920982003211975, 0.6931181252002716, 0.6926851570606232, 0.6920364499092102, 0.6925328075885773, 0.6921481192111969, 0.6926780492067337, 0.6919474750757217, 0.692489355802536, 0.692393958568573, 0.6925591230392456]
