Enhancer: E22P1A3
Label: mm_v_all
Padding: True
Batch Size: 256
Learning Rate: 2e-06
Epochs: 1000
Subset: 1.0 (number of training samples: 55188)
Weight Decay: 0.01
Optimizer: adam
Coverage: 3
Jiggle: 3
Confusion Matrix: [[0.8801257422284318, 0.11987425777156828], [0.16058643027616776, 0.8394135697238323]]
Unnormalized Confusion Matrix: [[12599, 1716], [471, 2462]]
Number of Epochs: 266
Train Losses: [0.6924375389461164, 0.6875831581376217, 0.6821483690981511, 0.6761001605126593, 0.6687748655676842, 0.6595065234987824, 0.6507107251220279, 0.6410344077481164, 0.6328982514915643, 0.6236582127986131, 0.6185464861768263, 0.6098476427572744, 0.6038906996448835, 0.5981898387825048, 0.5923840737453213, 0.5865535606388692, 0.5824195783999231, 0.5751740079787042, 0.5732539845285592, 0.5674121589572342, 0.5629980696572198, 0.5570860999049964, 0.5509722467373919, 0.5449810964917695, 0.5405033850283535, 0.5341759882867336, 0.5328011554148462, 0.5257251210234783, 0.5229898856745826, 0.5189670433324797, 0.515592997410783, 0.5098476415431058, 0.508488366863242, 0.501339084158341, 0.501580925727332, 0.4961617877361951, 0.4951598833280581, 0.4917885725972829, 0.4875384530535451, 0.4868266324478167, 0.4828870624855713, 0.4798687394294474, 0.47684688797151603, 0.47448178725662055, 0.4716041517202501, 0.4761071866033254, 0.4704328237308396, 0.46574714848840676, 0.46367407714327175, 0.4634994261518673, 0.46154506518333044, 0.45602146067001204, 0.45184967584080166, 0.45391451470829824, 0.44705150124651416, 0.4538783367585253, 0.44621849142842823, 0.4434487563040521, 0.44337778469478645, 0.4390994791907293, 0.43903960287570953, 0.4336643688104771, 0.4338875236334624, 0.4315657503902912, 0.43072192150133626, 0.42455231053409753, 0.42092699254000626, 0.4184453530168092, 0.41611910583796324, 0.41532301819986767, 0.4125589994644677, 0.41091422267534117, 0.40740753103185584, 0.40342304000148066, 0.4046965616720694, 0.3993878261082702, 0.3999174074442298, 0.39215462737613255, 0.38963889813533537, 0.3899035228899232, 0.3868253091695132, 0.38608132813263824, 0.3812948879268434, 0.3794109721978505, 0.3765640166346674, 0.3773931282813902, 0.3731871288683679, 0.370876029961639, 0.37369249223007095, 0.3684478929197347, 0.3660554075958552, 0.36510165725593213, 0.3665012507526963, 0.36298299001322853, 0.36267279405836705, 0.3621232055679516, 0.3624811747835742, 0.35792713198396897, 0.3585374318063259, 0.356060101064267, 0.3584889724022812, 0.3564404892148795, 0.35662700939509606, 0.35295543667894824, 0.3493822477757931, 0.3497119816365065, 0.35123828591571915, 0.3513890249585664, 0.3469836513201396, 0.34898386785277613, 0.3455884830543288, 0.3427443261499758, 0.34263519584028806, 0.34627489566251085, 0.34619163404460307, 0.3412875958062984, 0.3392172330231578, 0.3389205583543689, 0.33834333027954455, 0.3375639788530491, 0.33968871776704435, 0.33987901897894013, 0.33411002352281854, 0.33452885087441514, 0.3360864058550861, 0.33098461892869735, 0.333178189203695, 0.33385019528645055, 0.33029503195925997, 0.33492095789147747, 0.32741918166478473, 0.32901951918999356, 0.3281644950448363, 0.32676892686221337, 0.32496362731412604, 0.32355771337946254, 0.32750242189676676, 0.3237055869842017, 0.3225885982176772, 0.32477358645863, 0.3204956603133016, 0.3155511788747929, 0.3212354721984378, 0.31966635846981295, 0.32095742122166687, 0.3145487271939163, 0.31538399798726596, 0.31473899149784335, 0.3188323995305432, 0.3162555762877067, 0.3114246097565801, 0.3116716318246391, 0.3115843673133188, 0.3104583458216102, 0.31136435518662137, 0.3116579963653176, 0.3114789377346083, 0.31176212671454306, 0.30913897403688345, 0.3069305731052602, 0.307371802766014, 0.3052815123702641, 0.3075740478105015, 0.30146556595961255, 0.3043160148792797, 0.30485535757961096, 0.30123003999944087, 0.30334347224345914, 0.29971026939650375, 0.30123316717368587, 0.3005216501791168, 0.2992333523515198, 0.2981047884871562, 0.3004467408000319, 0.30030031343577085, 0.2987918281168849, 0.2936851569899806, 0.29842547120319474, 0.29450697224173283, 0.29294507426244243, 0.295640681973762, 0.2919353534364038, 0.2912830382723499, 0.2917331731015885, 0.29294323707344355, 0.2906860786455649, 0.2863378443375782, 0.28515636175870895, 0.28533741431655707, 0.28781824917704973, 0.28515252871093927, 0.2855676169058791, 0.28159493890901405, 0.28202624853562425, 0.28192948536188517, 0.2820662333181611, 0.27701444923877716, 0.2787962282007491, 0.28310146686379556, 0.28334938969325135, 0.2784336275524563, 0.2782627425535961, 0.27899999626808697, 0.27638174448576236, 0.27496410733847704, 0.2702967752875001, 0.27138068747741206, 0.2719902828749683, 0.2701250928695555, 0.2687703530407614, 0.27109285733766025, 0.2696927343667657, 0.2703518717791195, 0.2679788043929471, 0.2689179980920421, 0.2696297756499714, 0.2640532575271748, 0.26350243017077446, 0.26662600813088594, 0.26314759530403, 0.2671205086150655, 0.2590581273867024, 0.2634768366675686, 0.2621223961037618, 0.2566003782191762, 0.2598311093946298, 0.25961311996259073, 0.25927561217987977, 0.2567762877378199, 0.2568481041601411, 0.2540709633656122, 0.2560063521895144, 0.25671518676810795, 0.25394208798253975, 0.2523877513077524, 0.25091805647092835, 0.2541190421001779, 0.2533556665811274, 0.24950311091487054, 0.25147315570049816, 0.24899187918614457, 0.24498208812265485, 0.25059449258777833, 0.24787323087177895, 0.24658516518495702, 0.2458134897881084, 0.24690260186239524, 0.2440109308809042, 0.24156014517777497, 0.24326921826987355, 0.24247967079281807, 0.24127703256629132, 0.24196454020286048, 0.2433709597422017, 0.23885204787883493, 0.24137548598702308, 0.23797216128419946, 0.2406110982928011, 0.2410053898476892, 0.23291821343203387, 0.23602500992516676, 0.2395248150246011, 0.23827729456954533, 0.23600559750640834, 0.2316200468275282, 0.23070506103060864]
Validation Losses: [0.6900416115919749, 0.6842013376730459, 0.6787760191493564, 0.6720049734468814, 0.6637283729182349, 0.6544995175467597, 0.6437303136896204, 0.6349979407257504, 0.6286979770218885, 0.6191616102501198, 0.6156862941053178, 0.6087930158332542, 0.5989446231612453, 0.593999304153301, 0.5885647976839984, 0.5854629189879806, 0.5807279370449208, 0.5743006622349774, 0.5719523363643222, 0.5656979613833957, 0.5587841128861463, 0.5571827733958209, 0.5517158541414473, 0.5444889896445804, 0.5387483062567534, 0.5269307670769868, 0.5346018782368412, 0.5231003766810453, 0.518539634015825, 0.5208476881186167, 0.5098001449196427, 0.5092924132391259, 0.5025003530361034, 0.5075541254546907, 0.4955386696038423, 0.4939020949381369, 0.4983241734681306, 0.4870954155921936, 0.48746732263653364, 0.48444870445463395, 0.48261714147196877, 0.4759636377846753, 0.47337261614976106, 0.47091812999160204, 0.47039046938772555, 0.4637779714884581, 0.46671262824976883, 0.46330291363928056, 0.4612385321546484, 0.45566071956245985, 0.4587127262795413, 0.4556803477031213, 0.4507860651722661, 0.4538540177875095, 0.44901095385904666, 0.44739837337423255, 0.453429173540186, 0.4409379020885185, 0.4402874840630425, 0.4306660454582285, 0.4356749670373069, 0.4274437030156453, 0.43441783388455707, 0.4273578359021081, 0.42696827208554305, 0.42665405737029183, 0.41670245649638, 0.42434680793020463, 0.42446950961042335, 0.42124852041403454, 0.4196690734889772, 0.4100069541622091, 0.40559023177182235, 0.40793626396744337, 0.40185957926291005, 0.4025374855156298, 0.40428564228393415, 0.3999500390556123, 0.39140403105152977, 0.4017627206113603, 0.3958777995021255, 0.39168785236499926, 0.3913874532337542, 0.3843321568436093, 0.3951974235199116, 0.3840873854027854, 0.384585737630173, 0.38916818521640917, 0.37905229407328145, 0.38363575880174283, 0.3809741078703492, 0.38230589032173157, 0.3831310702694787, 0.3747734747551106, 0.3865807172324922, 0.3710365582395483, 0.37839202141320266, 0.3737480259603924, 0.3658325903945499, 0.37450575331846875, 0.3775907556215922, 0.3658651935833472, 0.36210378176636165, 0.3589920059398369, 0.3745233201318317, 0.36331670648521847, 0.36412364685976945, 0.3726827126962167, 0.3656706390557466, 0.36706777855202005, 0.35449661866382315, 0.3656995026049791, 0.36267787714799243, 0.36263696794156675, 0.35824099955735383, 0.35739047990904915, 0.3653321028859527, 0.36052540055027715, 0.36013501827363614, 0.362395742977107, 0.35510277141023566, 0.36839972657186015, 0.36153813313554833, 0.35900264923219327, 0.3583502350030122, 0.3616060040615223, 0.3563268079801842, 0.3601384742392434, 0.35627758006254834, 0.3639162955460725, 0.3677971186461272, 0.35904873686808125, 0.3589093464392203, 0.3571056718075717, 0.3578764349222183, 0.357438830865754, 0.36231937287030397, 0.35535698466830784, 0.3664842501834587, 0.34688867904521803, 0.3619710212504422, 0.3547843567751072, 0.36529725624455345, 0.35645035405953723, 0.35403059864485703, 0.35242895285288495, 0.36506421864032745, 0.34967052770985496, 0.3383905854490068, 0.35399966493800833, 0.3524624263798749, 0.3555139833026462, 0.34386632011996376, 0.35492662257618374, 0.3615582844725362, 0.3577848777726845, 0.3584134970550184, 0.35640864074230194, 0.3563397405324159, 0.35858607126606834, 0.3537518095087122, 0.35195644365416634, 0.35388170513841843, 0.34712074752207156, 0.3580194706166232, 0.3343915690978368, 0.3538903919634996, 0.358925473358896, 0.3538511246442795, 0.357267611556583, 0.3593380611251902, 0.3524587474487446, 0.3548165377643373, 0.35389208848829623, 0.34839889793484297, 0.35888624246473666, 0.3611186902832102, 0.36050885419050854, 0.34856517557744626, 0.35215024594907407, 0.3534570203887092, 0.36054817338784534, 0.3513998207118776, 0.34882083866331315, 0.34893429113758934, 0.3599943099198518, 0.3663827688605697, 0.3645237899488873, 0.3567272226015727, 0.35283512594523253, 0.3623608085844252, 0.35144647238431154, 0.3827403629267657, 0.3539226049626315, 0.3584790748578531, 0.35539799487149276, 0.36439558808450345, 0.3526591266746874, 0.35316402934215685, 0.3689010888338089, 0.3657333497647886, 0.36045495558668067, 0.3720067353160293, 0.3594005626660806, 0.3721003957368709, 0.36053668348877516, 0.3622524252644292, 0.3705883390373654, 0.36502183808220756, 0.3663040559600901, 0.3598664518859651, 0.36341519598607663, 0.36176913645532394, 0.3802889883518219, 0.3731928556053727, 0.3646324183102007, 0.3562572984783738, 0.3665124222084328, 0.36845117145114475, 0.36662586254102214, 0.37066372732321423, 0.3679476915686219, 0.36627769580593816, 0.3687242010125407, 0.3547818605546598, 0.3740008647243182, 0.3655358111416852, 0.37175278420801516, 0.38432846080373834, 0.37164131965902114, 0.38048389498834256, 0.3685692035489612, 0.37200215127733016, 0.3878085541504401, 0.3676569130685594, 0.3720744953111366, 0.37139309225259004, 0.38247333411817197, 0.3855373373738042, 0.3809256906862612, 0.38143105860109683, 0.3787339125518446, 0.37041201028558945, 0.3750907778739929, 0.3751843588219749, 0.3764421189272845, 0.3848926513283341, 0.3772747102710936, 0.3776424968684161, 0.3888121098279953, 0.36679967410034603, 0.3927269423449481, 0.3767539240695812, 0.389319642274468, 0.38934235826686575, 0.3869243777460522, 0.3913463779069759, 0.3978988478581111, 0.39836801147019424, 0.3972853129660642, 0.39022835592428845, 0.39321368491208114, 0.39757008685006034, 0.40263183249367607, 0.3955095526244905, 0.4049223832510136]
Validation ROC AUC: 0.9075010035397584
Validation Confusion Matrix: [[1428, 208], [57, 278]]
Validation Precision: 0.5720164609053497
Validation Recall: 0.8298507462686567
Validation F1 Score: 0.6772228989037758
Validation Accuracy: 0.8655504819888381
Test ROC AUC: 0.9080719608335135
Test Confusion Matrix: [[1803, 242], [69, 350]]
Test Precision: 0.5912162162162162
Test Recall: 0.8353221957040573
Test F1 Score: 0.6923837784371909
Test Accuracy: 0.8737824675324676
Validation Set Size: 1971
Test Set Size: 2464
