Enhancer: E22P3B3
Label: mm_v_all
Padding: True
Batch Size: 256
Learning Rate: 2e-06
Epochs: 1000
Subset: 1.0 (number of training samples: 20671)
Weight Decay: 0.01
Optimizer: adam
Coverage: 3
Jiggle: 3
Confusion Matrix: [[0.9500708773035124, 0.04992912269648764], [0.5625, 0.4375]]
Unnormalized Confusion Matrix: [[6032, 317], [63, 49]]
Number of Epochs: 231
Train Losses: [0.695901487344577, 0.6955237381252242, 0.6941821494220216, 0.6935944226053026, 0.6926388505064411, 0.6922821387832547, 0.6913756404393985, 0.6910225565050855, 0.6905222476264576, 0.6899255786413028, 0.6894618486180718, 0.6891235849003733, 0.6884687219137027, 0.6879474108601794, 0.6881598219459439, 0.6872664292653402, 0.68684889284181, 0.6857746773295932, 0.6853009064992269, 0.6848422163798485, 0.6843066561369249, 0.6836365704183225, 0.6824712598765338, 0.6821104633955308, 0.6818267695697737, 0.6807485392064224, 0.6805336144235399, 0.6792825909308445, 0.6783539130363936, 0.6771066284474031, 0.6761038899421692, 0.6754135342291844, 0.6743557460514116, 0.6725133039333202, 0.6715563660786475, 0.6700394396428708, 0.6694148028338397, 0.6680487769621389, 0.6669474715068017, 0.6651756925347411, 0.6632823899940208, 0.6623702505488455, 0.6613686018519931, 0.6593132791695772, 0.6565411738407465, 0.6570874783727858, 0.6545750940287555, 0.6539553551026333, 0.650826217951598, 0.6495702097445358, 0.6479909074159316, 0.6463799712098675, 0.6452708840370178, 0.6446712657257363, 0.6413940485612846, 0.638415734709045, 0.6382917055377254, 0.6346961355503694, 0.6331342745710302, 0.6318545628477026, 0.6306339620072164, 0.6280908827428464, 0.6262770390804903, 0.6250507713835917, 0.6216385246794901, 0.62159984494433, 0.6182977549823714, 0.6167388492160373, 0.6153211365511388, 0.6132583610805464, 0.612705573623563, 0.6110790600011378, 0.6086947395477766, 0.6070957308934058, 0.6081422155286059, 0.6034421906059171, 0.6051589044523827, 0.6016560653109609, 0.5998966752746959, 0.5960532574006069, 0.5976572706375594, 0.5951148867607117, 0.591002036024023, 0.5901643148174992, 0.5898394187291464, 0.5880002283755644, 0.5833394122712406, 0.5850686732633614, 0.5821225415041418, 0.5815241403049893, 0.5789293882287578, 0.578770187166002, 0.5802057907905107, 0.5739151018637197, 0.5702020938013806, 0.5730235208699732, 0.5672094880798717, 0.5667475197050307, 0.5654488250061318, 0.5619252449200477, 0.5588914310490644, 0.5596388203126413, 0.5578124905809944, 0.5544861488872104, 0.5546208804036364, 0.5511286221904519, 0.5489601286841027, 0.5439505172364506, 0.5382749533947603, 0.5394734357610161, 0.5326354614010563, 0.5294333987029982, 0.5342660134221301, 0.5253421822447836, 0.5244233939382765, 0.521429071087896, 0.5187303331899055, 0.5140176054872112, 0.5102594248306604, 0.5044401983420054, 0.5054558515548706, 0.5002525584933198, 0.49398849849347715, 0.49035261001115965, 0.48842567205429077, 0.48454291511465003, 0.4760624626536428, 0.4744266223760299, 0.4696755449713012, 0.4638385669684704, 0.4642442019633305, 0.45822295436152705, 0.45124074706324824, 0.44787269242015887, 0.44734612695964765, 0.4416251094252975, 0.43436592743720537, 0.4336551210762542, 0.42751246322820213, 0.42322236078756825, 0.4196407607308141, 0.4120705488287372, 0.4132699466045992, 0.40585390469174326, 0.401090849696854, 0.4004296965805101, 0.39663617257718686, 0.3902222922554723, 0.388829137440081, 0.3837651698677628, 0.38136635224024457, 0.3784104217717677, 0.37296276659141353, 0.3714686941217493, 0.3663055182975016, 0.36085401052310145, 0.3595404900886394, 0.3547041353620129, 0.3511221629601938, 0.3445396743438862, 0.3447183709085723, 0.33951937600418375, 0.33579276962044796, 0.33291086076218407, 0.32845653869487623, 0.32841287755671844, 0.3241496509239997, 0.3209531045990226, 0.3179791455651507, 0.3153108141304534, 0.3118785123030345, 0.3084378073244919, 0.3042421053957056, 0.299979661349897, 0.2979887300803338, 0.29622450066201483, 0.29328756899009517, 0.2910149101121926, 0.28617019123501247, 0.2821158465043998, 0.2825402223769529, 0.27865221783702754, 0.2746833676909223, 0.26984022005840586, 0.2702962778232716, 0.2655280449508149, 0.26462983386016187, 0.2625006893534719, 0.25680763835524334, 0.25536433083039745, 0.2544136122788912, 0.2501484657879229, 0.248776693402985, 0.24543036888411016, 0.24069537663901294, 0.24072431487801635, 0.2391271683169, 0.23597433261665296, 0.23537252972155442, 0.22902568806836635, 0.2288503580623203, 0.22703437470359566, 0.22483308245370417, 0.2233637946623343, 0.22096026808391384, 0.2180720286236869, 0.21486664223082272, 0.2121955465387415, 0.2134427281073582, 0.21186086553850292, 0.20887961211027922, 0.20564729508794385, 0.2044875811279556, 0.200980962978469, 0.2026756172194893, 0.19983749643520074, 0.19714195235275928, 0.19317092774090944, 0.19264174243550242, 0.19194999484368314, 0.18863610389791888, 0.1885548879702886, 0.18683205912878484, 0.1843917645789959, 0.18094228704770407, 0.18038619208483048, 0.17832483443213099, 0.1801122311088774, 0.1777209985403367, 0.17423105129489191, 0.17187302863156353]
Validation Losses: [0.6954059316998437, 0.6958834869521004, 0.69351555619921, 0.6934510100455511, 0.6932838218552726, 0.692285784653255, 0.691852921531314, 0.6907784399532136, 0.6904247942424956, 0.689654412723723, 0.6898139885493687, 0.6893934181758335, 0.6890003170285907, 0.6885099694842384, 0.6880532048997425, 0.6872525839578538, 0.6871972850390843, 0.6860027284849257, 0.6861445761862255, 0.6849808295567831, 0.6847652395566305, 0.6835496652693975, 0.6838806924365816, 0.6828023422332037, 0.6821896178381783, 0.6808343387785412, 0.681687749567486, 0.6807593334288824, 0.6793671704473949, 0.678786059220632, 0.6784804378237043, 0.6769694487253824, 0.6774622315452212, 0.6752843118849254, 0.6733747323354086, 0.672445569719587, 0.6719639868963332, 0.670810341835022, 0.6681168306441534, 0.6701477198373704, 0.6671002138228643, 0.6655570949826922, 0.6638138975415911, 0.6636236820902143, 0.6608342443193708, 0.6624156350181216, 0.6614094461713519, 0.6632207688831148, 0.6542281877426874, 0.6559638267471677, 0.6571500471660069, 0.6525161692074367, 0.6526379613649278, 0.6483993927637736, 0.6489720997356233, 0.6457331577936808, 0.6457946215357099, 0.6459581341062274, 0.6439469541822161, 0.6453406867526826, 0.6477523502849397, 0.6397172070684887, 0.635362636475336, 0.6420957332565671, 0.6375762451262701, 0.635596976393745, 0.6305114399819147, 0.6344122290611267, 0.6362340109688895, 0.633708880061195, 0.6257637625648862, 0.6275149016153245, 0.6255523023151216, 0.6169448466528029, 0.6289215769086566, 0.6240260970024836, 0.6185691782406398, 0.61892226764134, 0.6125249436923436, 0.6185881609008426, 0.6181965867678324, 0.6158589408511207, 0.6090274822144282, 0.6219268838564554, 0.6189320002283368, 0.6146146059036255, 0.6114228367805481, 0.6105856923829942, 0.6161028487341744, 0.6151306629180908, 0.603573203086853, 0.6049516456467765, 0.6070951166607085, 0.6036167258308047, 0.6075661863599505, 0.6030737786065965, 0.5974324884868804, 0.6060464041573661, 0.6043513871374584, 0.6100048479579744, 0.5998760660489401, 0.5989498723120916, 0.6043179631233215, 0.5916033642632621, 0.6079009005001613, 0.5987811656225295, 0.6004379022689093, 0.5969087481498718, 0.6062028436433702, 0.5978945663997105, 0.5968855392365229, 0.6001636471067157, 0.5983724054836091, 0.5967108380226862, 0.5933869963600522, 0.6033236696606591, 0.5985454831804548, 0.6030860089120411, 0.6012965866497585, 0.5990576772462755, 0.5958557497887385, 0.5924549670446486, 0.5920936663945516, 0.5995321472485861, 0.594014653137752, 0.5987563644136701, 0.594580468677339, 0.5986433426539103, 0.6020249752771287, 0.6019537647565206, 0.5883311742828006, 0.6029869573456901, 0.6048351781708854, 0.615161467166174, 0.5999232417061215, 0.6217201948165894, 0.6081887001083011, 0.6129644058999562, 0.6239483498391651, 0.6065247711681184, 0.6264124626205081, 0.6132135675066993, 0.6187412738800049, 0.6157481528463817, 0.6143672806876046, 0.6167085539726984, 0.6155740249724615, 0.6262254289218357, 0.6257131979579017, 0.6186410813104539, 0.6394779057729811, 0.6350619196891785, 0.6330767018454415, 0.6376382963997977, 0.624172256106422, 0.6535504715783256, 0.6309829524585179, 0.6556343521390643, 0.6234605340730577, 0.6291169580959138, 0.6549465883345831, 0.6465645432472229, 0.6492853987784613, 0.6513973332586742, 0.6319365955534435, 0.6448971373694283, 0.6559063451630729, 0.6525771703038897, 0.6606976787249247, 0.6571960562751407, 0.64569620291392, 0.661027539344061, 0.6640035680362156, 0.6493161292303176, 0.6829357345898946, 0.6546819706757864, 0.663761439777556, 0.6636445749373663, 0.6759546739714486, 0.6772433547746568, 0.6763507014229184, 0.6877450375329881, 0.689812285559518, 0.6796175610451471, 0.6901337163788932, 0.6834932196707952, 0.6941078163328624, 0.6913702942076183, 0.7042157791909718, 0.7063620204017276, 0.6754579288618905, 0.6748988202639988, 0.7055957516034445, 0.7013398976553054, 0.712337729476747, 0.7074411852019173, 0.7111016767365592, 0.7040726428940183, 0.7012381922631037, 0.7333637248902094, 0.710061510403951, 0.7295515565645128, 0.721906324227651, 0.7302594071342832, 0.7213164908545358, 0.7501510381698608, 0.7157269659496489, 0.768499079204741, 0.7340986047472272, 0.7346328213101342, 0.7422905081794375, 0.7568145252409435, 0.7579520231201535, 0.7789512134733654, 0.7699654528072902, 0.7682381783212934, 0.7687755652836391, 0.768599461941492, 0.7881659468015035, 0.7582125039327712, 0.741013955502283, 0.7783160692169553, 0.7821172106833685, 0.7827917507716587, 0.7808251778284708, 0.8031848527136303, 0.7836840919085911, 0.8053606209300813, 0.8236128659475417, 0.8258589960279918, 0.8045889224324908]
Validation ROC AUC: 0.620748299319728
Validation Confusion Matrix: [[691, 44], [2, 2]]
Validation Precision: 0.043478260869565216
Validation Recall: 0.5
Validation F1 Score: 0.08
Validation Accuracy: 0.9377537212449256
Test ROC AUC: 0.6937017640573317
Test Confusion Matrix: [[861, 46], [9, 7]]
Test Precision: 0.1320754716981132
Test Recall: 0.4375
Test F1 Score: 0.20289855072463767
Test Accuracy: 0.9404117009750813
Validation Set Size: 739
Test Set Size: 923
