Enhancer: E25E10
Label: mm_v_all
Padding: True
Batch Size: 256
Learning Rate: 2e-06
Epochs: 1000
Subset: 1.0 (number of training samples: 10752)
Weight Decay: 0.01
Optimizer: adam
Coverage: 10
Jiggle: 3
Confusion Matrix: [[0.8970489604292421, 0.10295103957075788], [0.2597402597402597, 0.7402597402597403]]
Unnormalized Confusion Matrix: [[2675, 307], [100, 285]]
Number of Epochs: 406
Train Losses: [0.6970754180635724, 0.6962253664221082, 0.69529846736363, 0.694491487173807, 0.6942722967692784, 0.6927349737712315, 0.6917536173548017, 0.6912875090326581, 0.6906793614228567, 0.6889819701512655, 0.6881269670668102, 0.6881320618447804, 0.6872594725518, 0.6865150857539404, 0.6852771597249168, 0.6843415555499849, 0.6832933922608694, 0.6828852338450295, 0.6812183601515633, 0.6805034166290647, 0.6794751910936265, 0.6783258758840107, 0.6769811283974421, 0.6758527855078379, 0.6749264427593776, 0.6738138213044121, 0.6720590761729649, 0.6707488241649809, 0.669988731543223, 0.6679279931953975, 0.6666366358598074, 0.6652576128641764, 0.6632469778969174, 0.6623822280338832, 0.6599293180874416, 0.6588026725110554, 0.6567006224677676, 0.6553674212523869, 0.6528254307451702, 0.650124328477042, 0.6495090893336705, 0.6480036534014202, 0.6457793230102176, 0.644045406863803, 0.6406089010692778, 0.6392049008891696, 0.6374584010669163, 0.635939781154905, 0.6340787808100382, 0.6293665497075944, 0.6286919713020325, 0.6278342959426698, 0.6239026685555776, 0.6229145739759717, 0.6203074228195917, 0.6176268855730692, 0.6161779534249079, 0.6128656282311394, 0.6121310279482887, 0.6094807684421539, 0.6089190145333608, 0.6044612612043109, 0.6042865060624623, 0.6018049347968328, 0.6004632072789329, 0.5977404316266378, 0.5966631628218151, 0.5936412910620371, 0.5923573516664051, 0.59169431243624, 0.586704283952713, 0.5873277187347412, 0.5822492610840571, 0.5845323730082739, 0.5801632163070497, 0.5806075902212233, 0.5758464733759562, 0.5755769780703953, 0.5729172471023741, 0.5714194164389655, 0.5710270319666181, 0.5695154922349113, 0.5689909316244579, 0.5612520234925407, 0.5632950181052798, 0.5587581197420756, 0.5598246199744088, 0.555273528609957, 0.5574347589697156, 0.5530343282790411, 0.5519895000117165, 0.5522393811316717, 0.5488417787211282, 0.5461337765057882, 0.5451262082372393, 0.5408941365423656, 0.5456937381199428, 0.5440889611130669, 0.5397915627275195, 0.5424008922917503, 0.5396300412359691, 0.536380702540988, 0.5356325989677793, 0.5337332444531577, 0.5328789367562249, 0.528976742710386, 0.526646994409107, 0.5261887411276499, 0.5257793948763892, 0.5252436782632556, 0.5235791312796729, 0.5219537566105524, 0.5213550542082105, 0.5213001994859605, 0.5127589702606201, 0.5070121912729173, 0.5129741990850085, 0.5110679048867453, 0.5156620336430413, 0.5129711691822324, 0.5106568712563742, 0.5105103041444506, 0.5054615906306675, 0.5063554112400327, 0.5031350950400034, 0.5060412188371023, 0.5031689412537075, 0.5033543145372754, 0.49818387982391177, 0.5044780338094348, 0.49755832623867763, 0.4929553277435757, 0.49195097103005364, 0.49248298647857847, 0.4961125346876326, 0.4880069409097944, 0.49008765319983166, 0.4911801332519168, 0.48901048941271646, 0.4872306826568785, 0.48764777467364356, 0.49056065721171244, 0.48653980380012873, 0.48083679874738056, 0.4865660922867911, 0.4851513909442084, 0.48387490638664793, 0.478100734097617, 0.48360546075162436, 0.48606583121277036, 0.47878394311382655, 0.475742186109225, 0.48022877531392233, 0.476067596248218, 0.4729668561901365, 0.4743491056419554, 0.4772422498180753, 0.4780273132380985, 0.4739069839318593, 0.47364045679569244, 0.4689237858567919, 0.4750073154767354, 0.47242826720078784, 0.47063021503743674, 0.46899438046273734, 0.4656099783522742, 0.46553000311056775, 0.465074502996036, 0.46135570676553816, 0.4628441539548692, 0.45671330108529046, 0.4700575832809721, 0.45820556510062443, 0.45475795084521886, 0.4631170900095077, 0.46102123743011836, 0.45449966688950855, 0.4579626960413797, 0.45975329123792197, 0.4556678299392973, 0.4595987463281268, 0.4615946291458039, 0.4556050052245458, 0.4481918400242215, 0.4545725874957584, 0.44986831219423384, 0.45335909724235535, 0.4510394973414285, 0.44644281835783095, 0.44726411288692836, 0.44694491511299494, 0.4483267821016766, 0.445449771625655, 0.44112360051700045, 0.4442010848295121, 0.44264599964732215, 0.4382010059697287, 0.4431475961492175, 0.4400564077354613, 0.4354030865998495, 0.44250871808755965, 0.44405033191045123, 0.4376485709633146, 0.4333038457802364, 0.4369870481036958, 0.43858546586263747, 0.44447894678229377, 0.44270774934973034, 0.4329110731681188, 0.4271368370169685, 0.44417333957694827, 0.444442256575539, 0.4247107406457265, 0.4349558750788371, 0.4351467759836288, 0.42704499335516066, 0.4265766420534679, 0.4282863232351485, 0.4325066648778461, 0.4296025676386697, 0.4318092678274427, 0.431487622715178, 0.42366330396561397, 0.4294640315430505, 0.4257247086082186, 0.42920698864119394, 0.4208239182120278, 0.4277599021082833, 0.4245727260907491, 0.4248862656809035, 0.42602443269320894, 0.42464137432121096, 0.4163280853203365, 0.4194450570004327, 0.4177250706014179, 0.42012682060400647, 0.42236852787789847, 0.42036870902492884, 0.4172070374091466, 0.4190994834616071, 0.4190194032021931, 0.41870775534993127, 0.41723873785563875, 0.41633345044794534, 0.41422543284438906, 0.4124189217885335, 0.4174060949257442, 0.4149611024629502, 0.41240309391702923, 0.41324078540007275, 0.416693409993535, 0.41382807351294015, 0.41056059017067864, 0.41385060477824437, 0.41111751681282405, 0.41578133617128643, 0.4049826903002603, 0.40557256908643813, 0.4081623504559199, 0.40998700970695134, 0.4128051315035139, 0.4085872968037923, 0.4114969592718851, 0.41207886522724513, 0.41116340671266827, 0.41177583805152346, 0.4102092385292053, 0.4043964466878346, 0.40354030827681225, 0.4068067818880081, 0.41135346179916743, 0.40425785453546614, 0.4038672205947694, 0.4057881228980564, 0.39153475207941874, 0.4029639079457238, 0.3992634124699093, 0.3967031268846421, 0.40266195436318714, 0.40347315229120706, 0.4035198049885886, 0.39623070543720607, 0.40257095935798826, 0.391777223774365, 0.39764305807295297, 0.40104651025363375, 0.3970657799925123, 0.3963222695248468, 0.3980078455947694, 0.3984924881231217, 0.3915135633377802, 0.3866757885331199, 0.3962066499959855, 0.3933696697155635, 0.3984208121186211, 0.3996737925779252, 0.39174203929446993, 0.3901194582382838, 0.39388929236502873, 0.3927518987939471, 0.40040984607878183, 0.3880037374439694, 0.3985392323562077, 0.39611478007975076, 0.39433001407555174, 0.3939715964453561, 0.38547421991825104, 0.3890531588168371, 0.3891345844382331, 0.3847036461035411, 0.39125387370586395, 0.39382816425391604, 0.3848659268447331, 0.3836243769952229, 0.3781059348867053, 0.38641600168886636, 0.38528788302625927, 0.38562714485895067, 0.38094954121680485, 0.38435194960662294, 0.37397649316560655, 0.37502756856736685, 0.38556982293015435, 0.3892050924755278, 0.39104828451360973, 0.3797948608795802, 0.3716944619303658, 0.38744389372212545, 0.37645413123425986, 0.3756771158604395, 0.3826843003431956, 0.3716469130345753, 0.37830603690374465, 0.3756470779577891, 0.38114780329522635, 0.3706347133432116, 0.3805405760095233, 0.37394202039355323, 0.366023987531662, 0.37457415532498134, 0.3748414871238527, 0.3744457484710784, 0.3692273298899333, 0.3748510706992376, 0.3738156812531607, 0.3741301482632047, 0.37282922509170713, 0.3696146692548479, 0.3683919303473972, 0.37096544319675084, 0.3651857404481797, 0.36389185843013583, 0.36980685875529334, 0.3645400561037518, 0.36669853187742685, 0.36356543926965623, 0.3624069428160077, 0.35291325336410884, 0.3579965148653303, 0.3570935314609891, 0.3674133029722032, 0.36498918419792536, 0.35569180973938536, 0.35423994277204784, 0.3489188019718443, 0.36037664044471013, 0.35905620739573524, 0.3592632505155745, 0.35749525470393045, 0.35863604503018515, 0.3478653821207228, 0.3549235910177231, 0.3550985086531866, 0.3465949176322846, 0.35273311180727823, 0.35074587379183086, 0.34796778786750066, 0.35712647650923046, 0.34825547961961656, 0.3466808597246806, 0.3551847899243945, 0.34674230714639026, 0.3449698424055463, 0.34392062113398597, 0.34398084737005685, 0.3438661431982404, 0.34777407064324334, 0.3460292078199841, 0.3448730834892818, 0.34528148812907083, 0.3462326633078711, 0.341869266969817, 0.3280588998681023, 0.3390863310723078, 0.3331614008971623, 0.32823234228860765, 0.33567807646024794, 0.3334659735361735, 0.32942295996915727, 0.32862916872614906, 0.33132625761486234, 0.3325581359011786, 0.3376413349594389, 0.32759786148866016, 0.32963353608335766, 0.3318064489534923]
Validation Losses: [0.6937457160516218, 0.695159830830314, 0.6947119723666798, 0.6943578124046326, 0.6934129649942572, 0.691695056178353, 0.6912830363620411, 0.6893613284284418, 0.6875592036680742, 0.6881947896697305, 0.6866572553461249, 0.6855402101169933, 0.6851986809210344, 0.6834935491735284, 0.6821966713125055, 0.6800621151924133, 0.6780247092247009, 0.6776114539666609, 0.6765743385661732, 0.6754872311245311, 0.6738130233504556, 0.6724359826608137, 0.6720054962418296, 0.6693160100416704, 0.668007108298215, 0.6658585125749762, 0.6654429815032266, 0.6634808291088451, 0.6617512757127936, 0.6584850116209551, 0.656951823017814, 0.6563834331252358, 0.6520398638465188, 0.6516119079156355, 0.6495130333033475, 0.6484766114841808, 0.6450802250341936, 0.6410008560527455, 0.6419373263012279, 0.639142166484486, 0.635439547625455, 0.6353680328889326, 0.631274245002053, 0.6293648643927141, 0.6270589069886641, 0.6208573633974249, 0.6233780492435802, 0.6190587878227234, 0.616426023569974, 0.6146597808057611, 0.6101844744248823, 0.6057105714624579, 0.6025441993366588, 0.6058128638701006, 0.596438082781705, 0.5994209322062406, 0.5965961868112738, 0.594058020548387, 0.5916043303229592, 0.585143040526997, 0.5848700458353217, 0.5875255736437711, 0.5804685029116544, 0.5790242498571222, 0.5773238756439902, 0.5767946243286133, 0.5763834064657037, 0.5683585134419528, 0.5694695765321905, 0.5630993463776328, 0.560464317148382, 0.5562387759035284, 0.5587055032903497, 0.5592500513250177, 0.5490216450257734, 0.5457367680289529, 0.5485513318668712, 0.5458743301304904, 0.5500577959147367, 0.5415606986392628, 0.5502176230603998, 0.5345271229743958, 0.534072919325395, 0.5357566800984469, 0.5313534790819342, 0.5240230181000449, 0.5283630761233243, 0.5297321568835865, 0.5250194722955878, 0.522787787697532, 0.5207088345831091, 0.521922691301866, 0.516749688170173, 0.510467301715504, 0.5135150768540122, 0.5109067098660902, 0.5036867992444471, 0.5084441358392889, 0.5034091201695529, 0.5064318776130676, 0.5070268728516318, 0.49853981895880267, 0.5011799796061083, 0.5024389299479398, 0.4950758164579218, 0.5070432560010389, 0.49170105294747785, 0.49605195359750226, 0.48671101981943304, 0.482235003601421, 0.477076611735604, 0.48612639849836176, 0.4817364351315932, 0.48802903294563293, 0.48892313512888824, 0.4697892286560752, 0.4713679172775962, 0.474752431566065, 0.4876267097213052, 0.4771595461802049, 0.48651566288687964, 0.47114504738287494, 0.47831457311456854, 0.46090213277123193, 0.46362737633965234, 0.45911096984689886, 0.47355943105437537, 0.46072246540676465, 0.45989405566995795, 0.45702957023273816, 0.45948529785329645, 0.4612935727292841, 0.4544559961015528, 0.4557155695828525, 0.46249922839078034, 0.45799522508274426, 0.46361668001521716, 0.43934311920946295, 0.45125804435123096, 0.46358251029794867, 0.44931504943154077, 0.4544406289404089, 0.4496580118482763, 0.44701034372503107, 0.4512074725194411, 0.4420734264633872, 0.45185956358909607, 0.4395656098018993, 0.43325532566417346, 0.4345030459490689, 0.45091296326030383, 0.4403058723969893, 0.44739576361396094, 0.43124686587940564, 0.4372383843768727, 0.43444937196644867, 0.44396938519044354, 0.43608784675598145, 0.43634081157771026, 0.43304271589625964, 0.45128228718584235, 0.42647766254164954, 0.4276530715552243, 0.4385868581858548, 0.4286950745365836, 0.4228119525042447, 0.4261393194848841, 0.42874833941459656, 0.41457887942140753, 0.4290023852478374, 0.4160040887919339, 0.43080935965884815, 0.41651819239963184, 0.42835164070129395, 0.4208114580674605, 0.42120308496735315, 0.42679486491463403, 0.4179049025882374, 0.4058289880102331, 0.4005351689728824, 0.42879240079359576, 0.41663875904950226, 0.426471544937654, 0.4155810475349426, 0.4034572487527674, 0.4073669504035603, 0.41685494780540466, 0.4125893766229803, 0.41070612181316724, 0.41371664133938874, 0.4128433249213479, 0.40787883509289136, 0.3951668224551461, 0.4021374068476937, 0.4169034876606681, 0.39864130182699725, 0.42187005281448364, 0.4113555333831094, 0.4240299544551156, 0.4163130115378987, 0.40504588051275775, 0.40566656264391815, 0.40451586788350885, 0.4178111065517772, 0.40281676162372937, 0.40851295536214655, 0.39150974425402557, 0.4132453880526803, 0.40351899645545264, 0.40369978276166046, 0.39328781041232025, 0.3953893699429252, 0.41947476972233166, 0.4034152925014496, 0.4120193096724423, 0.3947997309944846, 0.4004176367412914, 0.3943784778768366, 0.38319647854024713, 0.3950881930914792, 0.3976589712229642, 0.40097067843783984, 0.40484945340590045, 0.4066453955390237, 0.40001471747051587, 0.3815543922511014, 0.3980017765001817, 0.3789701353419911, 0.3896353624083779, 0.39965789697387, 0.39204418659210205, 0.39717723564668134, 0.3864615098996596, 0.3909823271361264, 0.39052966778928583, 0.3990008695559068, 0.3939271487972953, 0.3716372386975722, 0.3831270662221042, 0.3804745836691423, 0.38941574638540094, 0.3974204388531772, 0.39505874839696015, 0.3867641714486209, 0.3881467445330186, 0.3934131020849401, 0.3825964629650116, 0.39890153299678455, 0.37728704647584393, 0.3823443651199341, 0.39528353105891834, 0.3875853961164301, 0.3803633614019914, 0.385360755703666, 0.3893803656101227, 0.393205618316477, 0.37923636761578644, 0.38249972462654114, 0.3930018760941245, 0.3935936391353607, 0.38569575548171997, 0.39528656005859375, 0.37029225446961145, 0.3899059864607724, 0.3767412169413133, 0.3969325775449926, 0.40040927312590857, 0.3865381425077265, 0.38889943198724225, 0.37193565747954627, 0.3852393193678422, 0.37726049531589856, 0.3901509480042891, 0.387544339353388, 0.38679944656111975, 0.3794695789163763, 0.387195654890754, 0.39062006907029584, 0.37442601268941705, 0.37878250804814423, 0.3732320720499212, 0.3559144572778182, 0.3770275413990021, 0.36599225076762115, 0.38019303571094165, 0.3778944096781991, 0.3637207881970839, 0.3818553469397805, 0.3963945480910214, 0.3839360773563385, 0.3794514238834381, 0.37181497703899036, 0.37669338421388104, 0.3756526600230824, 0.3843077177351171, 0.38444530963897705, 0.3651409691030329, 0.36828282475471497, 0.38550104878165503, 0.3831593665209683, 0.35702919689091767, 0.3780886341225017, 0.39449759505011817, 0.3764030228961598, 0.3902438445524736, 0.35334188558838586, 0.3846036439592188, 0.3810951059514826, 0.38730010932142084, 0.3803003186529333, 0.36645708842711017, 0.3798164806582711, 0.37635656107555737, 0.371504472060637, 0.383489191532135, 0.3615364974195307, 0.37357932871038263, 0.3720351349223744, 0.38268153775822034, 0.3871500410816886, 0.3597909726879813, 0.38661223920908844, 0.3904027749191631, 0.3924139142036438, 0.37127705866640265, 0.37475757707249036, 0.3798584965142337, 0.3656663379885934, 0.37149597839875653, 0.3793542845682664, 0.37995901161974127, 0.37531523271040484, 0.36352197419513355, 0.3762318952517076, 0.36684590036218817, 0.40031926469369367, 0.37415115399794147, 0.3771380402825095, 0.36648469350554724, 0.36925969882444903, 0.367593914270401, 0.36984204162250867, 0.3794181970032779, 0.3818899284709584, 0.3808244927362962, 0.3621477647261186, 0.3775504773313349, 0.3886846439404921, 0.37509787353602325, 0.3813463937152516, 0.3797300403768366, 0.38897283510728314, 0.3938394784927368, 0.3832441541281613, 0.38948865641247143, 0.3898524289781397, 0.3964434862136841, 0.37600965120575647, 0.35827106779271906, 0.3660797124559229, 0.36604970693588257, 0.39477175745097076, 0.3803826082836498, 0.3696810386397622, 0.3835374794223092, 0.3870655352419073, 0.3877132833003998, 0.3781279217113148, 0.36827063018625433, 0.3705775493925268, 0.3874095759608529, 0.38037956844676624, 0.36293093182823877, 0.36687723885882983, 0.3737720169804313, 0.39331506057219073, 0.37536289475180884, 0.39835189418359235, 0.3828995580022985, 0.35536221211606805, 0.376491056247191, 0.36456952311775903, 0.39004242420196533, 0.3845594877546484, 0.37007363817908545, 0.3890952928499742, 0.3960760235786438, 0.3709194037047299, 0.4039074886928905, 0.3810123828324405, 0.38519433411684906, 0.4048025526783683, 0.38256544416601007, 0.3648721900853244, 0.3944946392015977, 0.38339014757763257, 0.3792166303504597, 0.37737472490830853, 0.3815860856663097, 0.39726336977698584, 0.375054118308154, 0.3673817054791884, 0.4002969833937558, 0.38693258979103784, 0.37943805076859216, 0.38112573461099103]
