Enhancer: E22P2F4
Label: mm_v_all
Padding: True
Batch Size: 256
Learning Rate: 2e-06
Epochs: 1000
Subset: 1.0 (number of training samples: 5264)
Weight Decay: 0.01
Optimizer: adam
Coverage: 10
Jiggle: 3
Confusion Matrix: [[0.9168253968253969, 0.08317460317460318], [0.21428571428571427, 0.7857142857142857]]
Unnormalized Confusion Matrix: [[1444, 131], [15, 55]]
Number of Epochs: 662
Train Losses: [0.6924280637786502, 0.6929819072995868, 0.6921662177358355, 0.6920507436706906, 0.6921788652737936, 0.6935593826430184, 0.6926107548532032, 0.6928704153923761, 0.692341631367093, 0.6919765784626916, 0.6923932575044178, 0.6926290988922119, 0.6922138844217572, 0.6923780668349493, 0.6916923068818592, 0.6921661269097101, 0.691803671064831, 0.69218776623408, 0.6919161620594206, 0.6918411992845082, 0.691437840461731, 0.6921527470861163, 0.6915702819824219, 0.6915605096589952, 0.6915843713851202, 0.6914193914050147, 0.6912216203553336, 0.6912429020518348, 0.6911442421731495, 0.6912213081405276, 0.6912421527363005, 0.6916748739424206, 0.6910881371725173, 0.6907318347976321, 0.6906950104804266, 0.6908859128043765, 0.6906669650759015, 0.6904684418723697, 0.6911965267998832, 0.6908393502235413, 0.6912150666827247, 0.6909230095999581, 0.6897123087020147, 0.6905459818385896, 0.690271278222402, 0.6911947386605399, 0.6905990441640218, 0.6900223607108706, 0.6900967842056638, 0.6900695732661656, 0.6899309498923165, 0.690230097089495, 0.6903961925279527, 0.6904204175585792, 0.6900375996317182, 0.6897394430069697, 0.6896574071475438, 0.689150387332553, 0.6899460241908119, 0.6894022056034633, 0.6893160740534464, 0.689560992377145, 0.6892909634680975, 0.68936630657741, 0.6894483282452538, 0.689560319696154, 0.6892759686424619, 0.6893201498758226, 0.6889529426892599, 0.6889475073133197, 0.6893827262378874, 0.6886518654369173, 0.6887038520404271, 0.6887028359231495, 0.6889678211439223, 0.6885231421107337, 0.6880321162087577, 0.6886430325962248, 0.6879214928263709, 0.6881736744017828, 0.6885136649722144, 0.6880864273934137, 0.6878014206886292, 0.6874899807430449, 0.6886261900266012, 0.6876194108100164, 0.6875318799700055, 0.6880187931514922, 0.6871855344091143, 0.6869556023961022, 0.6877663362593878, 0.6876023411750793, 0.6879390194302514, 0.6873104572296143, 0.6877840076174054, 0.6869236174083891, 0.6866159552619571, 0.6871213033085778, 0.6869036498523894, 0.686300203913734, 0.6868101897693816, 0.6873461887949989, 0.6867147428648812, 0.6867894104548863, 0.6864574352900187, 0.6872449517250061, 0.6861416867801121, 0.6867999264172145, 0.6858903708912077, 0.6854700219063532, 0.685889808904557, 0.6855981548627218, 0.6849128916150048, 0.6857085426648458, 0.6858101884524027, 0.6846572387786138, 0.6850243494624183, 0.6847899641309466, 0.6852519058045887, 0.6850292909713018, 0.6853726903597513, 0.6852631881123498, 0.6847743931270781, 0.6858203070504325, 0.6846375664075216, 0.6841525804428827, 0.6845392669950213, 0.6843503571691967, 0.6844801335107713, 0.6842984897749764, 0.6837969904854184, 0.6834338051932198, 0.6836474140485128, 0.6840307712554932, 0.6837356459526789, 0.6836190734590802, 0.6829476271356855, 0.6836355044728234, 0.6829949361937386, 0.6829735693477449, 0.6834039688110352, 0.6823298136393229, 0.6831781495185125, 0.6821751168795994, 0.6824064935956683, 0.6821045534951347, 0.68227447782244, 0.6816578223591759, 0.6823897049540565, 0.6817752037729535, 0.6820112438428969, 0.6823800802230835, 0.681883190359388, 0.6814963391848973, 0.6814304419926235, 0.6809684066545396, 0.681434228306725, 0.6819945971171061, 0.6800168440455482, 0.6816653467359997, 0.6806407769521078, 0.6804042486917405, 0.6800701050531297, 0.679158057485308, 0.6800676924841744, 0.6800297470319838, 0.679876392795926, 0.6790339691298348, 0.6798064027513776, 0.6801218816212246, 0.678417580468314, 0.6789607065064567, 0.6794527655556089, 0.6774629099028451, 0.6787388324737549, 0.6787335872650146, 0.6789790562220982, 0.6781724294026693, 0.677609730334509, 0.6773150875454858, 0.6778418506894793, 0.6788252336638314, 0.6772369742393494, 0.6770323174340385, 0.676927733988989, 0.6763208962622143, 0.676664914403643, 0.6753885717619033, 0.6763922855967567, 0.6768650838306972, 0.6752899289131165, 0.6769864360491434, 0.6752140890984308, 0.6742788354555765, 0.6736583624567304, 0.6750070395923796, 0.6748316515059698, 0.6744027620270139, 0.6753739998454139, 0.6734619225774493, 0.6749969124794006, 0.673669866153172, 0.6730022657485235, 0.6743284038134983, 0.674092656090146, 0.6722422724678403, 0.6732994176092602, 0.6733724560056414, 0.672865853423164, 0.6710102870350793, 0.6736974432354882, 0.6720203303155445, 0.6726562238874889, 0.6701148492949349, 0.6729060184387934, 0.6717353236107599, 0.6694954009283156, 0.6695368829227629, 0.6714873909950256, 0.6696429082325527, 0.6693348458835057, 0.6683707322393145, 0.6702609743390765, 0.6688726799828666, 0.6679159175781977, 0.6695837548800877, 0.6685968722615924, 0.6685567299524943, 0.6695175284431094, 0.6666912010737828, 0.6679255621773856, 0.6663697305179778, 0.6663275446210589, 0.6673765466326759, 0.6663139774685815, 0.6660916947183155, 0.6646832625071207, 0.6650087322507586, 0.6653753008161273, 0.6650435243334089, 0.6642950971921285, 0.66469844466164, 0.6641154289245605, 0.6650517071996417, 0.664820841380528, 0.6646078484398978, 0.6615133285522461, 0.6632269109998431, 0.6620707455135527, 0.6637351995422727, 0.6616990055356707, 0.6616639352980114, 0.6608512770561945, 0.6615622015226454, 0.6618871405011132, 0.6604325402350653, 0.65922802119028, 0.6595095623107183, 0.6582197745641073, 0.6593693778628394, 0.6571140885353088, 0.6599123052188328, 0.6576873064041138, 0.6584026586441767, 0.656997161252158, 0.6597991869563148, 0.6571877428463527, 0.6544910158429827, 0.6575429297628856, 0.6560596483094352, 0.6572961097671872, 0.6576151422091893, 0.6557629420643761, 0.6539811009452456, 0.6542497050194513, 0.6536605358123779, 0.6547725938615345, 0.6522608512923831, 0.6546082099278768, 0.6517872384616307, 0.6521529810769218, 0.6494726708957127, 0.652908668631599, 0.6521212770825341, 0.6495574514071146, 0.6506262024243673, 0.6501571564447313, 0.6489441479955401, 0.6490194315002078, 0.6463792068617684, 0.6482309670675368, 0.64736198811304, 0.6441360314687093, 0.6467053010350182, 0.6457490069525582, 0.6495526205925715, 0.645419975121816, 0.6440718911942982, 0.6475087092036292, 0.6440248716445196, 0.642904886177608, 0.6445499914033073, 0.6410607383364723, 0.6408631659689403, 0.6400201008433387, 0.6432364355950129, 0.6429847223418099, 0.6429419943264553, 0.6403737834521702, 0.6425736092385792, 0.6398172548839024, 0.6382909161703927, 0.6390393064135597, 0.640156762940543, 0.6387677362986973, 0.6342279201462155, 0.6365581836019244, 0.640217920144399, 0.6351652003469921, 0.6324799004055205, 0.6345530038788205, 0.6355453389031547, 0.6329763049171084, 0.630581191607884, 0.6336629504249209, 0.6314952799252102, 0.6303016798836845, 0.6319094867933364, 0.6299379978861127, 0.6286633866173881, 0.6294044369742984, 0.6277759131931123, 0.6296237508455912, 0.6258897355624607, 0.6294719463302976, 0.6296249259085882, 0.6254423005240304, 0.6270788482257298, 0.6234405693553743, 0.6219097375869751, 0.6246679482005891, 0.6204969230152312, 0.6209473808606466, 0.6223224486623492, 0.619557607741583, 0.617485503355662, 0.6211776336034139, 0.6178523273695082, 0.6182223359743754, 0.6168557604153951, 0.6154880750746954, 0.6166332676297143, 0.6167788335255214, 0.6147163283257258, 0.6130271695909046, 0.6112986944970631, 0.6129251832053775, 0.6110455053193229, 0.6109781577473595, 0.6110040630613055, 0.6063588886033922, 0.6080573995908102, 0.605440982750484, 0.6075120142527989, 0.6025048891703287, 0.6039683620134989, 0.6059791644414266, 0.6026745722407386, 0.602234559399741, 0.6024341526485625, 0.5985843141873678, 0.5975729000000727, 0.5993677008719671, 0.5996742390450978, 0.5964213723228091, 0.5935535743123009, 0.5981762011845907, 0.5914089140437898, 0.5951922734578451, 0.5937047458830333, 0.5965533256530762, 0.5880525594665891, 0.5921755007335118, 0.5905134507587978, 0.58819751228605, 0.586182883807591, 0.5868090022177923, 0.5830613119261605, 0.5847220108622596, 0.5872213670185634, 0.5815982080641247, 0.5830188876106626, 0.5819384398914519, 0.5788276536124093, 0.5776404937108358, 0.5743477599961417, 0.5776121020317078, 0.5753114535695031, 0.5745382110277811, 0.5723729928334554, 0.57233217500505, 0.5695642204511733, 0.5709238790330433, 0.5690036529586429, 0.5685788534936451, 0.566576117560977, 0.5654500041689191, 0.5664879140399751, 0.5651613700957525, 0.5601433373632885, 0.5612250282650902, 0.5631780198642186, 0.5604169539042881, 0.5596331783703395, 0.5614977847962153, 0.556606358005887, 0.5554058438255673, 0.5594822452181861, 0.5518743509338015, 0.555513186114175, 0.5514269244103205, 0.54953913745426, 0.548510764326368, 0.5451613920075553, 0.5465617066337949, 0.544755390712193, 0.5451665378752208, 0.5419302270525977, 0.5430130107062203, 0.5392999478748867, 0.5420882389658973, 0.5326595902442932, 0.5418952476410639, 0.5335053091957456, 0.53401818161919, 0.5349101424217224, 0.5339218548366002, 0.5321137819971357, 0.5323010654676528, 0.5269287540799096, 0.5263652971812657, 0.528506012189956, 0.5284463734853835, 0.5299529177801949, 0.5250970210347857, 0.5244431893030802, 0.5215464149202619, 0.5186816794531686, 0.5174113597188678, 0.5179916123549143, 0.5198782767568316, 0.517638867809659, 0.5180545080275762, 0.517578105131785, 0.5172271614982968, 0.5070246018114544, 0.512670582249051, 0.5094418327013651, 0.5089328941844758, 0.5083442500659398, 0.5095673004786173, 0.507596275636128, 0.5055588710875738, 0.5030347066266196, 0.5065715681938898, 0.5042270535514468, 0.5044688497270856, 0.4984836862200782, 0.5022636141095843, 0.4984012558346703, 0.4983242679209936, 0.49555819091342745, 0.4953622136797224, 0.49305256065868197, 0.4891847897143591, 0.49814794886679875, 0.4910114946819487, 0.4938173677240099, 0.4877251202151889, 0.4891653940791175, 0.4887781327679044, 0.48968247998328435, 0.4886042816298349, 0.4846425425438654, 0.48207673572358634, 0.4849723407200405, 0.48105461256844656, 0.4831794954481579, 0.47587970750672476, 0.4739161900111607, 0.47105799118677777, 0.4765815422648475, 0.4817003508408864, 0.4759467542171478, 0.47303690512975055, 0.4740985603559585, 0.47192952036857605, 0.4706716111728123, 0.46559099498249235, 0.4698002891881125, 0.47025229533513385, 0.4639506112961542, 0.4622990545772371, 0.46631798715818495, 0.462638000647227, 0.4607946603071122, 0.45819814999898273, 0.4609627099264236, 0.45914019431386677, 0.45700691853250774, 0.45795849675223943, 0.45434183591888067, 0.45336865953036715, 0.4523878934837523, 0.4539902735324133, 0.44917579208101543, 0.45399274428685504, 0.44860818414461046, 0.44713360638845534, 0.4480809952531542, 0.4477977255980174, 0.4438125363418034, 0.4442841013272603, 0.44733146258762907, 0.44231769158726647, 0.44132658271562486, 0.44091545542081195, 0.4404919672579992, 0.4374702955995287, 0.43731030112221125, 0.43338977439062937, 0.43271510232062566, 0.4344817314829145, 0.44163197704723905, 0.4340554560933794, 0.4326561632610503, 0.4338878719579606, 0.4338352055776687, 0.43047323681059335, 0.42947531314123244, 0.4289606043270656, 0.4317393487408048, 0.42807656810397193, 0.42498538749558584, 0.4252870920158568, 0.4226409026554653, 0.4258718008086795, 0.4228982925415039, 0.41813537052699495, 0.4210618024780637, 0.4171430241493952, 0.4182937244574229, 0.4155578968070802, 0.41368096073468524, 0.41523974140485126, 0.41337076397169203, 0.4109554375920977, 0.41384883721669513, 0.4107538475876763, 0.41029767053467886, 0.40870945368494305, 0.4076019142355238, 0.40562654109228224, 0.4065162255650475, 0.4071254318668729, 0.40544852188655306, 0.40548173444611685, 0.40538411622955683, 0.40335771441459656, 0.40370511299087886, 0.39830263881456285, 0.40019042718978154, 0.3970764662538256, 0.4001883396080562, 0.39423121440978276, 0.3975804391361418, 0.39315428620293025, 0.393824774594534, 0.3932447263172695, 0.39169763099579585, 0.3893806707291376, 0.3913233407906124, 0.38995239990098135, 0.3852924278804234, 0.390978353364127, 0.38961773543130784, 0.3908127603076753, 0.38509048024813336, 0.3805475873606546, 0.38572438274111065, 0.3818149297010331, 0.377166177545275, 0.3794349233309428, 0.3831912378470103, 0.3790705246584756, 0.379093104884738, 0.3761897569610959, 0.3759752398445493, 0.3753196923505692, 0.37292141431853887, 0.37405672669410706, 0.3739803291502453, 0.37315446564129423, 0.3734975116593497, 0.3677351971467336, 0.36807394453457426, 0.3681806340104058, 0.3669506041776566, 0.3691288885616121, 0.3655140158675966, 0.36388208184923443, 0.36216282560711816, 0.36173233815601896, 0.36147380868593854, 0.36284329919588, 0.3579366533529191, 0.3608049296197437, 0.3612527066753024, 0.3628794423171452, 0.35875032203538076, 0.3548065097559066, 0.35142594292050316, 0.3533159905955905, 0.3539168451513563, 0.35230996920948937, 0.35231546419007437, 0.3505296323980604, 0.346661939507439, 0.3479306172756922, 0.3520973864055815, 0.34664040945825125, 0.3389788922809419, 0.3489318106855665, 0.3444725942044031, 0.34233973565555753, 0.34307071566581726, 0.34017027559734525, 0.3398479563849313, 0.34022333366530283, 0.33919731492087957, 0.34182868826956975, 0.3377661832741329, 0.33851718476840426, 0.33528411246481393, 0.3340353383904412, 0.33111223862284705, 0.3251411630993798, 0.3287489584514073, 0.32960730223428636, 0.3300329390026274, 0.3300035950683412, 0.33038737660362605, 0.3291438803786323, 0.3271819395678384, 0.3244620944772448, 0.32567067941029865, 0.3265304820878165, 0.3216714362303416, 0.3256192221528008, 0.32151323556900024, 0.31742892946515766, 0.3201827307542165]
Validation Losses: [0.6930942833423615, 0.6928635636965433, 0.6928864518801371, 0.692506472269694, 0.6926120718320211, 0.6932384471098582, 0.6933477620283762, 0.6926950911680857, 0.6930364271004995, 0.692534476518631, 0.6932593584060669, 0.6928207675615946, 0.6925661464532217, 0.6926992833614349, 0.6929472883542379, 0.6925528347492218, 0.6925107141335806, 0.69194096326828, 0.6917109886805216, 0.6917421718438467, 0.6922537187735239, 0.69240869084994, 0.6921038726965586, 0.6921210785706838, 0.6918212374051412, 0.6922010183334351, 0.6927012205123901, 0.6920508146286011, 0.6924159824848175, 0.6919088761011759, 0.6923640767733256, 0.6918487548828125, 0.6916345655918121, 0.6922326385974884, 0.6917558312416077, 0.6917435626188914, 0.6920320093631744, 0.6918398837248484, 0.6915892461935679, 0.6915640632311503, 0.6918117801348368, 0.6916741132736206, 0.6918099323908488, 0.6915732224782308, 0.6917289793491364, 0.6916522781054179, 0.6916772723197937, 0.6911673347155253, 0.6911933024724325, 0.6912380258242289, 0.6914259195327759, 0.6915141642093658, 0.6911679804325104, 0.6905010243256887, 0.6904413799444834, 0.6905403832594553, 0.6912966370582581, 0.6906773746013641, 0.6895218789577484, 0.6910325487454733, 0.6905241707960764, 0.690976878007253, 0.6902367472648621, 0.6904752254486084, 0.6909380654493967, 0.6901383002599081, 0.6893929839134216, 0.6901435554027557, 0.6911352177460989, 0.6909948090712229, 0.6895115971565247, 0.6902384062608083, 0.6906576355298361, 0.6898285647233328, 0.6898104051748911, 0.6889949142932892, 0.6890543103218079, 0.690265029668808, 0.6892911891142527, 0.6894838114579519, 0.6897874573866526, 0.6892888347307841, 0.6897692680358887, 0.6891303956508636, 0.6895503997802734, 0.6893750131130219, 0.6895740230878195, 0.6892772416273752, 0.688540538152059, 0.688787986834844, 0.6893369853496552, 0.688679963350296, 0.6900910238424937, 0.6882691085338593, 0.6899333298206329, 0.6894932885964712, 0.688697079817454, 0.6887427270412445, 0.6894190510114034, 0.6885264217853546, 0.688072403271993, 0.688415010770162, 0.6894873181978861, 0.6878008246421814, 0.6886611382166544, 0.6881815195083618, 0.6877719064553579, 0.6883494357268015, 0.6896909276644388, 0.687239001194636, 0.6891164084275564, 0.6879294912020365, 0.6873173117637634, 0.6884131729602814, 0.6880201001962026, 0.6879976391792297, 0.6885798275470734, 0.6883137623469034, 0.6866085032622019, 0.6875819166501363, 0.6857755780220032, 0.6865293383598328, 0.6869285603364309, 0.6874434649944305, 0.6866747538248698, 0.6876769562562307, 0.6871106127897898, 0.6865276594956716, 0.6851177215576172, 0.6865332921346029, 0.6857087016105652, 0.6864052514235178, 0.6860828598340353, 0.6877683103084564, 0.6853358149528503, 0.6867647667725881, 0.6856359640757242, 0.6860382854938507, 0.6854172746340433, 0.6856713990370432, 0.6855467756589254, 0.68706214427948, 0.6852504312992096, 0.6852831840515137, 0.6856029331684113, 0.6850734849770864, 0.6874706745147705, 0.6851808627446493, 0.6866908073425293, 0.6863089899222056, 0.6862045029799143, 0.6852820416291555, 0.6862636903921763, 0.6858838399251302, 0.6852851808071136, 0.685237874587377, 0.6858595212300619, 0.6825824081897736, 0.6834351619084676, 0.6878946125507355, 0.6851840515931448, 0.6849821011225382, 0.6859097878138224, 0.6841360231240591, 0.6849652330080668, 0.6851975421110789, 0.685751607020696, 0.6837509572505951, 0.6853567957878113, 0.6842555403709412, 0.6828139324982961, 0.6843399703502655, 0.6812471946080526, 0.6849146485328674, 0.6835692922274271, 0.6830675105253855, 0.683056245247523, 0.6828440626462301, 0.6826873123645782, 0.6833596229553223, 0.6815697352091471, 0.6809004644552866, 0.6810983022054037, 0.6810965538024902, 0.6816184918085734, 0.6850959658622742, 0.6820355256398519, 0.6848077178001404, 0.6833250721295675, 0.6814181407292684, 0.6812597910563151, 0.6806774139404297, 0.6809778312842051, 0.6804143985112509, 0.6771492461363474, 0.6804736256599426, 0.6815941830476125, 0.6791238387425741, 0.6833501160144806, 0.6836682061354319, 0.6788775324821472, 0.6806506315867106, 0.6827146907647451, 0.6810149053732554, 0.679543157418569, 0.6821481386820475, 0.6806792219479879, 0.6812756657600403, 0.6799396574497223, 0.6805982490380605, 0.6800210277239481, 0.6803333560625712, 0.6794525186220804, 0.6768633921941122, 0.6738208631674448, 0.6776340703169504, 0.6807681918144226, 0.6739797194798788, 0.6800525983174642, 0.6771204670270284, 0.6791611810525259, 0.6763792733351389, 0.6794188320636749, 0.6791863938172659, 0.6810811658700308, 0.6774330139160156, 0.67435289422671, 0.6778408785661062, 0.6747936507066091, 0.6759564876556396, 0.6743902862071991, 0.67761958638827, 0.6778892576694489, 0.6771077712376913, 0.6787461539109548, 0.6793977320194244, 0.6770712236563364, 0.6736904283364614, 0.6756731470425924, 0.6781681080659231, 0.6708001097043356, 0.6757666170597076, 0.6727152466773987, 0.6739527583122253, 0.6767845153808594, 0.6776282091935476, 0.6673126916090647, 0.670320043961207, 0.6696896255016327, 0.6728884776433309, 0.6704821387926737, 0.6727802455425262, 0.6705213785171509, 0.6750862797101339, 0.6741557617982229, 0.6720110972722372, 0.6736829777558645, 0.6742196679115295, 0.6731633643309275, 0.6717190047105154, 0.6697845657666525, 0.6751880447069804, 0.6644990543524424, 0.6724195182323456, 0.6709311703840891, 0.6701296667257944, 0.6705768207708994, 0.6649950246016184, 0.6666721602280935, 0.6651202241579691, 0.6709442039330801, 0.6659972965717316, 0.666354646285375, 0.6723116636276245, 0.6690434515476227, 0.6645635465780894, 0.6720783809820811, 0.6673532823721567, 0.671582837899526, 0.6660894850889841, 0.6714409391085306, 0.6676994562149048, 0.6613841156164805, 0.6745730638504028, 0.6633572280406952, 0.6709258655707041, 0.666155993938446, 0.6692260901133219, 0.6657354533672333, 0.6652807394663492, 0.6657534042994181, 0.6667506595452627, 0.6626756290594736, 0.6606134474277496, 0.6671451131502787, 0.661911298831304, 0.6644501785437266, 0.6637801031271616, 0.6672185560067495, 0.6643656194210052, 0.6613722046216329, 0.6690869232018789, 0.6623304784297943, 0.662574827671051, 0.6619335114955902, 0.6559721330801646, 0.664330780506134, 0.6604446669419607, 0.6609423756599426, 0.6656901240348816, 0.6669914325078329, 0.6636451284090678, 0.6574308375517527, 0.6653021375338236, 0.6580200890700022, 0.6556703050931295, 0.6557570298512777, 0.6532355844974518, 0.6594330271085104, 0.6592412789662679, 0.6560507516066233, 0.6499818364779154, 0.6565455396970113, 0.6592299044132233, 0.6558260122934977, 0.6525689860184988, 0.6503563125928243, 0.6530402104059855, 0.6571662922700247, 0.6580774784088135, 0.6512692868709564, 0.6558323303858439, 0.6579619844754537, 0.6502426266670227, 0.6568434635798136, 0.6573364833990732, 0.6519637306531271, 0.6529492835203806, 0.6573882798353831, 0.651808480421702, 0.6473527053991953, 0.6502150893211365, 0.6503508190313975, 0.6451883216698965, 0.6475348174571991, 0.6476452648639679, 0.652837465206782, 0.6476049621899923, 0.6541510423024496, 0.653346985578537, 0.650858998298645, 0.6470734477043152, 0.6499177515506744, 0.6380376716454824, 0.6491589844226837, 0.6489191055297852, 0.6492660840352377, 0.6463761826356252, 0.6456482311089834, 0.6449069579442342, 0.6570600171883901, 0.6512089272340139, 0.6453223725159963, 0.6476142903168997, 0.6536014874776205, 0.6486036876837412, 0.6466247240702311, 0.6381307343641917, 0.642983208100001, 0.6439196666081747, 0.6472865641117096, 0.6439818541208903, 0.646314392487208, 0.633659561475118, 0.6446832815806071, 0.6509254376093546, 0.6411275863647461, 0.6477355261643728, 0.6350769400596619, 0.6394924223423004, 0.6401968002319336, 0.6470166345437368, 0.6411083141962687, 0.6325374841690063, 0.6326370437939962, 0.6568963130315145, 0.640174945195516, 0.6367997229099274, 0.6441564361254374, 0.6416924695173899, 0.6370417177677155, 0.6244677503903707, 0.6353159844875336, 0.6267372071743011, 0.6449088752269745, 0.626688152551651, 0.6295416553815206, 0.6469515760739645, 0.630811999241511, 0.6425954202810923, 0.6320401032765707, 0.6271115243434906, 0.6319917639096578, 0.6363455851872762, 0.6379845639069875, 0.6389627158641815, 0.6242530842622122, 0.61892169713974, 0.6314175923665365, 0.629167894522349, 0.6154426236947378, 0.6352842251459757, 0.6345794300238291, 0.6349149247010549, 0.6241377294063568, 0.6257171332836151, 0.6327809691429138, 0.6240715980529785, 0.6265331208705902, 0.6148938139279684, 0.6328689058621725, 0.6237363219261169, 0.6107122004032135, 0.6263402203718821, 0.6229265630245209, 0.6380199094613394, 0.6181909441947937, 0.6140376528104147, 0.6269311010837555, 0.626336524883906, 0.6222477455933889, 0.6258246898651123, 0.6107470194498698, 0.6228316227595011, 0.634379655122757, 0.6192118525505066, 0.6191993157068888, 0.6118638714154562, 0.6069615185260773, 0.6237760186195374, 0.6149687965710958, 0.6212879618008932, 0.6044329901536306, 0.6102560559908549, 0.6122371057669321, 0.6030798653761545, 0.620747705300649, 0.6142100294431051, 0.6161805391311646, 0.5975993076960245, 0.6156510412693024, 0.5941545069217682, 0.6105717619260153, 0.6054819822311401, 0.5961816509564718, 0.6132602592309316, 0.6236012279987335, 0.6194801727930704, 0.5932548642158508, 0.6057579815387726, 0.6150488456090292, 0.6025356650352478, 0.6023831069469452, 0.6070468227068583, 0.6186248362064362, 0.5931388040383657, 0.6003928979237875, 0.6180771589279175, 0.6170717775821686, 0.5996049642562866, 0.5971750617027283, 0.5932440956433614, 0.6010635594526926, 0.6111722787221273, 0.6091181337833405, 0.5948394040266672, 0.6101968288421631, 0.6135169168313345, 0.5896964967250824, 0.6052017708619436, 0.5956538617610931, 0.600730965534846, 0.609330932299296, 0.5928518076737722, 0.6009527544180552, 0.5973388652006785, 0.5996402005354563, 0.5922816296418508, 0.5899874766667684, 0.5965799788633982, 0.5951788028081259, 0.6035270690917969, 0.6113937695821127, 0.6133741637070974, 0.574627528587977, 0.5851536492506663, 0.6072950065135956, 0.5983899732430776, 0.5746541817982992, 0.5746158361434937, 0.586404154698054, 0.5824466447035471, 0.5950296918551127, 0.584096352259318, 0.6010527511437734, 0.5891392131646475, 0.6107600430647532, 0.5760752658049265, 0.6016752123832703, 0.5859023928642273, 0.601729134718577, 0.5884985625743866, 0.6017395555973053, 0.5926102499167124, 0.5885888437430064, 0.5987188120683035, 0.5854949156443278, 0.6005047559738159, 0.5931891798973083, 0.5946519871552786, 0.6007981896400452, 0.6005205313364664, 0.5841462115446726, 0.5792382260163625, 0.5887985825538635, 0.5715117454528809, 0.5917532642682394, 0.5651183426380157, 0.5736847321192423, 0.5769751270612081, 0.5853180289268494, 0.5759275654951731, 0.5814407467842102, 0.5949860513210297, 0.5749748349189758, 0.5863568584124247, 0.5943757096926371, 0.5895372827847799, 0.5820538202921549, 0.6008062362670898, 0.5856104691823324, 0.5725889007250468, 0.5834006667137146, 0.5712274760007858, 0.5897960364818573, 0.5879012644290924, 0.5853165686130524, 0.595098227262497, 0.6008307437102, 0.5784268180529276, 0.5744617978731791, 0.5658844113349915, 0.5751606822013855, 0.6006116767724355, 0.5917098820209503, 0.5931671361128489, 0.5604279041290283, 0.5839074154694875, 0.5923216144243876, 0.586416890223821, 0.5744129220644633, 0.5452395677566528, 0.6007731060187022, 0.5676338920990626, 0.5795833667119344, 0.5818623701731364, 0.5923701723416647, 0.5598737200101217, 0.6115508079528809, 0.5697057445844015, 0.5764507452646891, 0.5830961267153422, 0.5924073060353597, 0.562367449204127, 0.5541127274433771, 0.578836997350057, 0.5864774684111277, 0.5892476836840311, 0.5693707366784414, 0.570014143983523, 0.5980275273323059, 0.583331952492396, 0.5805435876051585, 0.5766946872075399, 0.5511853893597921, 0.5863235890865326, 0.5672861536343893, 0.5731264054775238, 0.5663687288761139, 0.565219392379125, 0.5797564486662546, 0.5750877559185028, 0.5918257236480713, 0.5834041138490041, 0.5931875805060068, 0.5947837630907694, 0.5552477836608887, 0.5860145191351572, 0.5950414141019186, 0.563503493865331, 0.5849754512310028, 0.5650114814440409, 0.5712824761867523, 0.5674245754877726, 0.5481552431980768, 0.5828934411207835, 0.5877326528231303, 0.5640763143698374, 0.575252761443456, 0.5626395990451177, 0.5665881236394247, 0.5824012458324432, 0.5843330721060435, 0.5958651304244995, 0.5770481924215952, 0.5832583705584208, 0.5812334418296814, 0.5596179564793905, 0.5725263158480326, 0.5830710927645365, 0.5767826735973358, 0.5830835700035095, 0.5702877044677734, 0.5684846440951029, 0.5811897019545237, 0.5820737779140472, 0.5799241860707601, 0.5983896752198538, 0.59550940990448, 0.6004212001959482, 0.5786085228125254, 0.594426691532135, 0.5813391407330831, 0.5787290632724762, 0.5733802417914072, 0.575902392466863, 0.5922819276650747, 0.5545559922854105, 0.5632303456465403, 0.5623501737912496, 0.5726160307725271, 0.6001607179641724, 0.5650507609049479, 0.5521780302127203, 0.5775328775246938, 0.5975568691889445, 0.5720610717932383, 0.6012773017088572, 0.6107076108455658, 0.5608572065830231, 0.5586564739545187, 0.5689781109491984, 0.5613547364870707, 0.5694751143455505, 0.6029148499170939, 0.5860672096411387, 0.5906005402406057, 0.5712218383948008, 0.5845138827959696, 0.5938600500424703, 0.5822694599628448, 0.5682787497838339]
Validation ROC AUC: 0.8115530303030303
Validation Confusion Matrix: [[168, 8], [7, 5]]
Validation Precision: 0.38461538461538464
Validation Recall: 0.4166666666666667
Validation F1 Score: 0.4
Validation Accuracy: 0.9202127659574468
Test ROC AUC: 0.9017777777777778
Test Confusion Matrix: [[206, 19], [2, 8]]
Test Precision: 0.2962962962962963
Test Recall: 0.8
Test F1 Score: 0.43243243243243246
Test Accuracy: 0.9106382978723404
Validation Set Size: 188
Test Set Size: 235
