Enhancer: E22P1E6
Label: mm_v_all
Padding: True
Batch Size: 256
Learning Rate: 2e-06
Epochs: 1000
Subset: 1.0 (number of training samples: 1939)
Weight Decay: 0.01
Optimizer: adam
Coverage: 3
Jiggle: 3
Confusion Matrix: [[0.10038610038610038, 0.8996138996138996], [0.12087912087912088, 0.8791208791208791]]
Unnormalized Confusion Matrix: [[52, 466], [11, 80]]
Number of Epochs: 108
Train Losses: [0.6929561346769333, 0.6954140812158585, 0.693096786737442, 0.6936121582984924, 0.6943525597453117, 0.694390669465065, 0.6932107508182526, 0.6944479197263718, 0.6925468519330025, 0.6936381086707115, 0.6937390714883804, 0.6943355575203896, 0.6929576545953751, 0.6931718289852142, 0.6931188479065895, 0.6930709779262543, 0.6939733847975731, 0.6929735466837883, 0.6935619339346886, 0.6928056553006172, 0.6932084113359451, 0.692051351070404, 0.6934066787362099, 0.6923011317849159, 0.6932676285505295, 0.6929503083229065, 0.691774807870388, 0.694153681397438, 0.6940290331840515, 0.6929149329662323, 0.6931930482387543, 0.6929403096437454, 0.6941724345088005, 0.6928881928324699, 0.6923283785581589, 0.6928513720631599, 0.6933468133211136, 0.6936667114496231, 0.6926061883568764, 0.6920014545321465, 0.6928328350186348, 0.6928813308477402, 0.693835161626339, 0.6935755237936974, 0.6936976835131645, 0.6934412717819214, 0.6924224346876144, 0.6932214573025703, 0.691827081143856, 0.6933490261435509, 0.6938987225294113, 0.6927393451333046, 0.6929347366094589, 0.691758818924427, 0.6937524452805519, 0.6932009533047676, 0.6924600228667259, 0.6938614994287491, 0.6925599798560143, 0.6931626498699188, 0.6925209239125252, 0.6922614499926567, 0.6929339095950127, 0.6926043629646301, 0.6922166347503662, 0.6925960555672646, 0.6924760043621063, 0.6915263682603836, 0.6918184757232666, 0.6916424706578255, 0.6919118314981461, 0.6921212747693062, 0.6930072903633118, 0.6919994056224823, 0.692899078130722, 0.691681019961834, 0.6914371401071548, 0.6927484348416328, 0.6922973394393921, 0.6935473755002022, 0.6922498866915703, 0.6935112029314041, 0.6929378360509872, 0.6914480403065681, 0.693218395113945, 0.6927830204367638, 0.692520298063755, 0.6921277940273285, 0.6923482567071915, 0.6926967948675156, 0.6921361684799194, 0.6930900663137436, 0.6920650079846382, 0.6918934881687164, 0.6917405277490616, 0.6929400116205215, 0.6908633783459663, 0.6926943510770798, 0.6924399137496948, 0.6933226957917213, 0.6921223923563957, 0.6916333436965942, 0.6920061558485031, 0.6909971535205841, 0.6925704628229141, 0.6917508989572525, 0.6922984197735786, 0.6918481141328812]
Validation Losses: [0.6931036412715912, 0.693260669708252, 0.6925453245639801, 0.6938976049423218, 0.6958578526973724, 0.6953267753124237, 0.692510575056076, 0.6904993057250977, 0.6925976276397705, 0.6962780058383942, 0.6932375133037567, 0.693476527929306, 0.6920633316040039, 0.6936818659305573, 0.6942817568778992, 0.6955350935459137, 0.692523181438446, 0.6954154372215271, 0.691884309053421, 0.6929843127727509, 0.6925365030765533, 0.6912050247192383, 0.6943950951099396, 0.6931871771812439, 0.69282066822052, 0.6944348216056824, 0.6929256021976471, 0.6922518908977509, 0.6932650506496429, 0.692483514547348, 0.6925550103187561, 0.691851019859314, 0.6930799186229706, 0.6937343776226044, 0.6934672594070435, 0.6923002004623413, 0.694397360086441, 0.6941585838794708, 0.692789614200592, 0.6927077174186707, 0.6923349499702454, 0.692325621843338, 0.6932693421840668, 0.6928051114082336, 0.6925898492336273, 0.6921280920505524, 0.6926856935024261, 0.6930863559246063, 0.6933415532112122, 0.6925358176231384, 0.6931458413600922, 0.6938951313495636, 0.6933331489562988, 0.6928112506866455, 0.6934750974178314, 0.69193235039711, 0.6912359595298767, 0.693204253911972, 0.6938884258270264, 0.6930403411388397, 0.6928236186504364, 0.6928836405277252, 0.6932951807975769, 0.6932172775268555, 0.6922400593757629, 0.6931638121604919, 0.6935812532901764, 0.6926109194755554, 0.693096935749054, 0.6925277411937714, 0.6925323009490967, 0.6932738125324249, 0.6914997100830078, 0.6919260025024414, 0.6923527121543884, 0.6925945281982422, 0.6929234266281128, 0.6927327513694763, 0.6924022138118744, 0.6922516822814941, 0.6925682425498962, 0.6926719546318054, 0.6924263536930084, 0.692089319229126, 0.6929494440555573, 0.6924000084400177, 0.6929468512535095, 0.6922627985477448, 0.6925687491893768, 0.69292351603508, 0.692177414894104, 0.6929464638233185, 0.6921013295650482, 0.6924224197864532, 0.6928843259811401, 0.6923028826713562, 0.6921272277832031, 0.6926758587360382, 0.6926521956920624, 0.6926143169403076, 0.6926011145114899, 0.692448228597641, 0.6930383741855621, 0.6921136975288391, 0.6930384933948517, 0.6926040947437286, 0.6921522617340088, 0.6922352910041809]
Validation ROC AUC: 0.3165322580645161
Validation Confusion Matrix: [[0, 62], [2, 6]]
Validation Precision: 0.08823529411764706
Validation Recall: 0.75
Validation F1 Score: 0.15789473684210528
Validation Accuracy: 0.08571428571428572
Test ROC AUC: 0.630977130977131
Test Confusion Matrix: [[4, 70], [2, 11]]
Test Precision: 0.13580246913580246
Test Recall: 0.8461538461538461
Test F1 Score: 0.23404255319148934
Test Accuracy: 0.1724137931034483
Validation Set Size: 70
Test Set Size: 87
