Enhancer: E25B3
Label: mm_v_all
Padding: True
Batch Size: 256
Learning Rate: 2e-06
Epochs: 1000
Subset: 1.0 (number of training samples: 749)
Weight Decay: 0.01
Optimizer: adam
Coverage: 3
Jiggle: 3
Confusion Matrix: [[0.0, 1.0], [0.0, 1.0]]
Unnormalized Confusion Matrix: [[0, 196], [0, 42]]
Number of Epochs: 136
Train Losses: [0.6963457067807516, 0.6992756128311157, 0.6946822206179301, 0.6954215367635092, 0.693970779577891, 0.699507474899292, 0.6982189019521078, 0.6946022907892863, 0.697168211142222, 0.6942866444587708, 0.6944619019826254, 0.6909700036048889, 0.6968485514322916, 0.6950268348058065, 0.6892096201578776, 0.6957115729649862, 0.6990396976470947, 0.6943258047103882, 0.6969680190086365, 0.6918039321899414, 0.6970027287801107, 0.6958698630332947, 0.695680300394694, 0.6994631489117941, 0.69293346007665, 0.6975871721903483, 0.6892469525337219, 0.6950192054112753, 0.6967742840449015, 0.6981551845868429, 0.6909537116686503, 0.6964896321296692, 0.691264828046163, 0.6984807451566061, 0.6965147058169047, 0.6951606273651123, 0.6937082211176554, 0.6949988007545471, 0.6967840989430746, 0.6955097119013468, 0.6914218266805013, 0.6928064425786337, 0.6951498786608378, 0.6919927000999451, 0.7005803982416788, 0.6951042612393697, 0.695497453212738, 0.6928959488868713, 0.6930200258890787, 0.6955525279045105, 0.695941706498464, 0.6931871771812439, 0.6963326533635458, 0.6981387337048849, 0.692216177781423, 0.6929562290509542, 0.6958306233088175, 0.6936521728833517, 0.6973102490107218, 0.6951189239819845, 0.6919427315394083, 0.6959786613782247, 0.6941309372584025, 0.6959647933642069, 0.6956987380981445, 0.697614868481954, 0.6930668751398722, 0.6979655822118124, 0.6945557792981466, 0.6949569582939148, 0.6932200789451599, 0.6939043005307516, 0.6967984239260355, 0.6956703265508016, 0.6958147684733073, 0.696783165136973, 0.6919983426729838, 0.6940284768740336, 0.6971819003423055, 0.6925708452860514, 0.6948519547780355, 0.6939922173817953, 0.6946280002593994, 0.69098961353302, 0.6974261005719503, 0.6927607655525208, 0.6937141815821329, 0.6946543057759603, 0.6935215791066488, 0.6937288443247477, 0.6968888839085897, 0.6944959163665771, 0.6947616934776306, 0.6934188008308411, 0.6953556736310323, 0.6946604450543722, 0.690541684627533, 0.6937336524327596, 0.694554348786672, 0.694461981455485, 0.6925574938456217, 0.6941431562105814, 0.6938205361366272, 0.6949916481971741, 0.6937616268793741, 0.6952424248059591, 0.6949862837791443, 0.6944312850634257, 0.6944853862126669, 0.6934596498807272, 0.692016581694285, 0.6915108561515808, 0.691471258799235, 0.6947518984476725, 0.6964978178342184, 0.6912217736244202, 0.6951421499252319, 0.6928438544273376, 0.6927758057912191, 0.6926081975301107, 0.6940159797668457, 0.6930014888445536, 0.6927235325177511, 0.6925220886866251, 0.693251391251882, 0.6965439120928446, 0.6941366791725159, 0.6930889884630839, 0.6961618661880493, 0.6912952661514282, 0.6912737886110941, 0.6956621607144674, 0.693787137667338, 0.6954459150632223, 0.6942548155784607, 0.6930354436238607]
Validation Losses: [0.6946625709533691, 0.6915111541748047, 0.6942039728164673, 0.6929392218589783, 0.6930063962936401, 0.6924338936805725, 0.6962791681289673, 0.6932811141014099, 0.6929447054862976, 0.6925010085105896, 0.6899058818817139, 0.6909510493278503, 0.6897656321525574, 0.692257821559906, 0.6907166242599487, 0.6949065327644348, 0.6894149780273438, 0.6917811632156372, 0.6949887871742249, 0.6960297226905823, 0.6952462792396545, 0.695786714553833, 0.6997241377830505, 0.6936723589897156, 0.6948022246360779, 0.6893358826637268, 0.6944890022277832, 0.6936945915222168, 0.6879363656044006, 0.69404536485672, 0.6919527053833008, 0.6877385377883911, 0.6927309036254883, 0.6952144503593445, 0.6990962028503418, 0.683635950088501, 0.6958377957344055, 0.6965349316596985, 0.6974506378173828, 0.695613443851471, 0.6931858658790588, 0.6928916573524475, 0.6911407709121704, 0.693071722984314, 0.6892991662025452, 0.6882181763648987, 0.6916526556015015, 0.6924746036529541, 0.6889956593513489, 0.6980573534965515, 0.686072826385498, 0.6940811276435852, 0.6901564598083496, 0.6898559927940369, 0.6918401122093201, 0.6944481134414673, 0.6899313926696777, 0.6906567811965942, 0.6981241106987, 0.6955054402351379, 0.6959953308105469, 0.6953467726707458, 0.6905074119567871, 0.6889399290084839, 0.6907490491867065, 0.6949410438537598, 0.6879813075065613, 0.690913736820221, 0.6947640776634216, 0.6893032789230347, 0.6900405287742615, 0.6932405233383179, 0.6925271153450012, 0.6937092542648315, 0.6933680176734924, 0.6955413818359375, 0.6946812868118286, 0.6904811859130859, 0.689712643623352, 0.6892898082733154, 0.6898146271705627, 0.6925925612449646, 0.6912646293640137, 0.6946183443069458, 0.692378044128418, 0.6919670701026917, 0.687430202960968, 0.6936900615692139, 0.6934021711349487, 0.6922303438186646, 0.6921091079711914, 0.6925604939460754, 0.6917244791984558, 0.6932214498519897, 0.694290280342102, 0.6917747259140015, 0.6927406787872314, 0.6940544247627258, 0.6920714974403381, 0.6896793842315674, 0.6918362975120544, 0.6936156749725342, 0.6887838244438171, 0.6924867630004883, 0.6897639036178589, 0.6900269389152527, 0.6921847462654114, 0.6935466527938843, 0.6911365985870361, 0.6926723718643188, 0.6946962475776672, 0.6915305852890015, 0.6865059733390808, 0.6921309232711792, 0.6928610801696777, 0.691868782043457, 0.6896461248397827, 0.6912366151809692, 0.6909326314926147, 0.6917378902435303, 0.6906179189682007, 0.6933835744857788, 0.6929123997688293, 0.6933587193489075, 0.6934133768081665, 0.6890347599983215, 0.6917115449905396, 0.6887704133987427, 0.6906090378761292, 0.6885581612586975, 0.6948027014732361, 0.6923275589942932, 0.6937503218650818, 0.6917659044265747, 0.6933104991912842, 0.6884328126907349]
Validation ROC AUC: 0.6521739130434783
Validation Confusion Matrix: [[0, 23], [0, 4]]
Validation Precision: 0.14814814814814814
Validation Recall: 1.0
Validation F1 Score: 0.25806451612903225
Validation Accuracy: 0.14814814814814814
Test ROC AUC: 0.32142857142857145
Test Confusion Matrix: [[0, 28], [0, 6]]
Test Precision: 0.17647058823529413
Test Recall: 1.0
Test F1 Score: 0.30000000000000004
Test Accuracy: 0.17647058823529413
Validation Set Size: 27
Test Set Size: 34
