Enhancer: E22P3B3R3
Label: mm_v_all
Padding: True
Batch Size: 256
Learning Rate: 2e-06
Epochs: 1000
Subset: 1.0 (number of training samples: 29295)
Weight Decay: 0.01
Optimizer: adam
Coverage: 10
Jiggle: 3
Confusion Matrix: [[0.8375350140056023, 0.16246498599439776], [0.42517006802721086, 0.5748299319727891]]
Unnormalized Confusion Matrix: [[7176, 1392], [250, 338]]
Number of Epochs: 327
Train Losses: [0.6975732373154682, 0.6969678106515304, 0.6948407774386198, 0.6940389736838962, 0.6928316012672756, 0.6928226963333461, 0.6920862970144852, 0.6915394026300181, 0.6909836805385092, 0.6904213397399239, 0.6901922868645709, 0.6897318726000579, 0.6890861811845199, 0.6885514813920726, 0.6880146114722542, 0.6871696881625964, 0.6864896183428557, 0.6862300587737042, 0.6853870029034822, 0.6846573295800582, 0.684155479721401, 0.6829967794211015, 0.6820355980292611, 0.6807058018186818, 0.6799821324970411, 0.6790578940640325, 0.6773449218791464, 0.6765690445899963, 0.6749261451804119, 0.6736632393754047, 0.6720260314319445, 0.671795057732126, 0.6694286450095799, 0.669413345274718, 0.6685858342958533, 0.6664457264153854, 0.6635155486023945, 0.6635814459427544, 0.6620387740757154, 0.6621746726658033, 0.6601559825565504, 0.6583316616390062, 0.6581036189328069, 0.6566826312438302, 0.6546195781749228, 0.655201506614685, 0.6537956154864767, 0.6522868368936622, 0.6514401404753976, 0.6509420130563819, 0.6496921710346056, 0.6478314005810282, 0.6486886366553929, 0.6479759838270105, 0.6485224511312402, 0.645979080511176, 0.6462856541509213, 0.6444570100825766, 0.6460399902385214, 0.6417827673580335, 0.6416153638259224, 0.6441598892211914, 0.6397382637728816, 0.6441810701204382, 0.643092317684837, 0.6438628787579743, 0.639891301030698, 0.6385128399600153, 0.6408774178961049, 0.6378233748933543, 0.6374228658883468, 0.6375759788181471, 0.6380871088608452, 0.6362232285997141, 0.6366304656733637, 0.633953088781108, 0.6400791795357413, 0.635004939203677, 0.6346971320069354, 0.633905772022579, 0.634655065121858, 0.6359358429908752, 0.6338135651920153, 0.6314782432887865, 0.6341753477635591, 0.6313813572344573, 0.6314723175504934, 0.6330320700355198, 0.6342449675435605, 0.6310722081557564, 0.6308297038078308, 0.6292598828025486, 0.6318989079931508, 0.6269473449043605, 0.6291542203530022, 0.6264368741408638, 0.6256533047427302, 0.6269235688707103, 0.6277141488116721, 0.6257128363070281, 0.6279868385066156, 0.6267359184182208, 0.6248662362927976, 0.6271662100501683, 0.6250363660895306, 0.6247342104497163, 0.628163046422212, 0.6238263254580291, 0.6234962432280831, 0.6246766816014829, 0.6188943878464077, 0.6246490665104079, 0.6216149983198747, 0.6181387979051342, 0.6199229478836059, 0.6234030205270519, 0.6206842085589533, 0.6179225994193036, 0.6196703998938851, 0.6191780955895133, 0.6192477568336155, 0.6149566443070121, 0.6153695635173632, 0.6154953842577727, 0.6163878321647644, 0.6127667297487673, 0.6132549710895704, 0.6120331743489141, 0.612518635003463, 0.6117641117261804, 0.6098653161007425, 0.6098545800084653, 0.6086888525796973, 0.6122502000435539, 0.6087938075480254, 0.6076795287754224, 0.6075161368950553, 0.6068483741387077, 0.6063055608583533, 0.6064687640770622, 0.6088364502658015, 0.6059272895688596, 0.6080222352691319, 0.6008397174918133, 0.6013133354808973, 0.6023078685221465, 0.6036032459010249, 0.601340391324914, 0.6003201883772146, 0.6019790431727534, 0.6024885198344355, 0.6030849192453467, 0.5991729725962099, 0.5992129766422769, 0.593443805238475, 0.5994452860044397, 0.5987412680750308, 0.5962429072545923, 0.5939961267554241, 0.5949874789818473, 0.5939118364582892, 0.5934680876524552, 0.5918767208638398, 0.5902893004210099, 0.5892266625943391, 0.5906983178594838, 0.5916810377784397, 0.5917592623959417, 0.5870229933572852, 0.5878983466521553, 0.5867900765460471, 0.586119500450466, 0.5855107219322868, 0.5856497562449912, 0.5872686966605808, 0.5828661809796872, 0.5832342541736105, 0.580234530179397, 0.5804902377335922, 0.5816456380097762, 0.5766735590022544, 0.5779895419659822, 0.5697541376818781, 0.5742552451465441, 0.5727672898251077, 0.5713626939317454, 0.5731227900670922, 0.5709711639777474, 0.569149577099344, 0.5680817267169123, 0.5683731431546418, 0.5672184301459271, 0.564083685045657, 0.5647544000459754, 0.5645463855370231, 0.56034698434498, 0.5579773635967918, 0.5552274501842002, 0.5598884473676267, 0.5524766258571459, 0.5549081444740296, 0.549856803469036, 0.5481539666652679, 0.5497430975022524, 0.5467119004415429, 0.5483898753705232, 0.5473924289578976, 0.5397015467933987, 0.5391073574190555, 0.5401623430459396, 0.5393310241077257, 0.5363915969496188, 0.5356873237568399, 0.5297788309014362, 0.5299849950748942, 0.5304760992527008, 0.5309144623901533, 0.5262962240239848, 0.5252041850401008, 0.5213700403337893, 0.5197383131669915, 0.5210388963637145, 0.519523437904275, 0.5180801681850268, 0.5161296276942543, 0.5145413238069285, 0.5069767332595327, 0.5133060038089752, 0.5072231764378755, 0.5042600717233575, 0.5082639600919641, 0.5057651563830997, 0.5007099426310996, 0.50385349833447, 0.5029536055481952, 0.5002056761928226, 0.49988438823948733, 0.49554885444433794, 0.4924457101718239, 0.4948496779669886, 0.4933753762556159, 0.49205441967300745, 0.48690121096113453, 0.4872491074645001, 0.48514454468436863, 0.48301603845928026, 0.4810356873533, 0.4839838548846867, 0.48128511620604475, 0.4768369742061781, 0.4764256075672481, 0.47568748956141266, 0.47640759893085644, 0.4718422241832899, 0.46814625366874363, 0.4730536362399226, 0.4685739203639652, 0.4658240857331649, 0.46745807658071103, 0.4652330069438271, 0.46785822044248165, 0.4626514665458513, 0.46064691491748977, 0.4567086276800736, 0.45856027266253596, 0.45709054210911626, 0.4531409927036451, 0.45222026291100875, 0.45184505296790084, 0.45138002634048463, 0.4496041300504104, 0.45130066742067754, 0.4444305147813714, 0.4441227060297261, 0.4436275857946147, 0.4440848163936449, 0.4472679920818495, 0.4409840060316998, 0.4365820804367895, 0.43785311501959095, 0.43966960570086605, 0.4355927449205647, 0.43390276250631915, 0.42891715557678883, 0.43153265092683873, 0.43061804123546765, 0.4293432702188906, 0.4232024718885836, 0.4231764604216037, 0.4244990900806759, 0.42365083072496496, 0.41858494981475497, 0.4170690585737643, 0.4188638088495835, 0.4184011454167573, 0.4166212180386419, 0.4157431776108949, 0.40892946305482286, 0.40946994164715644, 0.4079742693382761, 0.40429675941881926, 0.40706712370333464, 0.4034129440784454, 0.406109131678291, 0.40058241564294567, 0.4012968231802401, 0.399800887056019, 0.3966545068699381, 0.396321943272715, 0.39338469997696257, 0.39326065804647364, 0.3910987035087917, 0.3925130204014156, 0.39022975693578305, 0.38828875629798226, 0.38446114555649136, 0.3825439038483993, 0.38655785633170087, 0.38492626832879107, 0.3875989872476329, 0.3760581630727519, 0.37521917457165926, 0.3747384099856667, 0.37448898087377136, 0.37412331881730454, 0.3719004123107247, 0.37477399188539257]
Validation Losses: [0.6947533036100453, 0.6935466178532305, 0.6945685579858977, 0.6934992486032946, 0.693171856732204, 0.6917394358536293, 0.6908823436704176, 0.6918044275250929, 0.6901785361355749, 0.6898110529472088, 0.6884373940270523, 0.6884392561583683, 0.6880416006877504, 0.6875512414965136, 0.6872096842732923, 0.6861499959024889, 0.6847822501741606, 0.68411883403515, 0.6835449707919153, 0.6830480037064388, 0.681184304171595, 0.680568935542271, 0.6788351412477165, 0.6785324441975561, 0.676500116956645, 0.6750452456803158, 0.6736225485801697, 0.6702512872630152, 0.6720802701752762, 0.6696704584976723, 0.6687455526713667, 0.6675445786837874, 0.6641767682700321, 0.6648038646270489, 0.6623972489916045, 0.6587832385096056, 0.6586348167781172, 0.6571917595534489, 0.6531953174492409, 0.6531283567691671, 0.6522260575458921, 0.650083235625563, 0.6482642272423054, 0.649460743213522, 0.6428158159913688, 0.6434226077178429, 0.638969102810169, 0.6411528854534544, 0.6402373293350483, 0.6427302977134441, 0.6348167616745521, 0.6363186466282812, 0.6336733924931494, 0.6339704271020561, 0.6327009817649578, 0.6335051635216022, 0.6332226950546791, 0.631368495267013, 0.630597198831624, 0.6303416737194719, 0.6290168166160583, 0.62941705769506, 0.628912798289595, 0.6309676211455773, 0.6262934598429449, 0.6271260709598147, 0.622408375657838, 0.6249974185022814, 0.6260070451374712, 0.6214568039466595, 0.6233790599066635, 0.624514916847492, 0.6174480298469807, 0.6240506357160108, 0.6212722885197607, 0.6190921273724787, 0.6166523736098717, 0.6187340391093287, 0.621842452164354, 0.6222252825210834, 0.6174046911042312, 0.6130219780165573, 0.6164980859592043, 0.6117676887018927, 0.618620582695665, 0.6223673902708908, 0.6129611463382326, 0.6123124792658049, 0.6168030253772078, 0.6147738037438228, 0.6151774587302372, 0.6086798310279846, 0.612864560094373, 0.6113417004716808, 0.6093191257838545, 0.6125291729795521, 0.6144674523123379, 0.607603761656531, 0.614079173268943, 0.6092275956581379, 0.6022833236332598, 0.608408969024132, 0.6089558005332947, 0.6092935964978975, 0.6124708488069731, 0.6104006171226501, 0.6072010397911072, 0.607140039575511, 0.6093359425150114, 0.6092801977848185, 0.6142293276457951, 0.6075914851550398, 0.6082838074914341, 0.6069619840589063, 0.6072183045847662, 0.6040094946992809, 0.6056647896766663, 0.6046281683033911, 0.6017795636736113, 0.6024688297304613, 0.6005589592045751, 0.6041137000610088, 0.5995213122203432, 0.596920502596888, 0.6006968247479406, 0.5974152581445102, 0.6023000252657923, 0.5974593964116327, 0.5952295660972595, 0.598587336211369, 0.5995142089909521, 0.5979515581295408, 0.5992130698828861, 0.5967414111926638, 0.5926010485353141, 0.5964121613009222, 0.5938142928583868, 0.5989365680464382, 0.5935379595592104, 0.5932866334915161, 0.5900076853817907, 0.5862130707707899, 0.6006355963904282, 0.5948270251011026, 0.5900630231561332, 0.589555639645149, 0.5961732843826557, 0.5992608132033512, 0.5869436880637859, 0.5963965654373169, 0.5965877853590866, 0.593521432629947, 0.5912520844360878, 0.5938364842842365, 0.5909190239577458, 0.5893921173852066, 0.5920444274770802, 0.589669733211912, 0.5892131184709484, 0.5933419712658586, 0.5918109252535063, 0.5903640430549095, 0.5885503004337179, 0.5890741738779791, 0.5854554381863825, 0.5940843060098845, 0.5848338069586918, 0.5856753669936081, 0.5832187348398669, 0.5860221714809023, 0.5899820512738722, 0.5909787395904804, 0.5882250584405044, 0.5868784949697298, 0.5874052232709425, 0.5853932952058727, 0.5799890509967146, 0.5865156218923372, 0.5783175230026245, 0.58541516599984, 0.5816494493648924, 0.5825066566467285, 0.5783438518129546, 0.5789228801069588, 0.5750074181063421, 0.584076595717463, 0.5800066878055704, 0.5819732156293146, 0.5817565691882166, 0.5790448990361444, 0.5769402775271185, 0.5787958913835985, 0.5834728993218521, 0.5767040828178669, 0.583370044313628, 0.5777775727469345, 0.583775676529983, 0.58078500731238, 0.5792419643237673, 0.5808036861748531, 0.5864205730372462, 0.5785815181403324, 0.5778628875469339, 0.5806771537353252, 0.581397547804076, 0.5719701401118574, 0.5782600702910587, 0.5845349184397993, 0.5807357409904743, 0.5742285374937386, 0.5741096077294185, 0.5709527258215279, 0.5801266719555033, 0.5712572356750225, 0.5768285845888073, 0.5759203968376949, 0.5791171090356235, 0.5745441995818039, 0.5759902699240322, 0.5814120337880891, 0.5799234899981268, 0.5770535962334995, 0.5792169077643032, 0.5757221785084955, 0.5826503141173001, 0.582621089343367, 0.5694042444229126, 0.5804184860196607, 0.5833815870613888, 0.5825679651622114, 0.5773688554763794, 0.5885161223082707, 0.5747669544713251, 0.5904404623755093, 0.5886446936377163, 0.5700708504380851, 0.5863731688466566, 0.5808114327233413, 0.5761029000939994, 0.5853102700463657, 0.5794493699895924, 0.5827266799992529, 0.592471903768079, 0.5847172182181786, 0.5848019390270628, 0.5910186068765049, 0.5820518341557733, 0.5955596442880302, 0.5938687468397206, 0.5958814251011816, 0.5834203650211466, 0.5777792498983186, 0.5924617545358066, 0.5872789498033195, 0.5796675682067871, 0.5911138900395098, 0.584663699413168, 0.586768836810671, 0.589690533177606, 0.5897459202799303, 0.5947842782941358, 0.5858895737549354, 0.5972793451670942, 0.5887093400133068, 0.5850896198174049, 0.5886030937063282, 0.5927674893675179, 0.5834181370406315, 0.5972978431603004, 0.5953523393335014, 0.5960947172395115, 0.5913151543715904, 0.5985076879632885, 0.5965973036042576, 0.598046639869953, 0.5955873460605227, 0.6001202340783744, 0.6076088794346514, 0.6010733144036655, 0.595884031262891, 0.603833989850406, 0.6109537893328173, 0.6165252142939074, 0.61387824190074, 0.6035310728796597, 0.6106336178450749, 0.6155827620933796, 0.6143969502942316, 0.5969800723010096, 0.5976853678966391, 0.6130149898857906, 0.5949613832194229, 0.6269799635328096, 0.6145941902851236, 0.6156097177801461, 0.5933723141407145, 0.6138962568907902, 0.6175247225268133, 0.602285609163087, 0.6183234658734552, 0.624713161896015, 0.6199683156506769, 0.6295531494864102, 0.6209411744413704, 0.6187299880488165, 0.6236029513951006, 0.6170093807680853, 0.6483714580535889, 0.6287112236022949, 0.6352303171979969, 0.6284800993985143, 0.6393078318957625, 0.6163223940750648, 0.6158795418410465, 0.6466630327290502, 0.6296539491620557, 0.6267368135781124, 0.643448804986888, 0.6482505469486631, 0.6165402038344021, 0.6304423418538324, 0.6403250653168251, 0.6348646427022999, 0.6312282496485216, 0.6429681038034374, 0.6477182877474817, 0.6550016177111658]
