Enhancer: E23H5
Label: mm_v_all
Padding: True
Batch Size: 256
Learning Rate: 2e-06
Epochs: 1000
Subset: 1.0 (number of training samples: 3416)
Weight Decay: 0.01
Optimizer: adam
Coverage: 10
Jiggle: 3
Confusion Matrix: [[0.8622448979591837, 0.1377551020408163], [0.38461538461538464, 0.6153846153846154]]
Unnormalized Confusion Matrix: [[845, 135], [35, 56]]
Number of Epochs: 917
Train Losses: [0.6936817041465214, 0.693013037954058, 0.6932688994067056, 0.693709637437548, 0.6939649965081897, 0.6933461470263345, 0.693588307925633, 0.6928265520504543, 0.6947777271270752, 0.6926229340689523, 0.6933155953884125, 0.6937839303697858, 0.6930550805159977, 0.692926790033068, 0.6931993918759483, 0.6931146170411792, 0.6931114707674298, 0.6936279961041042, 0.6929591468402317, 0.6930403709411621, 0.6927393163953509, 0.6917571340288434, 0.6928374724728721, 0.6933511367865971, 0.6925249866076878, 0.6928254408495766, 0.693414820092065, 0.6936719247273037, 0.6933146842888424, 0.6932278573513031, 0.6921896168163845, 0.6932777421815055, 0.6928425558975765, 0.6926181188651493, 0.6930322434220996, 0.6932076002870288, 0.6922870363507952, 0.692670783826283, 0.6925317049026489, 0.6923854436193194, 0.6932308716433389, 0.6920129060745239, 0.6928402653762272, 0.6926162796361106, 0.6930860366140094, 0.6927563888686044, 0.6924603240830558, 0.6923113933631352, 0.6923325530120304, 0.6922010013035366, 0.6923944098608834, 0.6930346148354667, 0.6918245255947113, 0.6929778967584882, 0.6917574065072196, 0.6925963120801109, 0.6922690868377686, 0.6916976400784084, 0.6922125007425036, 0.6922433887209211, 0.6919140602861132, 0.6923526270048959, 0.6919029951095581, 0.6916092591626304, 0.6917369621140617, 0.6928952166012355, 0.6918225799288068, 0.6935166077954429, 0.6923396161624363, 0.6919635662010738, 0.6923795001847404, 0.6917867873396192, 0.6911322729928153, 0.6924280481679099, 0.6919438370636531, 0.6928748275552478, 0.6919722003596169, 0.6922822168895176, 0.6916522809437343, 0.6910825882639203, 0.6919447353907994, 0.6919416572366442, 0.6919972598552704, 0.6917383926255363, 0.6925818366663796, 0.692743148122515, 0.6912334178175245, 0.6916760461671012, 0.6909342323030744, 0.6918188631534576, 0.6920534031731742, 0.6913514946188245, 0.6922594308853149, 0.6912410855293274, 0.6916188980851855, 0.691432556935719, 0.6917004755565098, 0.6916870985712323, 0.6910324777875628, 0.6919677981308529, 0.691679984331131, 0.691468860421862, 0.6915444348539624, 0.6918568185397557, 0.6914151651518685, 0.690999469586781, 0.6918136945792607, 0.6909932110990796, 0.6918267863137382, 0.6919412187167576, 0.6917676542486463, 0.6918144864695412, 0.6912922305720193, 0.6914842682225364, 0.6910936193806785, 0.6905491862978254, 0.6912398295743125, 0.6913982629776001, 0.6912130117416382, 0.6914747016770499, 0.6905871203967503, 0.6904760343687875, 0.6916115922587258, 0.6905418506690434, 0.6918237720217023, 0.6911291522639138, 0.6911982255322593, 0.691449795450483, 0.6907064318656921, 0.691249315227781, 0.6904909483024052, 0.6905030821050916, 0.6906272428376334, 0.6909703016281128, 0.690300566809518, 0.6911344443048749, 0.6906491645744869, 0.6906145640781948, 0.6906732065337045, 0.6903203981263297, 0.6910593552248818, 0.690296117748533, 0.6910350450447628, 0.6905050575733185, 0.6906411349773407, 0.6909520157745906, 0.6908817418984005, 0.6902659279959542, 0.6904932856559753, 0.6899325379303524, 0.6902002649647849, 0.6903756133147648, 0.6907309932368142, 0.6901012531348637, 0.6907174927847726, 0.6894299813679287, 0.6898276891027179, 0.6907862765448434, 0.6905087062290737, 0.6900621226855687, 0.68925399013928, 0.690441506249564, 0.6908132774489266, 0.6902949937752315, 0.6905860815729413, 0.6897026981626239, 0.6901566513947078, 0.6896865495613643, 0.6903051265648433, 0.6909618547984532, 0.6893014865262168, 0.6891070944922311, 0.6896418631076813, 0.6905190518924168, 0.6898591901574816, 0.6896915563515255, 0.68997175352914, 0.6895282438823155, 0.6897301929337638, 0.6891562002045768, 0.6897659046309335, 0.6896660157612392, 0.6889934710093907, 0.6899916274206979, 0.6887886907373156, 0.6884164810180664, 0.6881568687302726, 0.6898979842662811, 0.6884661614894867, 0.6893830937998635, 0.6886048359530312, 0.6886191410677773, 0.690396887915475, 0.6890902348927089, 0.6900583803653717, 0.6888435355254582, 0.6884847027914864, 0.6883862784930638, 0.6895402712481362, 0.6892744728497097, 0.6884580850601196, 0.6885488161018917, 0.6888525315693447, 0.6884552240371704, 0.6888868681022099, 0.6881502824170249, 0.6884508728981018, 0.688572359936578, 0.6895810110228402, 0.6881007977894374, 0.6884801813534328, 0.6886487049715859, 0.6888540259429387, 0.6880185987268176, 0.6880183134760175, 0.6882654300757817, 0.6887527108192444, 0.6888660575662341, 0.6886398409094129, 0.6877647042274475, 0.6887128778866359, 0.6885575737271991, 0.689256625516074, 0.6887942126819065, 0.6887442128998893, 0.6887571258204324, 0.6881703351225171, 0.6878797156470162, 0.687970472233636, 0.6882525256701878, 0.6870418531554086, 0.6873196065425873, 0.6875162635530744, 0.6879292045320783, 0.6881383316857475, 0.68800801890237, 0.6884860013212476, 0.687850581748145, 0.6871616542339325, 0.6882043778896332, 0.686784701687949, 0.6886888997895377, 0.6878225760800498, 0.687912004334586, 0.6871316007205418, 0.6872617730072567, 0.6868966903005328, 0.6876582418169294, 0.6880300257887159, 0.6880269944667816, 0.6860693863459996, 0.6869348500456128, 0.6874065782342639, 0.6865906459944588, 0.6865165105887822, 0.6884958020278386, 0.6885391814368111, 0.6868330793721336, 0.6874102566923413, 0.6863206326961517, 0.6879605310303825, 0.6863407620361873, 0.6875421575137547, 0.6868245857102531, 0.6873725014073508, 0.6869134477206639, 0.6856317179543632, 0.6868471034935543, 0.6863708708967481, 0.6863394251891545, 0.6864152337823596, 0.6866777411528996, 0.6861962718623025, 0.686609800372805, 0.6853462585381099, 0.6850701570510864, 0.6862266404288155, 0.6866886743477413, 0.6863156386784145, 0.6863538324832916, 0.6853151278836387, 0.6861690665994372, 0.6853415880884443, 0.6857347743851798, 0.6870400139263698, 0.6853137910366058, 0.6854579704148429, 0.6846880572182792, 0.6860836531434741, 0.6867076967443738, 0.6851920357772282, 0.686101245028632, 0.6853419116565159, 0.6857166460582188, 0.6855796149798802, 0.6857715674809047, 0.6838560274669102, 0.6853960837636676, 0.6857734279973167, 0.684523697410311, 0.6849080324172974, 0.6846315860748291, 0.6852197221347264, 0.6853362619876862, 0.6850198677607945, 0.6843750391687665, 0.6843323707580566, 0.6849128263337272, 0.6836380915982383, 0.6868466564587185, 0.6835327020713261, 0.6842582779271262, 0.6840718729155404, 0.6832065582275391, 0.6845493018627167, 0.6856105029582977, 0.6840835852282388, 0.6847412841660636, 0.6844762734004429, 0.6838211076600211, 0.6851005256175995, 0.6843923713479724, 0.6838788560458592, 0.6841599174908229, 0.6843087077140808, 0.6842124291828701, 0.684064337185451, 0.6831612757274083, 0.682878030197961, 0.6832431725093296, 0.6819055889333997, 0.682055094412395, 0.6843284283365522, 0.6832157671451569, 0.6859014672892434, 0.6839583516120911, 0.6818060534340995, 0.684113723891122, 0.6835439290319171, 0.6844487871442523, 0.6817378103733063, 0.6829978951386043, 0.6835227736404964, 0.6829458900860378, 0.6831415806497846, 0.6826810453619275, 0.6816815691334861, 0.6820120768887656, 0.6806343197822571, 0.681560754776001, 0.6822183685643333, 0.6824535131454468, 0.6825017162731716, 0.6837402497019086, 0.682971898998533, 0.6820195998464312, 0.6836669657911573, 0.6809073431151254, 0.6817470235483987, 0.6822193946157183, 0.6819928501333509, 0.6814910215990884, 0.6804840011256081, 0.681491174868175, 0.6802605092525482, 0.6819652106080737, 0.6805774016039712, 0.6813661967005048, 0.6795219353267125, 0.6801034808158875, 0.6815566463129861, 0.6811204680374691, 0.681259538446154, 0.6808208780629295, 0.6800227846418109, 0.6804371774196625, 0.6804301312991551, 0.6803541609219143, 0.6816092814717974, 0.6805552584784371, 0.6802498229912349, 0.6792518198490143, 0.6801958211830684, 0.6827754208019802, 0.6792375360216413, 0.6815689972468785, 0.6807238970484052, 0.6806029294218335, 0.6792525563921247, 0.6785198279789516, 0.6781588920525142, 0.6800192083631244, 0.6783129785742078, 0.6785253839833396, 0.6788751355239323, 0.6804740088326591, 0.6785072599138532, 0.6792633831501007, 0.679072631256921, 0.6793694751603263, 0.6774109091077533, 0.6807204229491097, 0.6778006042752948, 0.6793812385627201, 0.6801097052437919, 0.678488837821143, 0.6777815818786621, 0.6793599511895861, 0.6793002656527928, 0.6795567699841091, 0.678056389093399, 0.6774133018084935, 0.6775290199688503, 0.6767585362706866, 0.6783495758260999, 0.680139537368502, 0.6769134444849831, 0.6782917167459216, 0.6759900408131736, 0.6783391066959926, 0.6756858825683594, 0.6776321615491595, 0.6755754947662354, 0.6766968369483948, 0.6748240760394505, 0.6751152489866529, 0.6757862653051104, 0.6767383941582271, 0.6763518750667572, 0.676662985767637, 0.6778234669140407, 0.676736695425851, 0.6764679891722543, 0.6763324780123574, 0.6747650418962751, 0.6749116054603032, 0.6747212069375175, 0.6748150544507163, 0.6743346197264535, 0.6738655907767159, 0.6750889463084084, 0.676036787884576, 0.6733745804854802, 0.6718876021248954, 0.6743558176926204, 0.6746543943881989, 0.6751372047833034, 0.6732199234621865, 0.6724734221185956, 0.6724470002310616, 0.6745621476854596, 0.6746014782360622, 0.67372385093144, 0.6751499261174884, 0.6719036485467639, 0.6737483314105442, 0.6740421397345406, 0.6725661754608154, 0.6731593012809753, 0.672223014490945, 0.6745893231460026, 0.6722205366407122, 0.6738032145159585, 0.6703306010791233, 0.6709267454487937, 0.6717592818396432, 0.6746064850262233, 0.6716933505875724, 0.674111579145704, 0.6716877562659127, 0.6734841551099505, 0.6743916826588767, 0.6693178415298462, 0.672795274427959, 0.6688808756215232, 0.6724115993295398, 0.6711977847984859, 0.6710566069398608, 0.6713840024811881, 0.6714367994240352, 0.6709959251540047, 0.6711011699267796, 0.6730732449463436, 0.6673091607434409, 0.6674822441169194, 0.6689902586596352, 0.6682968607970646, 0.6712730143751416, 0.6682075389793941, 0.6702965753419059, 0.6682940806661334, 0.6675876804760524, 0.6697974332741329, 0.6682576068810054, 0.6690252508435931, 0.6680292742592948, 0.6670647731849125, 0.6698108698640551, 0.6683282341275897, 0.6680278182029724, 0.669918920312609, 0.6696633568831852, 0.6675032334668296, 0.6685628507818494, 0.6626432112285069, 0.66880721279553, 0.6700302873338971, 0.6631307303905487, 0.6690620652266911, 0.6648487789290292, 0.6664636731147766, 0.6657996560846057, 0.6672140785626003, 0.6658347547054291, 0.6653127925736564, 0.6622172338621957, 0.6669118361813682, 0.6662798183304923, 0.6647373863628933, 0.663519663470132, 0.666735074349812, 0.6636410909039634, 0.6604910705770765, 0.6674157934529441, 0.6654301754065922, 0.6635713108948299, 0.6671977170876094, 0.6638182359082359, 0.6632985174655914, 0.6643761140959603, 0.6645762494632176, 0.663997232913971, 0.664185609136309, 0.6627176105976105, 0.6630316759858813, 0.6643031792981284, 0.6656776113169534, 0.6647543907165527, 0.6596601051943642, 0.6617497674056462, 0.660741776227951, 0.6639972840036664, 0.6641579185213361, 0.6633825940745217, 0.6618014361177172, 0.6600920557975769, 0.663344247000558, 0.6600799305098397, 0.6585364086287362, 0.6624137801783425, 0.6601734842572894, 0.6603803166321346, 0.662563123873302, 0.6570235916546413, 0.6569356918334961, 0.6613742198262896, 0.6593028945582253, 0.6617178576333183, 0.658942950623376, 0.6604527192456382, 0.6589301611695971, 0.6609708837100438, 0.6580579919474465, 0.660741218498775, 0.654707989522389, 0.661553259406771, 0.6557422620909554, 0.659073110137667, 0.6563095322677067, 0.6556629495961326, 0.6589306209768567, 0.6576961704662868, 0.6607688282217298, 0.654590334211077, 0.6545599784169879, 0.6546735465526581, 0.6571157574653625, 0.6543238971914563, 0.6597940879208701, 0.6558835080691746, 0.6518728733062744, 0.655662477016449, 0.6546112384114947, 0.6552737695830209, 0.6580875175339835, 0.6577241676194328, 0.656469144991466, 0.6538188202040536, 0.6534986197948456, 0.648637558732714, 0.6533258557319641, 0.6540447175502777, 0.6526734871523721, 0.654681750706264, 0.6531496090548379, 0.657729127577373, 0.6528543319020953, 0.6498392224311829, 0.6494200953415462, 0.6512248132910047, 0.65199242745127, 0.6511134505271912, 0.651098655802863, 0.6515183576515743, 0.6541365470205035, 0.6490868074553353, 0.6498734397547585, 0.6540929249354771, 0.6518090920788902, 0.6481414437294006, 0.6500960631029946, 0.650312466280801, 0.6462963564055306, 0.6455911610807691, 0.6527192337172372, 0.6517710302557264, 0.6488722903387887, 0.6482795519488198, 0.6500003593308585, 0.6463392760072436, 0.6484737821987697, 0.6474244126251766, 0.6460977579866137, 0.6439988740852901, 0.6510460845061711, 0.6460199739251818, 0.6424130158764976, 0.6437947068895612, 0.6439915512289319, 0.64195659330913, 0.644409043448312, 0.643626983676638, 0.6441298425197601, 0.6426532396248409, 0.644040299313409, 0.6431071885994503, 0.6426264771393367, 0.6462025684969765, 0.6411392135279519, 0.6443598185266767, 0.642930098942348, 0.6399823980672019, 0.6390541068145207, 0.642161603484835, 0.6395711175033024, 0.6397785799843925, 0.6394159580980029, 0.6395931414195469, 0.63862886599132, 0.6382244059017727, 0.639080843755177, 0.6392407246998378, 0.6359720017228808, 0.631094583443233, 0.6344260360513415, 0.6390429309436253, 0.6352262880120959, 0.6378406797136579, 0.6383325031825474, 0.6339642831257412, 0.6350063639027732, 0.6309565561158317, 0.6363969274929592, 0.6348556918757302, 0.6311020255088806, 0.6317346904958997, 0.6307428351470402, 0.6294156355517251, 0.6292445063591003, 0.6316668050629752, 0.6273408787591117, 0.6272210223334176, 0.6273954084941319, 0.6317030148846763, 0.6287193851811546, 0.6293831041881016, 0.6273065677710942, 0.6286327157701764, 0.6287066084997994, 0.6258861167090279, 0.6272920114653451, 0.6276139957564217, 0.6219005286693573, 0.6245256577219281, 0.6255133620330265, 0.6207190794604165, 0.6199378371238708, 0.6185225546360016, 0.6198017384324755, 0.6261195072105953, 0.6254319846630096, 0.6218374414103371, 0.6182874696595329, 0.6186562989439283, 0.6213628138814654, 0.6204827087266105, 0.6198528110980988, 0.6190909402711051, 0.6164277110780988, 0.6193759909697941, 0.6164119499070304, 0.6154770978859493, 0.6130584010056087, 0.6124286311013358, 0.6153441923005241, 0.6095249993460519, 0.609941691160202, 0.6127439354147229, 0.6133910204683032, 0.6040760704449245, 0.6111199898379189, 0.6123786228043693, 0.6102706449372428, 0.6112462537629264, 0.6095307299068996, 0.6096883586474827, 0.6099091044494084, 0.613381849867957, 0.6059265434741974, 0.6050064265727997, 0.6099522624697004, 0.6047506843294416, 0.6083277932235173, 0.6023218504020146, 0.60201609986169, 0.6030867099761963, 0.6015917488506862, 0.599200074161802, 0.6030368336609432, 0.5980601438454219, 0.59862248812403, 0.5979525361742292, 0.6014609592301505, 0.6020688712596893, 0.597556642123631, 0.600468077829906, 0.6012229834284101, 0.5967083403042385, 0.5973246778760638, 0.5979534898485456, 0.5914822944572994, 0.5943749632154193, 0.5928176173142025, 0.594188528401511, 0.597425069127764, 0.590961469071252, 0.5930178548608508, 0.5893718813146863, 0.587934638772692, 0.5877389439514705, 0.5905630247933524, 0.588109974350248, 0.5867767632007599, 0.5876499840191433, 0.5886519210679191, 0.5866029730864933, 0.5833990616457803, 0.5884802043437958, 0.5814389118126461, 0.5848271719047001, 0.5803012464727674, 0.5823687442711422, 0.5835940795285361, 0.5817531773022243, 0.57823104092053, 0.5794299117156437, 0.5788451177733285, 0.5756604586328778, 0.58058791075434, 0.5766444674560002, 0.5797866795744214, 0.5765321552753448, 0.5773090251854488, 0.5728550766195569, 0.5752998036997659, 0.5729553699493408, 0.5731730248246875, 0.5719890722206661, 0.5712484291621617, 0.5704044827393123, 0.5734489943299975, 0.5680496266910008, 0.5663241403443473, 0.5692385179655892, 0.5673421408448901, 0.5714077992098672, 0.5661895956311908, 0.5669324610914502, 0.5633019251482827, 0.5623331964015961, 0.5662534024034228, 0.5588159220559257, 0.5602213782923562, 0.5611193605831691, 0.5584767886570522, 0.5569184379918235, 0.5559158410344806, 0.5592282499585833, 0.5594467094966343, 0.5573198412145887, 0.5543806510312217, 0.5532989757401603, 0.5545169796262469, 0.5566325187683105, 0.5535800925322941, 0.5535723311560494, 0.553722368819373, 0.5516113085406167, 0.5518865925925118, 0.5525096740041461, 0.5500483512878418, 0.5533738774912698, 0.5452560910156795, 0.541511207818985, 0.5460074586527688, 0.5487230675561088, 0.5391917356422969, 0.539587710584913, 0.5441401047366006, 0.5434080873216901, 0.5391350431101662, 0.5385190546512604, 0.5404573891844068, 0.5375555029937199, 0.5389639948095594, 0.5356248830045972, 0.5371929832867214, 0.5413991170270103, 0.535711692912238, 0.5359820808683123, 0.535514486687524, 0.5340091671262469, 0.5339756565434592, 0.5337395668029785, 0.5330408896718707, 0.5300141870975494, 0.5309076862675803, 0.528454852955682, 0.527436980179378, 0.5271746899400439, 0.5266358852386475, 0.5300984765802111, 0.5235042827469962, 0.5246873242514474, 0.5227598207337516, 0.5294250420161656, 0.5251131228038243, 0.5208878346851894, 0.5197177188737052, 0.5276917091437748, 0.5183369815349579, 0.5242430440017155, 0.5149193108081818, 0.5222403662545341, 0.515770788703646, 0.5144777340548379, 0.5191024648291724, 0.5194147505930492, 0.5156045087746212, 0.519190217767443, 0.5153738941465106, 0.5152031608990261, 0.5094287459339414, 0.513651043176651, 0.5069831822599683, 0.5129063108137676, 0.510224489229066, 0.5094862410000393, 0.5099495032003948, 0.5044408099991935, 0.4986343766961779, 0.5031503545386451, 0.5044264772108623, 0.5041278302669525, 0.5061829388141632, 0.503890974181039, 0.5050343360219683, 0.4969312144177301, 0.5025890639850071, 0.49917630425521303, 0.4991045189755304, 0.5016737984759467, 0.49552942173821585, 0.5005424448422023, 0.49463835784367155, 0.49510677797453745, 0.4946648542370115, 0.49694134294986725, 0.49262305881295887, 0.4910634905099869, 0.49255954793521334, 0.48700396929468426, 0.4908868542739323, 0.4937794485262462, 0.48965861329010557, 0.49097680832658497, 0.4868385855640684, 0.48288216974054066, 0.484335258603096, 0.4821889613355909, 0.4913465976715088, 0.487753940480096, 0.48476866100515636, 0.47969804278441835, 0.4802499903099878, 0.4795299193688801, 0.4808497599193028, 0.4826572835445404, 0.47666063479014803, 0.4790750912257603, 0.47512111919266836, 0.474640354514122, 0.47570728617055075, 0.47261954631124226, 0.4785377766404833, 0.4713814705610275, 0.4756595918110439]
Validation Losses: [0.6932572424411774, 0.6930805444717407, 0.6925023943185806, 0.6952755004167557, 0.6936922520399094, 0.6935194134712219, 0.6915154904127121, 0.6932983845472336, 0.6933674067258835, 0.6930062174797058, 0.6942687332630157, 0.6937250792980194, 0.6933907270431519, 0.6935926526784897, 0.6935168653726578, 0.6933107227087021, 0.6937009543180466, 0.693710058927536, 0.6936018019914627, 0.6937994807958603, 0.6927461624145508, 0.6928369998931885, 0.6926802694797516, 0.6929260641336441, 0.6934109181165695, 0.6929811835289001, 0.693090170621872, 0.6926133334636688, 0.6932857632637024, 0.6929613202810287, 0.6932028234004974, 0.693384051322937, 0.6929779648780823, 0.6925804018974304, 0.692616194486618, 0.6929081231355667, 0.6931174099445343, 0.6931523680686951, 0.6929852664470673, 0.6925977468490601, 0.6930753886699677, 0.6926206648349762, 0.692612811923027, 0.692490741610527, 0.692629873752594, 0.6928057670593262, 0.6925660818815231, 0.6927752494812012, 0.6933367699384689, 0.6932143270969391, 0.692744717001915, 0.6926655620336533, 0.6927501559257507, 0.6927419900894165, 0.693025141954422, 0.6928600668907166, 0.692727118730545, 0.6924217641353607, 0.6922452002763748, 0.6922879070043564, 0.6929183900356293, 0.6922069042921066, 0.6931715309619904, 0.6928374171257019, 0.6923297047615051, 0.6925822645425797, 0.6925035715103149, 0.6928432136774063, 0.6921019554138184, 0.6927749663591385, 0.6927297860383987, 0.6923659145832062, 0.6929651647806168, 0.6921579837799072, 0.6924751400947571, 0.6925252825021744, 0.6929145902395248, 0.6929724514484406, 0.692410871386528, 0.6921086609363556, 0.692079171538353, 0.6920395344495773, 0.6919895857572556, 0.6920267641544342, 0.6921418756246567, 0.6920206248760223, 0.6919546127319336, 0.6923843622207642, 0.6917265504598618, 0.6923944652080536, 0.69240702688694, 0.6914612203836441, 0.6919130235910416, 0.6921548396348953, 0.6921178251504898, 0.691781297326088, 0.6916434019804001, 0.6923073530197144, 0.6917582750320435, 0.6923344433307648, 0.69232477247715, 0.6914740055799484, 0.6920059621334076, 0.6915987432003021, 0.6912890076637268, 0.6918946504592896, 0.6917209625244141, 0.6919147372245789, 0.6917601674795151, 0.6914732456207275, 0.6916662007570267, 0.691643550992012, 0.6919337064027786, 0.6914303451776505, 0.6916865855455399, 0.691435307264328, 0.6911789029836655, 0.6914813220500946, 0.6915711760520935, 0.6913745850324631, 0.6916305422782898, 0.6919876337051392, 0.6918260604143143, 0.6912757605314255, 0.6917879730463028, 0.6910234093666077, 0.6918255984783173, 0.6913185268640518, 0.6920842528343201, 0.6912022978067398, 0.6909869313240051, 0.6909516304731369, 0.6915133595466614, 0.6916290521621704, 0.6917849481105804, 0.691596046090126, 0.6912709176540375, 0.6911399066448212, 0.6916061192750931, 0.691263422369957, 0.691369354724884, 0.6914985924959183, 0.6906713396310806, 0.6908020377159119, 0.6918384730815887, 0.6904478520154953, 0.6912194937467575, 0.6906627714633942, 0.6898594200611115, 0.6910912096500397, 0.691050335764885, 0.6906309574842453, 0.6916671246290207, 0.6908396631479263, 0.690667599439621, 0.6909129917621613, 0.6906758546829224, 0.6915573179721832, 0.6905706375837326, 0.6907395869493484, 0.6912480890750885, 0.690830871462822, 0.6909935623407364, 0.6902288347482681, 0.6900143772363663, 0.6909890919923782, 0.6912044733762741, 0.6909573823213577, 0.6902524381875992, 0.6907842457294464, 0.6909857243299484, 0.6909199655056, 0.691022589802742, 0.6899168193340302, 0.6905479729175568, 0.6899246573448181, 0.6911043226718903, 0.6910219490528107, 0.6905401796102524, 0.6902402490377426, 0.6907816529273987, 0.6910392194986343, 0.6906856894493103, 0.6909616440534592, 0.6900962144136429, 0.6909179985523224, 0.6902682483196259, 0.690886378288269, 0.6902069598436356, 0.6912652254104614, 0.6898974478244781, 0.6899027675390244, 0.6908561289310455, 0.6912224739789963, 0.6898714452981949, 0.6902904808521271, 0.6901801377534866, 0.6901611834764481, 0.6903540194034576, 0.6894469857215881, 0.6902044117450714, 0.6898899376392365, 0.6903529018163681, 0.6901565194129944, 0.6900337636470795, 0.6898014545440674, 0.6907199323177338, 0.6901378184556961, 0.6903773993253708, 0.6898604482412338, 0.6893770545721054, 0.6900831311941147, 0.6902066320180893, 0.6887607425451279, 0.6902346014976501, 0.6897332817316055, 0.6900960206985474, 0.6903388351202011, 0.6897994428873062, 0.6900386661291122, 0.6894152015447617, 0.6908714026212692, 0.6893012374639511, 0.6891789734363556, 0.6901482194662094, 0.6891056150197983, 0.6896343380212784, 0.689070388674736, 0.689511239528656, 0.6884880214929581, 0.6900749355554581, 0.6883318871259689, 0.68934565782547, 0.6895700693130493, 0.6886153370141983, 0.6890924274921417, 0.6895022541284561, 0.6887670904397964, 0.6890979409217834, 0.6890226751565933, 0.6884706616401672, 0.6894894689321518, 0.6906094551086426, 0.6892406195402145, 0.6896590739488602, 0.6891504377126694, 0.6900910586118698, 0.6881830394268036, 0.6894423812627792, 0.6886640340089798, 0.6886505782604218, 0.6902629435062408, 0.6878135353326797, 0.6891486644744873, 0.6878115832805634, 0.6875122636556625, 0.688489630818367, 0.6883191913366318, 0.6879103630781174, 0.6887673884630203, 0.6881376206874847, 0.6881614476442337, 0.6878512352705002, 0.6880192458629608, 0.6877695918083191, 0.6886975765228271, 0.6879247725009918, 0.6864590346813202, 0.6882632076740265, 0.6875176280736923, 0.6873968094587326, 0.6882213950157166, 0.6886611580848694, 0.687105342745781, 0.6869021207094193, 0.6891879737377167, 0.686814084649086, 0.689429372549057, 0.6885516941547394, 0.6882706731557846, 0.6868302673101425, 0.687316507101059, 0.6877269297838211, 0.6878190785646439, 0.6874782592058182, 0.6874280124902725, 0.6887820959091187, 0.6864089667797089, 0.6878241896629333, 0.6876225173473358, 0.6867263615131378, 0.687274158000946, 0.6861342638731003, 0.6877282857894897, 0.6876210719347, 0.6877235323190689, 0.6876348555088043, 0.6851914525032043, 0.6857279390096664, 0.6885002702474594, 0.6872083842754364, 0.6870050728321075, 0.6865052133798599, 0.687235102057457, 0.6872098594903946, 0.6876141428947449, 0.6850672960281372, 0.6862032562494278, 0.6874242722988129, 0.6854308396577835, 0.6865196377038956, 0.687554121017456, 0.6851295977830887, 0.6865537315607071, 0.6861849278211594, 0.6872457712888718, 0.6871212273836136, 0.686056911945343, 0.6871679574251175, 0.6857102662324905, 0.6860124170780182, 0.6851271688938141, 0.6872418969869614, 0.6860177516937256, 0.6855925172567368, 0.6872687190771103, 0.6864611953496933, 0.6865507364273071, 0.6869211345911026, 0.6856724321842194, 0.6856738775968552, 0.6864028722047806, 0.6869087815284729, 0.6859358102083206, 0.6853086650371552, 0.6871954947710037, 0.685327410697937, 0.6862690597772598, 0.6874025464057922, 0.6837798058986664, 0.6842098832130432, 0.6839200407266617, 0.685395136475563, 0.68643718957901, 0.686288446187973, 0.6837224364280701, 0.6838237792253494, 0.6862644404172897, 0.6867257505655289, 0.684729129076004, 0.6857563555240631, 0.6862049102783203, 0.6835653185844421, 0.6843530684709549, 0.6833734959363937, 0.6855949014425278, 0.6831637769937515, 0.6830419600009918, 0.6825884580612183, 0.6837133914232254, 0.6854832768440247, 0.6856073439121246, 0.685896247625351, 0.6837176978588104, 0.6848783195018768, 0.6827846020460129, 0.6854053139686584, 0.6842811852693558, 0.6843701601028442, 0.6859744638204575, 0.6845603585243225, 0.6841229796409607, 0.6836887001991272, 0.6839470863342285, 0.6851227730512619, 0.683282881975174, 0.683747410774231, 0.6834029257297516, 0.685035839676857, 0.6843920946121216, 0.6839517205953598, 0.6814321577548981, 0.6815331429243088, 0.6840195953845978, 0.683168575167656, 0.6834455728530884, 0.683483362197876, 0.6840438544750214, 0.6818401217460632, 0.6811541616916656, 0.6824899613857269, 0.6856330931186676, 0.682731956243515, 0.68288154900074, 0.6825599074363708, 0.6854254305362701, 0.6826298385858536, 0.684553787112236, 0.6840517371892929, 0.6831294149160385, 0.6820095777511597, 0.6816540062427521, 0.6814415007829666, 0.6842347979545593, 0.6814925074577332, 0.6816379725933075, 0.6803924143314362, 0.6812554597854614, 0.6798918843269348, 0.6814490705728531, 0.6807663887739182, 0.6836008280515671, 0.6820268332958221, 0.6821281462907791, 0.6846146732568741, 0.6816974431276321, 0.6810280531644821, 0.6798169314861298, 0.6811055839061737, 0.680131658911705, 0.6832022666931152, 0.6819392144680023, 0.6814074665307999, 0.6806930750608444, 0.6828771680593491, 0.6809569299221039, 0.6782407164573669, 0.681333139538765, 0.6821872144937515, 0.6756765246391296, 0.6801449507474899, 0.6789851784706116, 0.6831807643175125, 0.6795156747102737, 0.6787012070417404, 0.6813572198152542, 0.6785439103841782, 0.6818628162145615, 0.6829522848129272, 0.6803028136491776, 0.6803418546915054, 0.680865541100502, 0.6810371428728104, 0.6807704865932465, 0.6790547668933868, 0.6797081232070923, 0.6791655868291855, 0.6764989793300629, 0.6794654726982117, 0.6772089302539825, 0.6820738315582275, 0.679704874753952, 0.6801775842905045, 0.6749551743268967, 0.6789654195308685, 0.6796943545341492, 0.6789644956588745, 0.6809283196926117, 0.6764089018106461, 0.6799854636192322, 0.6776480823755264, 0.6828290671110153, 0.6768899857997894, 0.678560882806778, 0.6800861060619354, 0.6762632131576538, 0.6772495061159134, 0.6763016283512115, 0.6796892583370209, 0.6796602606773376, 0.6804201006889343, 0.6762564927339554, 0.6793198585510254, 0.6780528575181961, 0.6765829920768738, 0.676043376326561, 0.677362710237503, 0.6773950010538101, 0.6758324354887009, 0.6720111668109894, 0.679529994726181, 0.6791584491729736, 0.6756566166877747, 0.681481808423996, 0.6734328120946884, 0.6709854900836945, 0.6752957254648209, 0.6761615872383118, 0.6790243983268738, 0.6777649372816086, 0.6787372678518295, 0.675973191857338, 0.6755335181951523, 0.674936830997467, 0.6706385761499405, 0.6790347844362259, 0.6752943098545074, 0.6748642027378082, 0.6736207604408264, 0.6737050861120224, 0.6765700131654739, 0.6821514219045639, 0.6717455387115479, 0.675870880484581, 0.6751874387264252, 0.6770370751619339, 0.6806535124778748, 0.6730231046676636, 0.6748780608177185, 0.6728823632001877, 0.6773887425661087, 0.6729241907596588, 0.6701871007680893, 0.6738981753587723, 0.6825605928897858, 0.6746402233839035, 0.6753868162631989, 0.6789469569921494, 0.6748602241277695, 0.6711466759443283, 0.6730408370494843, 0.674377366900444, 0.6695280969142914, 0.6730508059263229, 0.6731503903865814, 0.6710004210472107, 0.6782016307115555, 0.6728964745998383, 0.6719706803560257, 0.670100212097168, 0.6748526990413666, 0.676778182387352, 0.6782823950052261, 0.6748939007520676, 0.6708047538995743, 0.6747553497552872, 0.6712844371795654, 0.6761641651391983, 0.673040360212326, 0.6728463917970657, 0.6712445616722107, 0.6725098341703415, 0.6780547499656677, 0.6678649932146072, 0.6734897494316101, 0.6721487939357758, 0.6754254251718521, 0.6724871397018433, 0.6698028147220612, 0.6740073710680008, 0.6679605096578598, 0.6735152006149292, 0.6724669188261032, 0.6750639081001282, 0.673524871468544, 0.6733040511608124, 0.670649066567421, 0.6722768843173981, 0.6702364385128021, 0.6721180528402328, 0.6625880897045135, 0.6674016267061234, 0.6684775650501251, 0.6739292144775391, 0.663191482424736, 0.6727796494960785, 0.6657067090272903, 0.6778315603733063, 0.66866035759449, 0.6701117157936096, 0.6721104681491852, 0.6707740873098373, 0.6701993048191071, 0.6679240018129349, 0.6701812744140625, 0.6702379733324051, 0.6743341535329819, 0.6701311618089676, 0.6722032129764557, 0.6666951328516006, 0.6704622060060501, 0.6703509092330933, 0.6651750802993774, 0.6610015779733658, 0.6728167682886124, 0.6654768884181976, 0.6667699217796326, 0.6610932499170303, 0.6684349477291107, 0.6663917452096939, 0.6721730679273605, 0.6652670651674271, 0.6664973050355911, 0.6675105541944504, 0.6745369881391525, 0.6645406186580658, 0.6737591624259949, 0.6689911633729935, 0.6750195324420929, 0.6685811877250671, 0.6652615666389465, 0.6684654504060745, 0.6721490025520325, 0.6736568808555603, 0.6652758866548538, 0.6705905944108963, 0.6697337776422501, 0.6701627522706985, 0.662563368678093, 0.6664833724498749, 0.6674805283546448, 0.6725604683160782, 0.6680646389722824, 0.6697277575731277, 0.6740196943283081, 0.6678472608327866, 0.6703175604343414, 0.6737128794193268, 0.6678035855293274, 0.6670254170894623, 0.6651115119457245, 0.6715632677078247, 0.6729592382907867, 0.6654345393180847, 0.6734708249568939, 0.6646239012479782, 0.6738570779561996, 0.6714548915624619, 0.6689782291650772, 0.6675501614809036, 0.668860524892807, 0.6687657684087753, 0.6698925644159317, 0.6698987632989883, 0.663213238120079, 0.6686038970947266, 0.6682523041963577, 0.6631394177675247, 0.6629319787025452, 0.6744715720415115, 0.6713338941335678, 0.6685928553342819, 0.6637371182441711, 0.6672718524932861, 0.6710353195667267, 0.6638994961977005, 0.6696597337722778, 0.6711870729923248, 0.664026215672493, 0.6728722006082535, 0.6631264686584473, 0.6669231504201889, 0.6624848991632462, 0.6709161400794983, 0.666551873087883, 0.6637230962514877, 0.6697971373796463, 0.6598770916461945, 0.6687152087688446, 0.6736105382442474, 0.6616235077381134, 0.6685138940811157, 0.6649783849716187, 0.6664519309997559, 0.6687632948160172, 0.6669501513242722, 0.6635846942663193, 0.6641237586736679, 0.6643783003091812, 0.6751129180192947, 0.6634047478437424, 0.6678594797849655, 0.6666675209999084, 0.6678530126810074, 0.6627625674009323, 0.6696570813655853, 0.6658863425254822, 0.6724168658256531, 0.664127454161644, 0.6712567508220673, 0.6628362834453583, 0.6790278851985931, 0.6688893884420395, 0.6689537763595581, 0.6660822629928589, 0.671195775270462, 0.6796975284814835, 0.6646448224782944, 0.6723166853189468, 0.6659358888864517, 0.6625600010156631, 0.6700045019388199, 0.6656418591737747, 0.6680625677108765, 0.6641464382410049, 0.6673323661088943, 0.6725913435220718, 0.6674028187990189, 0.6674496978521347, 0.6592354029417038, 0.6625222116708755, 0.6683283746242523, 0.6650034785270691, 0.6645976305007935, 0.6734401285648346, 0.6613631993532181, 0.6693015843629837, 0.6756482124328613, 0.6714222580194473, 0.6717174202203751, 0.6690099984407425, 0.6678512096405029, 0.6629719138145447, 0.6705797910690308, 0.6648816615343094, 0.6610196083784103, 0.6699159741401672, 0.6753678172826767, 0.664841502904892, 0.6599723398685455, 0.6656196862459183, 0.6618872433900833, 0.6717357337474823, 0.6703663021326065, 0.6741494983434677, 0.6680631339550018, 0.669752687215805, 0.6667145490646362, 0.6675431430339813, 0.668363407254219, 0.6692334413528442, 0.6691889613866806, 0.6657567620277405, 0.6697173416614532, 0.665486216545105, 0.6573925912380219, 0.6729674935340881, 0.6566118001937866, 0.6666691303253174, 0.6740951836109161, 0.6710231304168701, 0.6641302406787872, 0.6737505048513412, 0.6642239689826965, 0.6702260226011276, 0.6738619655370712, 0.6705507338047028, 0.6561766564846039, 0.6672083139419556, 0.6697732210159302, 0.6732853800058365, 0.6749092936515808, 0.672626405954361, 0.6684274524450302, 0.6665031760931015, 0.6682229936122894, 0.6634550541639328, 0.6632937490940094, 0.659407839179039, 0.6631170362234116, 0.6755543053150177, 0.6615141928195953, 0.6760642379522324, 0.6653825789690018, 0.6794123351573944, 0.6587910354137421, 0.6721242666244507, 0.6619503796100616, 0.675901472568512, 0.6644134670495987, 0.6674990952014923, 0.6766300946474075, 0.6727582663297653, 0.6609914898872375, 0.671686440706253, 0.6640010625123978, 0.6658962219953537, 0.6666834950447083, 0.6658700704574585, 0.6728745698928833, 0.6690245121717453, 0.6714224815368652, 0.6692198067903519, 0.6626107394695282, 0.664973184466362, 0.6581797301769257, 0.6757211536169052, 0.669482871890068, 0.6631034016609192, 0.6713011562824249, 0.6673253029584885, 0.6656570881605148, 0.6703650057315826, 0.6703524887561798, 0.6750406473875046, 0.6683973073959351, 0.6774000823497772, 0.671180009841919, 0.663532942533493, 0.6701211482286453, 0.682197630405426, 0.6757876724004745, 0.6817763298749924, 0.6630664020776749, 0.6702660918235779, 0.6812174618244171, 0.6592360436916351, 0.6693987548351288, 0.6746303737163544, 0.6705127507448196, 0.6658716201782227, 0.6818478405475616, 0.6666422486305237, 0.6646609604358673, 0.6767044961452484, 0.6639506965875626, 0.6484010964632034, 0.6667294949293137, 0.6580523401498795, 0.660807192325592, 0.6754601895809174, 0.668199822306633, 0.664950504899025, 0.6707195192575455, 0.6754355728626251, 0.6612698435783386, 0.6624516397714615, 0.66852205991745, 0.6706820875406265, 0.6790719330310822, 0.6643294841051102, 0.6705773174762726, 0.6640913337469101, 0.6654325425624847, 0.6537525057792664, 0.6697122901678085, 0.6623331904411316, 0.6651664227247238, 0.6675719022750854, 0.6746167689561844, 0.6620558053255081, 0.6605425626039505, 0.6768707036972046, 0.6622403562068939, 0.6707263439893723, 0.672044962644577, 0.6660757809877396, 0.6631539165973663, 0.6709339767694473, 0.6669971346855164, 0.668176606297493, 0.6634038686752319, 0.667871356010437, 0.6745121031999588, 0.662925586104393, 0.6614370793104172, 0.6613538861274719, 0.6540832817554474, 0.6576001048088074, 0.6705531477928162, 0.6812849789857864, 0.6789521127939224, 0.6695411056280136, 0.6742551177740097, 0.6637179553508759, 0.6697861850261688, 0.6780090928077698, 0.6786753982305527, 0.6685670763254166, 0.6788990795612335, 0.6660025119781494, 0.6724337488412857, 0.6658648550510406, 0.6704483330249786, 0.6802552342414856, 0.6749640852212906, 0.6576784998178482, 0.6720736473798752, 0.6777654588222504, 0.6757370978593826, 0.6697231382131577, 0.6563728153705597, 0.663618803024292, 0.6564882844686508, 0.6577919125556946, 0.6693328619003296, 0.6654355674982071, 0.6728572845458984, 0.6754557490348816, 0.688367635011673, 0.6714385747909546, 0.6670045405626297, 0.664056271314621, 0.6506799906492233, 0.6689554154872894, 0.6783456802368164, 0.6939946115016937, 0.6715728044509888, 0.6843376904726028, 0.6883266717195511, 0.6693899184465408, 0.6755495220422745, 0.6610854119062424, 0.6884631663560867, 0.6663463860750198, 0.6619423478841782, 0.6752252876758575, 0.6585224866867065, 0.6637935638427734, 0.6580659747123718, 0.6857404708862305, 0.6688284575939178, 0.668038010597229, 0.6734460145235062, 0.6846847534179688, 0.6683510094881058, 0.6606894880533218]
Validation ROC AUC: 0.611864406779661
Validation Confusion Matrix: [[106, 12], [4, 1]]
Validation Precision: 0.07692307692307693
Validation Recall: 0.2
Validation F1 Score: 0.1111111111111111
Validation Accuracy: 0.8699186991869918
Test ROC AUC: 0.7230769230769231
Test Confusion Matrix: [[121, 19], [5, 8]]
Test Precision: 0.2962962962962963
Test Recall: 0.6153846153846154
Test F1 Score: 0.4
Test Accuracy: 0.8431372549019608
Validation Set Size: 123
Test Set Size: 153
