Enhancer: E23G7
Label: mm_v_all
Padding: True
Batch Size: 256
Learning Rate: 2e-06
Epochs: 1000
Subset: 1.0 (number of training samples: 49)
Weight Decay: 0.01
Optimizer: adam
Coverage: 3
Jiggle: 3
Confusion Matrix: [[1.0]]
Unnormalized Confusion Matrix: [[21]]
Number of Epochs: 1000
Train Losses: [0.7032715678215027, 0.7003617286682129, 0.7007887363433838, 0.7017103433609009, 0.6936220526695251, 0.6992461681365967, 0.7008526921272278, 0.6971067786216736, 0.7024673223495483, 0.7016070485115051, 0.6991499066352844, 0.6990875005722046, 0.6987743377685547, 0.7002465724945068, 0.6927591562271118, 0.6975917220115662, 0.6963750720024109, 0.6935346722602844, 0.6980164647102356, 0.6981458067893982, 0.6975575685501099, 0.6989747285842896, 0.7004937529563904, 0.6985435485839844, 0.6958941221237183, 0.6974744200706482, 0.69520503282547, 0.6926953196525574, 0.6961373686790466, 0.6935910582542419, 0.6945142149925232, 0.6949384808540344, 0.6974830627441406, 0.6948366761207581, 0.6949158906936646, 0.6956002712249756, 0.6892048716545105, 0.6959356069564819, 0.6967952251434326, 0.6932988166809082, 0.6915104985237122, 0.6932187676429749, 0.6938484311103821, 0.6933004856109619, 0.689504086971283, 0.6908726692199707, 0.6874117255210876, 0.6919469237327576, 0.6950628757476807, 0.693474292755127, 0.6915988326072693, 0.6920871138572693, 0.6915853023529053, 0.6892618536949158, 0.6937485933303833, 0.6908566355705261, 0.6886770725250244, 0.6937109231948853, 0.6890197992324829, 0.6938436627388, 0.6887281537055969, 0.6907607913017273, 0.6831721067428589, 0.6904937624931335, 0.6865561008453369, 0.684907853603363, 0.6866180300712585, 0.6899843811988831, 0.685248613357544, 0.688772976398468, 0.6869680881500244, 0.6849839687347412, 0.6881665587425232, 0.6879014372825623, 0.6883915066719055, 0.6869117617607117, 0.6891428828239441, 0.6859352588653564, 0.6859197616577148, 0.6832444071769714, 0.6820575594902039, 0.6847801208496094, 0.6838865876197815, 0.6850441694259644, 0.6876574754714966, 0.684139609336853, 0.6885530948638916, 0.6813084483146667, 0.6828572750091553, 0.681045651435852, 0.681182861328125, 0.6850430965423584, 0.680969774723053, 0.6817635297775269, 0.6781235933303833, 0.6802786588668823, 0.6822280883789062, 0.6785837411880493, 0.6807327270507812, 0.6818296909332275, 0.6800084114074707, 0.6784165501594543, 0.6830686926841736, 0.6796812415122986, 0.6775954961776733, 0.6759962439537048, 0.684069812297821, 0.6724780201911926, 0.6797231435775757, 0.6793160438537598, 0.6774237155914307, 0.6763021349906921, 0.6746695041656494, 0.6786898970603943, 0.6802971959114075, 0.6781110763549805, 0.6816704273223877, 0.6781336069107056, 0.6799242496490479, 0.6791521906852722, 0.6798489689826965, 0.6774240732192993, 0.6776391267776489, 0.6729421615600586, 0.675068736076355, 0.673597514629364, 0.676342248916626, 0.6766438484191895, 0.6777726411819458, 0.675349771976471, 0.6778126955032349, 0.6708175539970398, 0.6757444143295288, 0.675182580947876, 0.6742419600486755, 0.6731383800506592, 0.6733238101005554, 0.6735341548919678, 0.6705623269081116, 0.6735827326774597, 0.671724796295166, 0.6702611446380615, 0.6670043468475342, 0.6724569797515869, 0.6703911423683167, 0.6699528694152832, 0.6701882481575012, 0.6741496324539185, 0.6724704504013062, 0.6748126745223999, 0.6700287461280823, 0.6679527759552002, 0.6660172343254089, 0.6698979735374451, 0.6657902598381042, 0.6667710542678833, 0.6699844002723694, 0.6690328121185303, 0.6721057295799255, 0.6711077094078064, 0.6694756746292114, 0.6681602597236633, 0.6685484051704407, 0.6684046983718872, 0.6659248471260071, 0.6638054251670837, 0.6687155365943909, 0.6696528792381287, 0.6685274243354797, 0.6648076176643372, 0.6664307117462158, 0.6669777631759644, 0.6666303277015686, 0.660006582736969, 0.664594829082489, 0.6673586964607239, 0.6659810543060303, 0.6645954251289368, 0.6631976366043091, 0.6662814021110535, 0.6685384511947632, 0.6623954772949219, 0.6660476922988892, 0.6599166393280029, 0.6655728220939636, 0.666871964931488, 0.6643880605697632, 0.6609644889831543, 0.661401093006134, 0.6643458604812622, 0.6598467230796814, 0.6607992053031921, 0.6591629981994629, 0.6597224473953247, 0.6600431799888611, 0.6605014801025391, 0.6602278351783752, 0.6646963357925415, 0.6642634868621826, 0.6636554002761841, 0.661185085773468, 0.6601341962814331, 0.6661891937255859, 0.6567845344543457, 0.6586635112762451, 0.6584360599517822, 0.65843665599823, 0.6591148376464844, 0.6575016975402832, 0.6563460826873779, 0.6552749276161194, 0.6580745577812195, 0.658515214920044, 0.6576131582260132, 0.6517745852470398, 0.6559974551200867, 0.6585932970046997, 0.6598793268203735, 0.6598180532455444, 0.6615634560585022, 0.6537854671478271, 0.6605655550956726, 0.6600713133811951, 0.6550598740577698, 0.6561841368675232, 0.6581444144248962, 0.6526688933372498, 0.6541362404823303, 0.6558043956756592, 0.6553540825843811, 0.6582152843475342, 0.6541171669960022, 0.6506273746490479, 0.6551184058189392, 0.6557439565658569, 0.6523615717887878, 0.6533376574516296, 0.6537348628044128, 0.6489031910896301, 0.653705358505249, 0.6529299020767212, 0.6524714231491089, 0.6521454453468323, 0.6517250537872314, 0.6488103270530701, 0.6496167778968811, 0.648272693157196, 0.6510301828384399, 0.6513171195983887, 0.6471819877624512, 0.6488054394721985, 0.6486487984657288, 0.6484146118164062, 0.6551216244697571, 0.6481557488441467, 0.6467882990837097, 0.6555970311164856, 0.6495413184165955, 0.6537636518478394, 0.6541939377784729, 0.6470621824264526, 0.6499531269073486, 0.6477494835853577, 0.6472496390342712, 0.648566722869873, 0.6481336951255798, 0.6471332907676697, 0.6481415629386902, 0.6506240963935852, 0.6472804546356201, 0.64656001329422, 0.6440103054046631, 0.6468541026115417, 0.643629252910614, 0.6470787525177002, 0.6485076546669006, 0.6409503221511841, 0.6481326222419739, 0.6462903618812561, 0.6492922902107239, 0.6463892459869385, 0.6445985436439514, 0.6493939757347107, 0.6460901498794556, 0.6453317403793335, 0.6452766060829163, 0.6411055326461792, 0.6425907611846924, 0.646782398223877, 0.6381798386573792, 0.6403337717056274, 0.6484902501106262, 0.6451601386070251, 0.639370322227478, 0.6415675282478333, 0.6438308954238892, 0.639662504196167, 0.643993079662323, 0.6428844332695007, 0.6426199674606323, 0.6391088962554932, 0.6410158276557922, 0.6395291686058044, 0.6416062712669373, 0.6371328234672546, 0.6368448138237, 0.645418643951416, 0.6412833333015442, 0.6412849426269531, 0.6461648344993591, 0.6364601254463196, 0.6376127600669861, 0.6429908275604248, 0.6388106942176819, 0.635248601436615, 0.639943540096283, 0.6344208121299744, 0.6375213265419006, 0.6383535861968994, 0.6393976807594299, 0.6378277540206909, 0.6365142464637756, 0.6376085877418518, 0.6371715664863586, 0.6364776492118835, 0.6344779133796692, 0.6392063498497009, 0.632918655872345, 0.6363525986671448, 0.6377076506614685, 0.6397126317024231, 0.6318080425262451, 0.634005069732666, 0.6351755857467651, 0.6327177286148071, 0.6304857730865479, 0.6343684196472168, 0.6357046365737915, 0.6327817440032959, 0.6333479285240173, 0.6385043263435364, 0.6349391937255859, 0.6319200992584229, 0.6332888007164001, 0.629482090473175, 0.6275293827056885, 0.6319012641906738, 0.6283978819847107, 0.6325935125350952, 0.6310630440711975, 0.6310278177261353, 0.6321360468864441, 0.6291999816894531, 0.6335292458534241, 0.6337575912475586, 0.628535807132721, 0.6289476156234741, 0.6285327076911926, 0.638188898563385, 0.6278954148292542, 0.6314524412155151, 0.6281987428665161, 0.6279837489128113, 0.6259403228759766, 0.6329306960105896, 0.6282206773757935, 0.6222135424613953, 0.627581000328064, 0.6286872625350952, 0.6268212199211121, 0.6292493343353271, 0.6265358328819275, 0.6258769631385803, 0.6278323531150818, 0.6286385655403137, 0.6263859868049622, 0.627897322177887, 0.6272305846214294, 0.6247156262397766, 0.6257804036140442, 0.627117931842804, 0.6222478151321411, 0.6241633892059326, 0.6226478815078735, 0.6264275908470154, 0.6232337951660156, 0.6211771368980408, 0.627297580242157, 0.6268105506896973, 0.6224963665008545, 0.6222062706947327, 0.6244983077049255, 0.6248427629470825, 0.6247727274894714, 0.6212014555931091, 0.6244943141937256, 0.6225618124008179, 0.6177122592926025, 0.6218060851097107, 0.6239812970161438, 0.6224777102470398, 0.622920036315918, 0.6217188239097595, 0.6242791414260864, 0.6200591921806335, 0.6184492707252502, 0.6206610202789307, 0.6182519197463989, 0.6161946058273315, 0.6231572031974792, 0.6195253729820251, 0.6172162294387817, 0.6193709969520569, 0.6178989410400391, 0.6166244149208069, 0.6203665733337402, 0.6231560111045837, 0.618220329284668, 0.6150226593017578, 0.6197686195373535, 0.6210619211196899, 0.619063138961792, 0.6203502416610718, 0.6213063597679138, 0.6179007291793823, 0.6163710355758667, 0.6174488067626953, 0.6165516376495361, 0.6179362535476685, 0.6159260869026184, 0.6140286922454834, 0.6181826591491699, 0.6212671995162964, 0.6186724305152893, 0.61038738489151, 0.6170188784599304, 0.6183885931968689, 0.6184303760528564, 0.6138163208961487, 0.6099022626876831, 0.6125034689903259, 0.6139928102493286, 0.6167731881141663, 0.6087235808372498, 0.6123954057693481, 0.6095147132873535, 0.6088112592697144, 0.6129969954490662, 0.6120182871818542, 0.6128793358802795, 0.6130697131156921, 0.614467442035675, 0.6152623295783997, 0.6073216199874878, 0.6136580109596252, 0.6152464151382446, 0.6115532517433167, 0.6110213994979858, 0.6105102300643921, 0.609921395778656, 0.6119363903999329, 0.6130722165107727, 0.6101609468460083, 0.6141395568847656, 0.6079941987991333, 0.6052407026290894, 0.6108298897743225, 0.6078739762306213, 0.6126577854156494, 0.6108285784721375, 0.6095591187477112, 0.6084408760070801, 0.6081870198249817, 0.6100484132766724, 0.6100751161575317, 0.6081251502037048, 0.6073277592658997, 0.606570303440094, 0.6097261905670166, 0.6037124395370483, 0.6080559492111206, 0.6015394330024719, 0.6054884195327759, 0.6043886542320251, 0.6068482398986816, 0.6073547005653381, 0.607964813709259, 0.6098838448524475, 0.6058717966079712, 0.6027427911758423, 0.6030120253562927, 0.604477047920227, 0.6045553684234619, 0.6036997437477112, 0.6028609871864319, 0.6098641753196716, 0.6017074584960938, 0.6020757555961609, 0.6047337651252747, 0.6013733148574829, 0.6048684120178223, 0.6077486872673035, 0.6057066321372986, 0.602929413318634, 0.6017863750457764, 0.6032145023345947, 0.6052287220954895, 0.6012805700302124, 0.6011676788330078, 0.6005743145942688, 0.5977448225021362, 0.6010876893997192, 0.5980619192123413, 0.6023944616317749, 0.5999872088432312, 0.6026400923728943, 0.5994189977645874, 0.5984910130500793, 0.6023200750350952, 0.5990816354751587, 0.6007794737815857, 0.5976769328117371, 0.6008054614067078, 0.5959644317626953, 0.5988470315933228, 0.5990035533905029, 0.5976225137710571, 0.5987511873245239, 0.6015923619270325, 0.5989906191825867, 0.5937057137489319, 0.5970292091369629, 0.6022157073020935, 0.5925561189651489, 0.5929561853408813, 0.5948764085769653, 0.5951579809188843, 0.595567524433136, 0.5938385725021362, 0.5978778600692749, 0.5979935526847839, 0.5945238471031189, 0.5935213565826416, 0.5957943797111511, 0.5995445251464844, 0.5922824740409851, 0.5965602397918701, 0.5925053358078003, 0.5968047976493835, 0.5914862751960754, 0.5971286296844482, 0.6020470261573792, 0.5942364931106567, 0.5941910743713379, 0.593288779258728, 0.5910168290138245, 0.5911210179328918, 0.5901711583137512, 0.588039219379425, 0.5898131728172302, 0.5919173955917358, 0.5902169346809387, 0.592949390411377, 0.5937391519546509, 0.5930719971656799, 0.5890051126480103, 0.5921374559402466, 0.5906161665916443, 0.5915703177452087, 0.5891847014427185, 0.5900141596794128, 0.5937106609344482, 0.5931270122528076, 0.5949995517730713, 0.5886792540550232, 0.595032274723053, 0.5907018780708313, 0.5885721445083618, 0.589748740196228, 0.5900468230247498, 0.5892577171325684, 0.5895117521286011, 0.5877006649971008, 0.5906904935836792, 0.5815900564193726, 0.5876950025558472, 0.5859256386756897, 0.583210289478302, 0.5843794345855713, 0.5853212475776672, 0.5858760476112366, 0.5860217213630676, 0.5886021852493286, 0.5861417651176453, 0.5820120573043823, 0.5832176208496094, 0.583821713924408, 0.58417147397995, 0.5804399847984314, 0.5851336121559143, 0.588652491569519, 0.5870595574378967, 0.5808351635932922, 0.5890777707099915, 0.5880354046821594, 0.5855624079704285, 0.5851297974586487, 0.5878423452377319, 0.5851974487304688, 0.5842018723487854, 0.5824698805809021, 0.5794389247894287, 0.5809876918792725, 0.5823599696159363, 0.5817174911499023, 0.5822204351425171, 0.5775353312492371, 0.5855260491371155, 0.5766761302947998, 0.5823513865470886, 0.582511305809021, 0.5805562138557434, 0.5829925537109375, 0.5836802124977112, 0.581890344619751, 0.5805889368057251, 0.5791013836860657, 0.5807570219039917, 0.5852199196815491, 0.5795010924339294, 0.5794090032577515, 0.5786373019218445, 0.578298807144165, 0.5777936577796936, 0.5752658843994141, 0.5781185626983643, 0.5845965147018433, 0.5760788321495056, 0.5787851810455322, 0.5788625478744507, 0.5732225775718689, 0.5808468461036682, 0.577934980392456, 0.5820962190628052, 0.5752808451652527, 0.5747523903846741, 0.5763839483261108, 0.5742414593696594, 0.5773329138755798, 0.5788942575454712, 0.574442446231842, 0.5783065557479858, 0.5729956030845642, 0.5743288993835449, 0.5763128995895386, 0.5771499276161194, 0.574184238910675, 0.5731796622276306, 0.5766390562057495, 0.5738071203231812, 0.5732344388961792, 0.5766485333442688, 0.581398069858551, 0.57274329662323, 0.5717683434486389, 0.5735445618629456, 0.5715799331665039, 0.5708345770835876, 0.5746346116065979, 0.568437933921814, 0.5740212798118591, 0.5720613598823547, 0.5733331441879272, 0.5731584429740906, 0.5753915905952454, 0.5753780007362366, 0.5681834816932678, 0.5691978335380554, 0.5705767273902893, 0.5670293569564819, 0.5642388463020325, 0.5691320896148682, 0.5686032176017761, 0.5703827738761902, 0.5709697008132935, 0.5681127905845642, 0.5703793168067932, 0.5684765577316284, 0.5673243999481201, 0.5714355111122131, 0.5645597577095032, 0.5699817538261414, 0.5673484206199646, 0.5656715631484985, 0.5669947862625122, 0.5708702802658081, 0.5662059783935547, 0.5700586438179016, 0.5627919435501099, 0.5683441162109375, 0.5697211027145386, 0.5647503137588501, 0.5629634857177734, 0.5637643933296204, 0.5594112277030945, 0.5629743933677673, 0.5632733106613159, 0.5701666474342346, 0.5602719187736511, 0.5665907263755798, 0.5635634064674377, 0.5628839731216431, 0.5603758692741394, 0.5563183426856995, 0.570099949836731, 0.5631476640701294, 0.5622662305831909, 0.565822422504425, 0.5599344968795776, 0.5633605122566223, 0.5628836154937744, 0.5612749457359314, 0.5666236281394958, 0.5584403872489929, 0.5591456890106201, 0.562207043170929, 0.5615875124931335, 0.5629422664642334, 0.5656002759933472, 0.5626959800720215, 0.5622312426567078, 0.5622828006744385, 0.5532938838005066, 0.560512363910675, 0.5594198703765869, 0.5603132843971252, 0.5548641681671143, 0.5586773157119751, 0.55865079164505, 0.5624043345451355, 0.5603228807449341, 0.5616677403450012, 0.5606589913368225, 0.5597348213195801, 0.5560083985328674, 0.5566025376319885, 0.5549853444099426, 0.5577886700630188, 0.5552428960800171, 0.5522148013114929, 0.5616461038589478, 0.556653618812561, 0.5602719187736511, 0.5510995388031006, 0.5561172366142273, 0.5558958649635315, 0.5583338737487793, 0.5566827058792114, 0.5585393905639648, 0.5542361736297607, 0.5547056794166565, 0.5557344555854797, 0.5566846132278442, 0.55174720287323, 0.5566524863243103, 0.5543859601020813, 0.5543474555015564, 0.5551450848579407, 0.5541185140609741, 0.5535634756088257, 0.5530191659927368, 0.5549395084381104, 0.5472919344902039, 0.5545623898506165, 0.5530861020088196, 0.5523288249969482, 0.5504471659660339, 0.5550992488861084, 0.5503770709037781, 0.5496554374694824, 0.5500566363334656, 0.5510511994361877, 0.5476019978523254, 0.552929162979126, 0.5520264506340027, 0.5530192852020264, 0.5489344596862793, 0.5518710613250732, 0.5507827997207642, 0.5454584360122681, 0.5533532500267029, 0.5533941984176636, 0.546782374382019, 0.5481871962547302, 0.5525389313697815, 0.54603511095047, 0.5489405989646912, 0.5487776398658752, 0.5511370301246643, 0.5472127199172974, 0.5437332987785339, 0.5473617315292358, 0.5497531294822693, 0.5502050518989563, 0.5497292876243591, 0.5447614192962646, 0.5473036170005798, 0.5446768403053284, 0.5468495488166809, 0.5440921187400818, 0.5510647892951965, 0.5400727391242981, 0.5511809587478638, 0.5450699925422668, 0.545113205909729, 0.5463545322418213, 0.5444083213806152, 0.5411741733551025, 0.5429617762565613, 0.5475898385047913, 0.5409550666809082, 0.5452262163162231, 0.5429593920707703, 0.5461742281913757, 0.5497180819511414, 0.5443236827850342, 0.5430838465690613, 0.5440315008163452, 0.5441967844963074, 0.5413479208946228, 0.5421929955482483, 0.5385808348655701, 0.5419301986694336, 0.5455285310745239, 0.5424761176109314, 0.5395810604095459, 0.5396069288253784, 0.5436307191848755, 0.5384292602539062, 0.5390802621841431, 0.5381255745887756, 0.5410657525062561, 0.538439154624939, 0.5383093357086182, 0.5439480543136597, 0.5376202464103699, 0.5411766767501831, 0.5368914008140564, 0.5371651649475098, 0.5425658822059631, 0.5418345332145691, 0.5383834838867188, 0.5390055179595947, 0.5418089628219604, 0.5411785840988159, 0.5397361516952515, 0.5401021838188171, 0.5408684611320496, 0.5338765382766724, 0.5334686040878296, 0.5376797914505005, 0.5359920263290405, 0.5368321537971497, 0.5398609042167664, 0.5394375324249268, 0.5386182069778442, 0.535491406917572, 0.5347129702568054, 0.5322924256324768, 0.5335373878479004, 0.5356516242027283, 0.5357532501220703, 0.5306785106658936, 0.5335515141487122, 0.5325227379798889, 0.5343216061592102, 0.5371971726417542, 0.5333778262138367, 0.5381615161895752, 0.5285512208938599, 0.5331741571426392, 0.5281813144683838, 0.5325261354446411, 0.5351280570030212, 0.5316974520683289, 0.5320602655410767, 0.5324579477310181, 0.5281882882118225, 0.5308041572570801, 0.5345889925956726, 0.5374454855918884, 0.532501220703125, 0.5318875312805176, 0.5316845178604126, 0.5334582328796387, 0.5268824696540833, 0.5290693640708923, 0.530242383480072, 0.5346128940582275, 0.5285341739654541, 0.5285805463790894, 0.5275015234947205, 0.5321000814437866, 0.5302504897117615, 0.5241535902023315, 0.5346900820732117, 0.5307546257972717, 0.5295605063438416, 0.5283761024475098, 0.5272693037986755, 0.5285162925720215, 0.5306800603866577, 0.5256837010383606, 0.5308688879013062, 0.5280404686927795, 0.5247126817703247, 0.5282443761825562, 0.5262982845306396, 0.5212488770484924, 0.522021472454071, 0.5274823307991028, 0.5264109969139099, 0.5263277292251587, 0.5310922861099243, 0.5256750583648682, 0.5268560647964478, 0.5217608213424683, 0.5205780863761902, 0.5303893685340881, 0.5247668623924255, 0.5229896306991577, 0.5223453044891357, 0.5230177640914917, 0.5267614126205444, 0.52659672498703, 0.5245598554611206, 0.5228877663612366, 0.5220808982849121, 0.5176082253456116, 0.5260100364685059, 0.5225579142570496, 0.5216905474662781, 0.523683488368988, 0.5232534408569336, 0.5193458199501038, 0.5241988301277161, 0.518162727355957, 0.521811842918396, 0.523213267326355, 0.522612988948822, 0.5211496353149414, 0.5188067555427551, 0.52072674036026, 0.5197857022285461, 0.522615373134613, 0.522029459476471, 0.5189874768257141, 0.5199577808380127, 0.517903745174408, 0.515655517578125, 0.5215697884559631, 0.5268025994300842, 0.5195359587669373, 0.5202291011810303, 0.5192018151283264, 0.519014298915863, 0.520097553730011, 0.5220299959182739, 0.5112538933753967, 0.5202550292015076, 0.5182048082351685, 0.5207633972167969, 0.5157292485237122, 0.5187161564826965, 0.5170117020606995, 0.5139224529266357, 0.5167597532272339, 0.5172811150550842, 0.5126152634620667, 0.5181853771209717, 0.5136282444000244, 0.5167842507362366, 0.5153928399085999, 0.5207192897796631, 0.516974687576294, 0.513931393623352, 0.5149806141853333, 0.5197296142578125, 0.515716016292572, 0.5127335786819458, 0.5164515972137451, 0.5178083777427673, 0.5144598484039307, 0.5132799744606018, 0.5131699442863464, 0.5191537141799927, 0.5159881114959717, 0.5113568305969238, 0.5120014548301697, 0.5154702067375183]
Validation Losses: [0.7087355256080627, 0.7117658257484436, 0.7142894268035889, 0.7163751721382141, 0.7188374400138855, 0.7209628224372864, 0.722533643245697, 0.7236049175262451, 0.7248040437698364, 0.725655734539032, 0.7263239026069641, 0.7265958189964294, 0.7263015508651733, 0.7257444858551025, 0.7256062626838684, 0.7250583171844482, 0.7251112461090088, 0.724213182926178, 0.7234302163124084, 0.722423255443573, 0.7222768664360046, 0.720826268196106, 0.7200700640678406, 0.7199043035507202, 0.7201172709465027, 0.7202261686325073, 0.7199447154998779, 0.7191351652145386, 0.7203034162521362, 0.7207106351852417, 0.7204590439796448, 0.7206676006317139, 0.7211253643035889, 0.721831738948822, 0.7223092913627625, 0.721547544002533, 0.7211742997169495, 0.7215850949287415, 0.7210094928741455, 0.7204325795173645, 0.7198375463485718, 0.719434380531311, 0.7175095677375793, 0.7165560126304626, 0.7153621912002563, 0.7152926325798035, 0.7142290472984314, 0.7125729322433472, 0.7115763425827026, 0.7085400819778442, 0.7083695530891418, 0.7076696157455444, 0.7057815194129944, 0.7064266800880432, 0.7036292552947998, 0.7024254202842712, 0.7022398710250854, 0.6997168660163879, 0.6998012065887451, 0.6984360218048096, 0.6962664723396301, 0.6960084438323975, 0.6949936151504517, 0.6941784620285034, 0.6927233934402466, 0.6917012333869934, 0.6908649802207947, 0.6908690929412842, 0.6895579099655151, 0.6889843344688416, 0.6879103779792786, 0.6882978677749634, 0.6879335641860962, 0.6862584948539734, 0.6866398453712463, 0.6856738924980164, 0.6859691143035889, 0.6849101185798645, 0.685151219367981, 0.6855858564376831, 0.6841539144515991, 0.6844132542610168, 0.6846426725387573, 0.6841895580291748, 0.6826604604721069, 0.6837860941886902, 0.682316243648529, 0.6826959252357483, 0.6819320321083069, 0.682116687297821, 0.6804332137107849, 0.681690514087677, 0.6799948811531067, 0.6804975867271423, 0.6802621483802795, 0.6799435019493103, 0.6789921522140503, 0.6793119311332703, 0.6781283617019653, 0.6788008213043213, 0.6791703104972839, 0.6788461208343506, 0.6780164241790771, 0.6777101755142212, 0.677890419960022, 0.6778846383094788, 0.6774340867996216, 0.6771873831748962, 0.6767613291740417, 0.6763045191764832, 0.6765261292457581, 0.676421046257019, 0.6764234900474548, 0.6756822466850281, 0.6756627559661865, 0.6757671236991882, 0.6760333180427551, 0.6752541661262512, 0.6752199530601501, 0.6745128035545349, 0.6743653416633606, 0.6738645434379578, 0.6734129190444946, 0.6739686727523804, 0.6730501651763916, 0.6737179160118103, 0.6743637323379517, 0.6736419200897217, 0.6725576519966125, 0.672417938709259, 0.672326385974884, 0.6727670431137085, 0.6719006299972534, 0.6719591021537781, 0.6724690198898315, 0.6710330843925476, 0.6706364750862122, 0.6710456609725952, 0.6711126565933228, 0.6710070371627808, 0.6702232956886292, 0.6699898838996887, 0.6701512932777405, 0.6693438291549683, 0.6696793437004089, 0.669443666934967, 0.6690918207168579, 0.6691566705703735, 0.668842077255249, 0.6683550477027893, 0.668735921382904, 0.6674109101295471, 0.6681550145149231, 0.6673814058303833, 0.6677924990653992, 0.6666878461837769, 0.6665209531784058, 0.6676877737045288, 0.6666070222854614, 0.6676191091537476, 0.6665710806846619, 0.66584712266922, 0.6666868925094604, 0.6664561033248901, 0.6666380167007446, 0.6657179594039917, 0.665948212146759, 0.6652964353561401, 0.665170431137085, 0.6651583909988403, 0.6641284227371216, 0.6647155284881592, 0.6640140414237976, 0.6645391583442688, 0.6637007594108582, 0.6637134552001953, 0.6640264987945557, 0.663205623626709, 0.6629438400268555, 0.6630266904830933, 0.6630371809005737, 0.6624086499214172, 0.6618642210960388, 0.6620607376098633, 0.6613198518753052, 0.6619445085525513, 0.6614229083061218, 0.6618354320526123, 0.6617252230644226, 0.6610345840454102, 0.6615306735038757, 0.661075234413147, 0.6596107482910156, 0.6601969003677368, 0.6607638597488403, 0.6596896648406982, 0.659529983997345, 0.6602247953414917, 0.6592851877212524, 0.6586249470710754, 0.6589562892913818, 0.6584482192993164, 0.6584861278533936, 0.6588393449783325, 0.6582838892936707, 0.6588846445083618, 0.6574284434318542, 0.6571699380874634, 0.6567821502685547, 0.6571031808853149, 0.6572222113609314, 0.6568660736083984, 0.65567946434021, 0.6564752459526062, 0.6557102203369141, 0.6558353304862976, 0.6561529636383057, 0.6546548008918762, 0.6558539271354675, 0.6553128957748413, 0.6559455394744873, 0.6548448801040649, 0.6556587219238281, 0.6544210314750671, 0.6540927886962891, 0.6537797451019287, 0.6537497639656067, 0.6533026099205017, 0.6524345874786377, 0.6531518697738647, 0.6530579328536987, 0.6533218622207642, 0.6528562307357788, 0.6521026492118835, 0.6525148153305054, 0.6519154906272888, 0.6519215703010559, 0.6519012451171875, 0.6520580649375916, 0.6517879366874695, 0.6507581472396851, 0.6502076983451843, 0.6505436897277832, 0.650861918926239, 0.6506413221359253, 0.6500471830368042, 0.6500281691551208, 0.6497418880462646, 0.6493407487869263, 0.6494199633598328, 0.6496422290802002, 0.6492297649383545, 0.649810791015625, 0.6482105255126953, 0.6487404704093933, 0.6486620306968689, 0.648184597492218, 0.6479448080062866, 0.6482135653495789, 0.6480163931846619, 0.6480701565742493, 0.6476508378982544, 0.6468750238418579, 0.6471180319786072, 0.6465304493904114, 0.6467803120613098, 0.6466030478477478, 0.6460154056549072, 0.6463750004768372, 0.6455062031745911, 0.6459636688232422, 0.6453254222869873, 0.6450340747833252, 0.6455764770507812, 0.6445688009262085, 0.6446526646614075, 0.6446784734725952, 0.6440965533256531, 0.643986701965332, 0.6442975401878357, 0.643771767616272, 0.6433742642402649, 0.6435149312019348, 0.6433467268943787, 0.6428347826004028, 0.6428722143173218, 0.6426105499267578, 0.642126202583313, 0.642525315284729, 0.642146110534668, 0.6416565775871277, 0.6411015391349792, 0.6414512395858765, 0.6412606239318848, 0.6414591073989868, 0.6413326263427734, 0.6402257084846497, 0.6407741904258728, 0.6408839225769043, 0.640846848487854, 0.6405391097068787, 0.6400147676467896, 0.6394151449203491, 0.6396352648735046, 0.6389135718345642, 0.6390595436096191, 0.6388674974441528, 0.6387202739715576, 0.638875424861908, 0.6380684971809387, 0.6384403705596924, 0.6380327939987183, 0.6384731531143188, 0.6374018788337708, 0.63750159740448, 0.6372854113578796, 0.6370394825935364, 0.6370546221733093, 0.636857271194458, 0.6363837122917175, 0.636579155921936, 0.6357221603393555, 0.6358854174613953, 0.6361191272735596, 0.6350780725479126, 0.6353459358215332, 0.6352212429046631, 0.634465217590332, 0.6350154876708984, 0.6344336271286011, 0.6340516209602356, 0.6346524357795715, 0.6335946321487427, 0.6341686248779297, 0.633460521697998, 0.6343338489532471, 0.6336607933044434, 0.6334819197654724, 0.63314288854599, 0.6321942806243896, 0.6324788928031921, 0.6325503587722778, 0.6321508884429932, 0.6318625211715698, 0.6319607496261597, 0.6318476796150208, 0.6314929127693176, 0.6311683654785156, 0.6318548321723938, 0.6308620572090149, 0.6304709315299988, 0.6306443214416504, 0.6302363872528076, 0.6302364468574524, 0.6299908757209778, 0.6302242279052734, 0.6302517652511597, 0.6299875974655151, 0.6291572451591492, 0.6291165351867676, 0.6293016672134399, 0.6292892694473267, 0.6290542483329773, 0.6279647350311279, 0.6278632283210754, 0.6279887557029724, 0.6278313994407654, 0.6278390884399414, 0.6271576881408691, 0.6274823546409607, 0.6270602941513062, 0.6266624331474304, 0.6266769766807556, 0.6264506578445435, 0.6260440349578857, 0.6259350180625916, 0.625893235206604, 0.6257328391075134, 0.6249500513076782, 0.6250384449958801, 0.6254466772079468, 0.6254688501358032, 0.6250903606414795, 0.6242568492889404, 0.6250695586204529, 0.6242197751998901, 0.6244878768920898, 0.6235058903694153, 0.6241452693939209, 0.6237263083457947, 0.6234533786773682, 0.6236316561698914, 0.6227849125862122, 0.6228184700012207, 0.6227797865867615, 0.6225351691246033, 0.6222171187400818, 0.6221215724945068, 0.6219755411148071, 0.6219865083694458, 0.6220102310180664, 0.6213793754577637, 0.620503306388855, 0.6211470365524292, 0.6211676597595215, 0.6204246282577515, 0.6200346350669861, 0.6201906204223633, 0.620261549949646, 0.6197513937950134, 0.6194577217102051, 0.6198594570159912, 0.6192996501922607, 0.6194754838943481, 0.6188961863517761, 0.6189417243003845, 0.6183115243911743, 0.6186112761497498, 0.6183638572692871, 0.6180779337882996, 0.6182968020439148, 0.6173781156539917, 0.6175084114074707, 0.6169612407684326, 0.6180592775344849, 0.6169123649597168, 0.6176491975784302, 0.6164237856864929, 0.6164147853851318, 0.6157134175300598, 0.6161863207817078, 0.6162936687469482, 0.6157715916633606, 0.615146279335022, 0.6153773665428162, 0.6148225665092468, 0.6150950193405151, 0.6146566867828369, 0.6142940521240234, 0.6141388416290283, 0.6139814257621765, 0.6141467094421387, 0.613689661026001, 0.6141210794448853, 0.6138895153999329, 0.6133244037628174, 0.6127457618713379, 0.6127627491950989, 0.6127884984016418, 0.6127363443374634, 0.6127846240997314, 0.6123707890510559, 0.611951470375061, 0.6119909286499023, 0.6115436553955078, 0.6118537187576294, 0.6112454533576965, 0.6114996671676636, 0.6104328036308289, 0.6104867458343506, 0.6107406616210938, 0.6103092432022095, 0.6095563173294067, 0.6099827885627747, 0.6100873947143555, 0.6101793646812439, 0.6097792387008667, 0.6093476414680481, 0.6090532541275024, 0.6095148324966431, 0.6083383560180664, 0.6090111136436462, 0.608168363571167, 0.60793536901474, 0.6078090071678162, 0.6075384020805359, 0.6077982187271118, 0.6074716448783875, 0.607592761516571, 0.6079009175300598, 0.6067859530448914, 0.607151985168457, 0.6063925623893738, 0.6066093444824219, 0.6063278317451477, 0.6061604022979736, 0.6056568026542664, 0.6057760715484619, 0.6057149767875671, 0.6042977571487427, 0.6048886179924011, 0.6044082641601562, 0.6044419407844543, 0.6045731902122498, 0.6041247844696045, 0.6040292978286743, 0.6035344004631042, 0.6037542223930359, 0.6035535931587219, 0.6033302545547485, 0.6033706068992615, 0.6026024222373962, 0.6025705337524414, 0.6024512052536011, 0.6025069355964661, 0.6018826365470886, 0.6018694639205933, 0.6021618247032166, 0.6018719673156738, 0.6014622449874878, 0.6010299921035767, 0.6005170345306396, 0.6009314060211182, 0.6009442210197449, 0.6005574464797974, 0.6003429293632507, 0.5998477339744568, 0.5996920466423035, 0.5998586416244507, 0.5993185043334961, 0.5994810461997986, 0.5990804433822632, 0.5992515683174133, 0.5987398028373718, 0.5983174443244934, 0.5982363224029541, 0.5984951853752136, 0.5980273485183716, 0.597822368144989, 0.5970565676689148, 0.5978196263313293, 0.5975002646446228, 0.5973609089851379, 0.5969095230102539, 0.5964831113815308, 0.5960131883621216, 0.5970710515975952, 0.5961673855781555, 0.5968086123466492, 0.5952085256576538, 0.5956947207450867, 0.5956586003303528, 0.5952803492546082, 0.5956858992576599, 0.5949747562408447, 0.59501713514328, 0.5947407484054565, 0.5948644876480103, 0.5947967767715454, 0.5939120054244995, 0.5934251546859741, 0.5933031439781189, 0.5941256284713745, 0.5928214192390442, 0.5922229290008545, 0.5927479863166809, 0.5923184156417847, 0.5921705961227417, 0.5920337438583374, 0.5921674966812134, 0.5918084383010864, 0.5913494825363159, 0.5914545059204102, 0.5916457176208496, 0.5907248258590698, 0.5906940698623657, 0.5906850695610046, 0.5904242992401123, 0.5900630950927734, 0.5903269648551941, 0.589958906173706, 0.5897024273872375, 0.5894808173179626, 0.5892357230186462, 0.5888564586639404, 0.5888746976852417, 0.5883917212486267, 0.5885990262031555, 0.58781498670578, 0.5881297588348389, 0.5879806280136108, 0.5881196856498718, 0.5869483351707458, 0.5870798826217651, 0.5869249701499939, 0.5868056416511536, 0.5864044427871704, 0.5865013599395752, 0.5863842964172363, 0.5865478515625, 0.5857810974121094, 0.5854622721672058, 0.5855696797370911, 0.5853794813156128, 0.5850309133529663, 0.584681510925293, 0.5846207737922668, 0.5850000381469727, 0.5842556357383728, 0.5843054056167603, 0.5833965539932251, 0.5844089388847351, 0.5836662650108337, 0.5835020542144775, 0.5836246013641357, 0.5827645063400269, 0.5832452774047852, 0.5824304819107056, 0.5826003551483154, 0.5828440189361572, 0.5819827318191528, 0.5823705196380615, 0.5816240310668945, 0.5813962817192078, 0.5815768241882324, 0.5810563564300537, 0.5811492800712585, 0.5810375213623047, 0.5808162689208984, 0.5802696943283081, 0.5801821947097778, 0.5803739428520203, 0.5795812606811523, 0.5794702768325806, 0.5790562033653259, 0.5795943140983582, 0.5793834924697876, 0.5792019963264465, 0.5785681009292603, 0.5782344937324524, 0.5782778859138489, 0.5779356360435486, 0.577980637550354, 0.5780245661735535, 0.5777699947357178, 0.5780405402183533, 0.5774966478347778, 0.5767915844917297, 0.5767220854759216, 0.5771066546440125, 0.5766043066978455, 0.5762805342674255, 0.5760971307754517, 0.5765292644500732, 0.5754400491714478, 0.575417160987854, 0.5749271512031555, 0.5747795104980469, 0.575657308101654, 0.5753137469291687, 0.5746097564697266, 0.574539065361023, 0.5732666254043579, 0.5743876695632935, 0.5739682912826538, 0.5733600854873657, 0.5740240812301636, 0.5734543800354004, 0.5732409358024597, 0.5730153918266296, 0.5730466246604919, 0.5728524327278137, 0.5718511343002319, 0.5726990699768066, 0.5722695589065552, 0.5712251663208008, 0.5713050961494446, 0.5713326334953308, 0.5713563561439514, 0.5717763900756836, 0.5710667371749878, 0.5702981948852539, 0.5706747174263, 0.5707792639732361, 0.5705917477607727, 0.5700633525848389, 0.5691727995872498, 0.5697401762008667, 0.5694767236709595, 0.5693129897117615, 0.5690191984176636, 0.56920325756073, 0.5688658952713013, 0.5690600872039795, 0.5689451694488525, 0.5681760907173157, 0.5676710605621338, 0.5683048367500305, 0.5679833889007568, 0.5677920579910278, 0.5678359866142273, 0.5670199990272522, 0.5664123296737671, 0.5668253302574158, 0.5667787790298462, 0.5662890672683716, 0.5654608607292175, 0.5658062100410461, 0.5651592016220093, 0.5660759806632996, 0.5655784606933594, 0.5646352767944336, 0.5649780035018921, 0.5648818612098694, 0.5646356344223022, 0.5646129250526428, 0.5644099116325378, 0.5639327168464661, 0.5642134547233582, 0.5639029741287231, 0.5633754134178162, 0.5631034970283508, 0.5623154640197754, 0.5626975297927856, 0.5632070899009705, 0.5622435808181763, 0.5625853538513184, 0.5620051622390747, 0.5619211196899414, 0.5619059801101685, 0.5621265769004822, 0.5609034299850464, 0.5614880919456482, 0.561232328414917, 0.5610874891281128, 0.5605666041374207, 0.5604363083839417, 0.5609193444252014, 0.5610035061836243, 0.5600491166114807, 0.5605332255363464, 0.5599628686904907, 0.5594709515571594, 0.5597252249717712, 0.5591011047363281, 0.5585576891899109, 0.5593200922012329, 0.5581105351448059, 0.5580581426620483, 0.5584790706634521, 0.5579488277435303, 0.5587310791015625, 0.5577214956283569, 0.5575389862060547, 0.5570505261421204, 0.5565824508666992, 0.5565604567527771, 0.556495189666748, 0.5568383932113647, 0.5564780235290527, 0.5559267401695251, 0.5558127760887146, 0.5551568269729614, 0.5552575588226318, 0.5546817779541016, 0.555320680141449, 0.5551703572273254, 0.5551575422286987, 0.5547633171081543, 0.5545666217803955, 0.5540623664855957, 0.5543918609619141, 0.5535526871681213, 0.5539464354515076, 0.5534294247627258, 0.5529122352600098, 0.552830159664154, 0.552725076675415, 0.5528392791748047, 0.5527235269546509, 0.5526022911071777, 0.5525565147399902, 0.5520274639129639, 0.5520362854003906, 0.5519658327102661, 0.5524755120277405, 0.5513128042221069, 0.5506793856620789, 0.5515831708908081, 0.5514640212059021, 0.551037073135376, 0.5505920052528381, 0.5498220324516296, 0.5505796074867249, 0.5499601364135742, 0.5496971607208252, 0.5492792129516602, 0.5501167178153992, 0.5492632389068604, 0.5491885542869568, 0.5488705039024353, 0.5487856864929199, 0.5481416583061218, 0.5487541556358337, 0.5486503839492798, 0.5479468703269958, 0.547973096370697, 0.5483684539794922, 0.547575831413269, 0.5472649931907654, 0.547395646572113, 0.5468720197677612, 0.5472657084465027, 0.5464327931404114, 0.5463574528694153, 0.5472080111503601, 0.5458457469940186, 0.5460480451583862, 0.5466381907463074, 0.5457608103752136, 0.5452492833137512, 0.5449280738830566, 0.5452755689620972, 0.5443695187568665, 0.5452053546905518, 0.5446364879608154, 0.5438458919525146, 0.5435602068901062, 0.5443059206008911, 0.5433024764060974, 0.5434789061546326, 0.5437227487564087, 0.5433089137077332, 0.5434073209762573, 0.5428547263145447, 0.5427307486534119, 0.5424426198005676, 0.5417410135269165, 0.5427424907684326, 0.5417838096618652, 0.5412216186523438, 0.5416352152824402, 0.5408074855804443, 0.5415602326393127, 0.5407260656356812, 0.5408934354782104, 0.5401827692985535, 0.540757954120636, 0.5411115884780884, 0.5398648381233215, 0.5400136113166809, 0.5400503277778625, 0.5401989221572876, 0.53949373960495, 0.538651168346405, 0.5385993123054504, 0.5390238165855408, 0.539016604423523, 0.5384601354598999, 0.5384129881858826, 0.5372744202613831, 0.5380793809890747, 0.5380076169967651, 0.5370461344718933, 0.5367928743362427, 0.5368120074272156, 0.5367578864097595, 0.5372288227081299, 0.5365210771560669, 0.536765992641449, 0.5367372035980225, 0.5365520119667053, 0.5357447266578674, 0.5356274247169495, 0.535794734954834, 0.5347265601158142, 0.5350860953330994, 0.535393476486206, 0.5347251892089844, 0.5350765585899353, 0.5338935256004333, 0.5342878699302673, 0.5330696105957031, 0.5335649847984314, 0.5338795781135559, 0.5341951251029968, 0.5341434478759766, 0.5323657989501953, 0.5328395366668701, 0.5323377251625061, 0.5320780277252197, 0.5324256420135498, 0.532115638256073, 0.5315680503845215, 0.5311792492866516, 0.5316908359527588, 0.5317709445953369, 0.5312885046005249, 0.5300567150115967, 0.5312700271606445, 0.5297903418540955, 0.5306680798530579, 0.5311099886894226, 0.5304954648017883, 0.5298101305961609, 0.5293235182762146, 0.5301399827003479, 0.5291885733604431, 0.5292149186134338, 0.52921462059021, 0.5288812518119812, 0.528631329536438, 0.5276731252670288, 0.5292970538139343, 0.5288654565811157, 0.5282754302024841, 0.5279453992843628, 0.5275853276252747, 0.5282248258590698, 0.5276347994804382, 0.5266557931900024, 0.5269297957420349, 0.5275706052780151, 0.5264157652854919, 0.5262942910194397, 0.5271366238594055, 0.5267568230628967, 0.5261280536651611, 0.5248262286186218, 0.5255855917930603, 0.5261420011520386, 0.5257174372673035, 0.5257030725479126, 0.5247509479522705, 0.5241996049880981, 0.5245290994644165, 0.5243123769760132, 0.5247736573219299, 0.5243369936943054, 0.5235344171524048, 0.5234380960464478, 0.523469090461731, 0.5234478116035461, 0.5235083103179932, 0.5237828493118286, 0.5227259397506714, 0.5228549242019653, 0.5218021869659424, 0.5218513011932373, 0.5220915675163269, 0.5214632749557495, 0.5212423801422119, 0.5207039713859558, 0.5216859579086304, 0.5212486982345581, 0.5215174555778503, 0.5206655859947205, 0.5208252668380737, 0.5198556184768677, 0.5204707384109497, 0.5203657150268555, 0.5197257995605469, 0.5201952457427979, 0.5196638107299805, 0.5193316340446472, 0.5193321704864502, 0.5188581347465515, 0.5188263058662415, 0.5181449055671692, 0.5185724496841431, 0.5179047584533691, 0.5178625583648682, 0.5183889269828796, 0.5182546377182007, 0.5172627568244934, 0.518456220626831, 0.5166280269622803, 0.5165864825248718, 0.5165919661521912, 0.5163914561271667, 0.5164031982421875, 0.5168637633323669, 0.5167176723480225, 0.5165119171142578, 0.5157653093338013, 0.5149659514427185, 0.5143733024597168, 0.5148327946662903, 0.5158047676086426, 0.5141281485557556, 0.5149827003479004, 0.5144618153572083, 0.51453697681427, 0.514385461807251, 0.5135970711708069, 0.5137795805931091, 0.5131163001060486, 0.5141574144363403, 0.5133811235427856, 0.5130876898765564, 0.5130985379219055, 0.5130215883255005, 0.5114113688468933, 0.5129491090774536, 0.5116285085678101, 0.5112330913543701, 0.5110993981361389, 0.5119099020957947, 0.5108699798583984, 0.5118712186813354]
