Enhancer: E22P1B925
Label: mm_v_all
Padding: True
Batch Size: 256
Learning Rate: 2e-06
Epochs: 1000
Subset: 1.0 (number of training samples: 17094)
Weight Decay: 0.01
Optimizer: adam
Coverage: 3
Jiggle: 3
Confusion Matrix: [[0.9880952380952381, 0.011904761904761904], [0.25, 0.75]]
Unnormalized Confusion Matrix: [[5229, 63], [14, 42]]
Number of Epochs: 953
Train Losses: [0.6983510487115205, 0.6973990210846289, 0.696545646261813, 0.6943838267184016, 0.6929612302068454, 0.6925399516945454, 0.69158722215624, 0.6921000872085343, 0.6910753944026891, 0.6911996540738575, 0.6900107068801994, 0.6897638804876982, 0.6889582454268612, 0.6881350892693249, 0.6881656326464752, 0.6879840671126523, 0.6879313774962923, 0.6869153211365885, 0.6873812470863114, 0.6867396342220591, 0.686078298447737, 0.6851927433440934, 0.6850277327779514, 0.6842762614364055, 0.6836043498409328, 0.6829629718367733, 0.6821021437644958, 0.6819127940419895, 0.6811950518124139, 0.6805560757864767, 0.6797811682544538, 0.678840751968213, 0.6782344544111792, 0.6769607663154602, 0.676178096835293, 0.6748684938274213, 0.6738172849612449, 0.6722014617564073, 0.6716782486260827, 0.6698756947446225, 0.6687078182377032, 0.6673011450625178, 0.6653557651078523, 0.6638117503764024, 0.6618407279697817, 0.6598674263527144, 0.6578378259246029, 0.6553555486807182, 0.6531371358615249, 0.6506267599205473, 0.6483631258580222, 0.6453143242579787, 0.6422505592232319, 0.6391002811602692, 0.6356595300916416, 0.6320248593145342, 0.6280842289995792, 0.6245861551654872, 0.620915370200997, 0.6159982245359847, 0.6122102434955426, 0.6078873677040214, 0.6043961448455925, 0.5978982377408156, 0.5937749796838903, 0.5881648010282374, 0.5831763059345644, 0.5781754922510972, 0.5718860617324487, 0.5672318490583506, 0.561664140936154, 0.5578105867798648, 0.5523436985798736, 0.5454221403420861, 0.5419538359143841, 0.5360901569252583, 0.5299772976049736, 0.5254994470681718, 0.5205083169154266, 0.51414236737721, 0.5094687702940471, 0.5036941686672951, 0.498497838849452, 0.49437455454869056, 0.48950193755662263, 0.48251087496529765, 0.478184789863985, 0.47340087614842313, 0.4695684184778982, 0.4641888364037471, 0.4614135476190652, 0.45363260071669054, 0.4499978351948866, 0.44813936281560074, 0.44153586608260426, 0.4395015511050153, 0.43363864564183935, 0.4298315902254475, 0.4256082866618882, 0.42084333967806686, 0.4166927181962711, 0.41390947752924107, 0.40879163635310845, 0.4050095495003373, 0.4014214406262583, 0.3987285699417342, 0.3940472656221532, 0.3916543210620311, 0.38859606901211524, 0.38433899897248, 0.38253679916040223, 0.37901582602244704, 0.37545122628781336, 0.3739621145511741, 0.3703151803408096, 0.3687225482357082, 0.3634199215405023, 0.3614452961665481, 0.3580719192526234, 0.35576887095152443, 0.3514109049270402, 0.3489927129069371, 0.3441003752288534, 0.3411874232897118, 0.33759542854864205, 0.33633977975418317, 0.3330664385610552, 0.3357867976622795, 0.3280935794559877, 0.32829048562405716, 0.3241899645150597, 0.32161883275900316, 0.31706056310169733, 0.31758454575467465, 0.3173529683653988, 0.311555774354223, 0.30908049620799166, 0.3098423521020519, 0.30314607851540865, 0.29981631885713605, 0.300001574096395, 0.3002281433610774, 0.29425338800273726, 0.29136955960473016, 0.28883299276010316, 0.2919487072460687, 0.28473086121366986, 0.2851872679902546, 0.28019891189995094, 0.2786990288478225, 0.2785249038863538, 0.2746335701711142, 0.2688135753816633, 0.27126558636551473, 0.26276724463078516, 0.265703027595335, 0.26325319507228795, 0.26327818409720466, 0.25944494867502754, 0.2562509797402282, 0.25591897586388374, 0.2513313222287306, 0.24880470379964628, 0.24853691747829096, 0.24527158109999414, 0.24210155632958483, 0.24263744345351831, 0.2395070226334814, 0.23569734861601643, 0.2342045055841332, 0.2359723301965799, 0.22976491945003397, 0.2305454029076135, 0.22675032201987594, 0.22282765961405057, 0.2234143563615742, 0.22430854413046766, 0.21791518090376213, 0.2145363637315693, 0.2153922626331671, 0.21550854417815138, 0.21189508086709835, 0.2119918561248637, 0.20478808590725286, 0.205146923661232, 0.20163934199667688, 0.20024575671153283, 0.19867133026692405, 0.19457451954706392, 0.1948633919011301, 0.1936217023810344, 0.19128552857619613, 0.18866392035982502, 0.18736821012710458, 0.18574770306473348, 0.18265238960287464, 0.18337295504648293, 0.1800674700470113, 0.17771893028003066, 0.1734302041690741, 0.17211019258890578, 0.1687416921355831, 0.1694566478480154, 0.16694510961646464, 0.16329916088438745, 0.1639926885046176, 0.15899133170718577, 0.16032855924385697, 0.1558507809888071, 0.1569289905366613, 0.15388012666310838, 0.15083047213839063, 0.14956350913688318, 0.1451921126068528, 0.14330673529140986, 0.14008352883271316, 0.1420572813767106, 0.13953646150097918, 0.1383999579433185, 0.13564747038172253, 0.13343185786880665, 0.13307037226744553, 0.1299306415577433, 0.12668522024777398, 0.12759129158151683, 0.12358914994036974, 0.12344998577192648, 0.12121496594219065, 0.11858809016533751, 0.11960706859827042, 0.11741772193962069, 0.1161812702888873, 0.11599196549226988, 0.11281535463101829, 0.11192048129750722, 0.1122182530920897, 0.1124115703043653, 0.10863966683843243, 0.10378222256454069, 0.10658062649751777, 0.10214735000435986, 0.10200674631702367, 0.10167231132735068, 0.09940166193157879, 0.09994941349349805, 0.09820143300205914, 0.09642667868244115, 0.09645671197282735, 0.09401306031800027, 0.0949221511385334, 0.09344900421687026, 0.0905662992996956, 0.09141114065006598, 0.091509288705107, 0.09084696411641675, 0.08723925687928698, 0.08767349817859593, 0.08485429511586232, 0.0847416993842196, 0.08456345981181558, 0.08342695625415489, 0.08219570866716441, 0.08249002806286314, 0.07900268250881735, 0.08038948859963845, 0.0791244152099339, 0.07964799608757246, 0.07767664630021621, 0.07512670583022174, 0.07685304488708723, 0.07587443736951742, 0.07386535172587011, 0.07606865838170052, 0.07442567008199977, 0.07075586748212132, 0.07465166948846917, 0.07156346271287149, 0.06965268620136958, 0.06909894776433262, 0.07079085062688856, 0.06934586645507101, 0.06833541771369193, 0.0666555444807259, 0.0656114434128377, 0.06556039392503339, 0.06299387752564985, 0.06358039373559739, 0.06548280079862964, 0.06411605100355931, 0.06366178265480853, 0.06352197378873825, 0.06433097767963339, 0.06122636950727719, 0.059040596680854686, 0.0617372485350317, 0.05873256638201315, 0.058856963332909254, 0.0577902828357113, 0.061094975126768224, 0.05879067963183816, 0.056435664754305316, 0.05969875161327533, 0.05589874894983733, 0.055078612334692655, 0.05697619053187655, 0.05634926898933169, 0.05572036309028739, 0.05506786442737081, 0.052592548138614914, 0.05298761439634793, 0.05198170767346425, 0.0527402159215799, 0.052754633573453814, 0.05022915519440352, 0.051542362281635626, 0.04933372173291534, 0.050638077363594255, 0.05075357242751477, 0.05033036938576556, 0.04944748670529964, 0.04739207479713568, 0.048606387381233386, 0.05054662854813818, 0.046030662842650914, 0.05092830605693718, 0.047387526996100125, 0.0484319139661184, 0.04824851264259709, 0.04586258958747138, 0.045172624512394864, 0.046799253060746546, 0.04681499152263598, 0.04495119581471628, 0.04621189760405626, 0.04522284048039522, 0.0445506203252433, 0.043120328253552095, 0.04514741830861391, 0.04302556665419643, 0.04539202036919879, 0.04259936578238188, 0.04401294611839216, 0.04445152259918291, 0.042655738765624035, 0.04255319297758501, 0.041711136587520146, 0.04140891120838585, 0.039976976255872355, 0.04111578604623453, 0.04249708746462615, 0.04231114121181751, 0.041241790626698464, 0.04032621396455302, 0.040810662808258145, 0.03966789934506167, 0.03971603129114678, 0.039595988342788685, 0.03974512222209083, 0.04073491912168353, 0.039500206180695274, 0.03824016385114015, 0.037102339177656526, 0.036500470101166124, 0.038282046316942174, 0.037627003558758476, 0.037325237001945726, 0.0365996357164721, 0.03704897914804629, 0.03655368515026214, 0.03759375915153703, 0.03396256407027814, 0.03816823953234438, 0.03584294699466051, 0.0344847675357292, 0.03531046320142141, 0.03539002828522405, 0.03411999133540623, 0.03554997468061412, 0.03456398755756777, 0.03444769614334427, 0.035368352377815035, 0.034230612802194124, 0.0336785970895148, 0.03347715793816901, 0.032616485188256446, 0.033035548292656446, 0.033582452712441556, 0.033382853493094444, 0.03353548961788861, 0.032015725136248036, 0.03346089582278657, 0.03211185005284957, 0.0330857162766937, 0.03271710330537006, 0.03176343263085209, 0.03077062375065106, 0.03348698514277366, 0.03182217603855168, 0.03263738773651977, 0.031684319502604544, 0.030426805755540506, 0.03127410791035908, 0.03193299085902634, 0.0325308404584874, 0.0314712254747526, 0.030181510735358765, 0.031042366302502688, 0.030901781158215964, 0.03058101934617135, 0.02944358777421624, 0.030932382305166616, 0.03014614413589684, 0.028581978085992943, 0.028656670545686536, 0.028586937948616584, 0.029285328963132046, 0.030100907268586444, 0.030549379204636188, 0.029183569739558803, 0.029647067467223353, 0.027052323320018713, 0.029229452889134633, 0.028169211083606108, 0.028859231593226318, 0.02870627122917282, 0.028059873521439176, 0.02874223596013304, 0.02775944056295192, 0.028786205950735222, 0.02658861316740513, 0.027298378911036165, 0.028826759099515518, 0.027366871320044818, 0.02823239755330246, 0.02806273194502539, 0.027880748011060615, 0.027026691293316103, 0.026601804726159396, 0.027490839556749188, 0.02777909794683332, 0.025662029412255358, 0.028046705245749273, 0.028930680826306343, 0.025840916239948414, 0.025734385141908234, 0.027031827523414768, 0.027095369535929233, 0.02541229284521359, 0.027593714615969517, 0.024186323424662228, 0.02561390894784856, 0.026812039093295142, 0.0255145346884852, 0.026744279440547993, 0.02639047604109814, 0.026708035771526507, 0.025103115851976977, 0.024779100930179234, 0.026360637883641826, 0.026467732807148748, 0.026517283769129818, 0.024853447021277092, 0.0248752960851833, 0.024610888393623614, 0.02330257061090487, 0.02442657580571388, 0.023346084114442122, 0.025915945852314357, 0.024916503119713336, 0.022699165713987245, 0.02424131014120223, 0.025503498849584097, 0.024006969976558615, 0.022671629271622914, 0.02499312511297749, 0.02408774577970825, 0.024405827217582447, 0.02352313512463623, 0.022933725378851393, 0.02363020519434071, 0.023028948566695646, 0.02312154100457234, 0.02443730055507439, 0.024307835749837, 0.024370647508150607, 0.02265750358242597, 0.024559066756002938, 0.023834465113259963, 0.02201791136845279, 0.02283034787805223, 0.02338453799263755, 0.022772076706499306, 0.022348866241970168, 0.02360195965408834, 0.021919339019527185, 0.023412125741145505, 0.02170157856516429, 0.021008726209402084, 0.022646217565260716, 0.02221328316173002, 0.021900756506999925, 0.021973828812922116, 0.023205132682376832, 0.02265183733247999, 0.02027031868251402, 0.021502314816548754, 0.022095364129254176, 0.020560173804301824, 0.021720022102122875, 0.021437612251003286, 0.021338412357466436, 0.02241775311474035, 0.0216857233404446, 0.02225710181936399, 0.020948453014021488, 0.022014577025130613, 0.020987099523086156, 0.022653230674453635, 0.020867757207310912, 0.022598373870462624, 0.0207931364733559, 0.02019988359021607, 0.02051881023807757, 0.020724939112899018, 0.02068183988110343, 0.02050980197182342, 0.021126407810222746, 0.02118189849737865, 0.021082756373642098, 0.019784771628789048, 0.02039090243738089, 0.020938162733592204, 0.020914997349479304, 0.020223758739433183, 0.02051941397141165, 0.020393241113468782, 0.01912552682655071, 0.018728540459675574, 0.020312799599522084, 0.020638261476893034, 0.020090282839069617, 0.020088984964610035, 0.019948101797099434, 0.01953241124804785, 0.019938989820431418, 0.020338338257661508, 0.020407688623266435, 0.01977925530787724, 0.01954475061884567, 0.01996744393523949, 0.01765726178662101, 0.019414982313651647, 0.020037235636542094, 0.01763970937246262, 0.019475984915312546, 0.01953892773990311, 0.019066298561198496, 0.01900722856508262, 0.019927416844710485, 0.01843336462251731, 0.018599408789913157, 0.018658101127774857, 0.019157015788021373, 0.017817025017271292, 0.01943274968262039, 0.019626738044864207, 0.019040737189908525, 0.019276011721300546, 0.018151473170563356, 0.0183974770106264, 0.017787602563291344, 0.01789504489791927, 0.017775170088036737, 0.018481046197685733, 0.019730093305124277, 0.01727575069265579, 0.018666156859540227, 0.01769486700754557, 0.017537221646130974, 0.017920460510276147, 0.01760021663868605, 0.01915975974233293, 0.01851634595042734, 0.018654540625970755, 0.018979887005442113, 0.017148983678710993, 0.018554067392069013, 0.01753788221794278, 0.016276661223217623, 0.018539525457282564, 0.01730421204953941, 0.01865990799087197, 0.017628032519523777, 0.017391728112168277, 0.017173561239754085, 0.017617959459659768, 0.01869593988826026, 0.01704888051347946, 0.01810560432443423, 0.018002952810432484, 0.018388269441341285, 0.01765081857734207, 0.01701313918873445, 0.017157272282821028, 0.018162402741388597, 0.017581959032634303, 0.01666618647304044, 0.01716200070483471, 0.017763539523219886, 0.016159760863033692, 0.01697750888598054, 0.0177968281752138, 0.016716824900080907, 0.016217477591847305, 0.017097166558699823, 0.01707929371397442, 0.01597362380029995, 0.01679218435354197, 0.017838937091404824, 0.016305961590538275, 0.017528627206807704, 0.01627822351683654, 0.016938786467175875, 0.01580213307778337, 0.016261697524407908, 0.017283980679044974, 0.016976060623775668, 0.015330794865070885, 0.017486840681131207, 0.016070519421082823, 0.01667987350930474, 0.01604585072943079, 0.015950886880172724, 0.016375832280505504, 0.015891902829840113, 0.015685981792856508, 0.01584437178142035, 0.017312619737835964, 0.01713137638602239, 0.01605213255579792, 0.015851304574466464, 0.015326311353093652, 0.01620494303251825, 0.014833704596246356, 0.01688091726556643, 0.01581196928980635, 0.01469212675939745, 0.01643285739110477, 0.016872198821337364, 0.015523900778324747, 0.01530417990384262, 0.015314417196187511, 0.015619100057589473, 0.015806108129335875, 0.015396897722758464, 0.015474877181226638, 0.015245738897973033, 0.01580980905234369, 0.01589738423310554, 0.01628704327367135, 0.015164032675770682, 0.015753492601771852, 0.01507609836590379, 0.01472113007651781, 0.015180269416088044, 0.015973046324702343, 0.014975739893183779, 0.01544310003102048, 0.016528293142901426, 0.015170139802703217, 0.015284725770687879, 0.01513252779841423, 0.014411315780633422, 0.015414200903875614, 0.016153178066571256, 0.015474529408696872, 0.014167079715920029, 0.01471706490908096, 0.014799539117948778, 0.01509498378067319, 0.01498493618929564, 0.014179186895489693, 0.015193707226261274, 0.015613726090028215, 0.015372523329040008, 0.014760874906805024, 0.014918240565639822, 0.013882346597236039, 0.014400192244506595, 0.014593398226286048, 0.015195999030413023, 0.014783373144246749, 0.013934949405991765, 0.013967350069711457, 0.014613774695447576, 0.014866179758821851, 0.015170908553887214, 0.014628196079561959, 0.0148644091617038, 0.014152654884522086, 0.014030508849936636, 0.013569649712029678, 0.015108838760808332, 0.013524638148330485, 0.014338317563507095, 0.01406891113703153, 0.014247395821026902, 0.014441144124451858, 0.015592670846563666, 0.014248356932023568, 0.013400911311827489, 0.014303642457156485, 0.013816642491563932, 0.014019106306246858, 0.013517302050908555, 0.013259635682203877, 0.013951173976564141, 0.014064874138627479, 0.013109939784478785, 0.013427867908586763, 0.014149194951655704, 0.013242205827316242, 0.013959173224310376, 0.014598630424310912, 0.013890176372074368, 0.013348218957101232, 0.013377296453369643, 0.013810909297595273, 0.01385239079427808, 0.012871227498207963, 0.01434784757890808, 0.013513507085171208, 0.013759593812943394, 0.013221702837287935, 0.01361388618599123, 0.015357116313734607, 0.01336848537034508, 0.013322848062128273, 0.01367976472004136, 0.014449650574642332, 0.014011814940109182, 0.013152651141272552, 0.013214136696239906, 0.013906981587521176, 0.014157502925885258, 0.013450733955893943, 0.013749312366178231, 0.014895138435010145, 0.014150712729445588, 0.013812138177732478, 0.013635885866998291, 0.01427030147039401, 0.013935451291557124, 0.014301166730696585, 0.014755519558745088, 0.013741170869333975, 0.01373946699383321, 0.013355461519155929, 0.013818677653794858, 0.01258649639507283, 0.012346062538172328, 0.013563269645031264, 0.013210280784475269, 0.014313352878080375, 0.013309981945012487, 0.01413856303569541, 0.012054394075730399, 0.013992326327168675, 0.013079685569087516, 0.013280211030436096, 0.01380374012236942, 0.012806603073406576, 0.013469923940945917, 0.01355256993017757, 0.013752932556029131, 0.01295045004295769, 0.014015892506646576, 0.014007148381545027, 0.013006807506473652, 0.012723311559477849, 0.013664744467710826, 0.014101843321834928, 0.013665313179145998, 0.013739638822848227, 0.013045031327142645, 0.013524195492100804, 0.012838061885046425, 0.012932347432612928, 0.013189438480272223, 0.013150401920803002, 0.01363051948207083, 0.012900583501627197, 0.01375834325523074, 0.013051461609108235, 0.013071892901198633, 0.013393389005491982, 0.013168353302432085, 0.012274583676524127, 0.01228469811074102, 0.013152611024900158, 0.013116943629097138, 0.013151206368052247, 0.013011377513297458, 0.011882846869194686, 0.012403337159819568, 0.013549724857864985, 0.01310860819475197, 0.012750543716516512, 0.012415882332055872, 0.013078295660497093, 0.012429351501389225, 0.012745519960994151, 0.011352580888613836, 0.012201292009384775, 0.0131959468126297, 0.0137335519278561, 0.013732239235637348, 0.013521247897853158, 0.012716802295797797, 0.012112759957229024, 0.012993191688585638, 0.012060228088842844, 0.012488332570099564, 0.012114534356089226, 0.013499926720092545, 0.011814636004560473, 0.013465074106439281, 0.011710838129771734, 0.012487212362796513, 0.012737650410341682, 0.013153250760106898, 0.012451154777585571, 0.011926792360453018, 0.01286819164377095, 0.012871341168213247, 0.012906547246584252, 0.011839678031461897, 0.012269694066203353, 0.011851349150511756, 0.012634675685705534, 0.013647682804947913, 0.011922879693612679, 0.012026503279026764, 0.012891537794815515, 0.012673320373826062, 0.013045597675520538, 0.013824068107155722, 0.011532164463745569, 0.0118916485069403, 0.012608693453914193, 0.01274060993107842, 0.011537195544745495, 0.011707362232368384, 0.01321852052195081, 0.011422094847284146, 0.012498452154391292, 0.012123082041629214, 0.011913996148131677, 0.0113369606768907, 0.012389125552640032, 0.013675279505272855, 0.012046418743513858, 0.012499359811642278, 0.012846896494391248, 0.011963232851295328, 0.012986472453366019, 0.012060703452565331, 0.012918262318499497, 0.0130182119962106, 0.012594179285050773, 0.01215863560062291, 0.014287625272661003, 0.013124365665352166, 0.012216535640129847, 0.011400895221019858, 0.012107801971150868, 0.01239389511965104, 0.011782266929356465, 0.012400902029293687, 0.012641261053730302, 0.012043959683557945, 0.01251160217198863, 0.012715420762160376, 0.012268460098542829, 0.01113128199923172, 0.013064782385394644, 0.012204893294777443, 0.011456515028405546, 0.01186589907799194, 0.012974884722437432, 0.011164612831798062, 0.013216820177135628, 0.011812565820430642, 0.011782460825156365, 0.012091452679805346, 0.011953013893494855, 0.0129459638551656, 0.011302193675412615, 0.011785939655530809, 0.01107627949190896, 0.011021400294475146, 0.01215036633883172, 0.012440971932860452, 0.012278220247922104, 0.012054122386694843, 0.011773540534134676, 0.011662433438225468, 0.013286552378045978, 0.011469945089140935, 0.01220913690778969, 0.012013145861452195, 0.01216785390096814, 0.01184037057404865, 0.011873499650174557, 0.012136372953041721, 0.010878492911248955, 0.011762810766752532, 0.011864713837962542, 0.01158528604697603, 0.012319314515968757, 0.012709452311939267, 0.011147649513918962, 0.01148242078749324, 0.011940803705478337, 0.012308945177373156, 0.011702708281409829, 0.010589080459591168, 0.01052588400250273, 0.011138559715238526, 0.011061149419966474, 0.01186198106647205, 0.011567753538100132, 0.012291293042197601, 0.01169609819858599, 0.011060839477203675, 0.012907864567615203, 0.011347049715192015, 0.011909012126722443, 0.011643362572110856, 0.01166599371762418, 0.010837719553330941, 0.011248083687873918, 0.011400929971862196, 0.011835551014475858, 0.01103799507967127, 0.010612973262236189, 0.010673711138930338, 0.01123375611018334, 0.010946312912308903, 0.011534498483220587, 0.012977160346596989, 0.010964698804570223, 0.011005894426923634]
Validation Losses: [0.6977585308692035, 0.6964280254700604, 0.6951901562073651, 0.6931051296346328, 0.6927812379949233, 0.6934559485491585, 0.6917842942125657, 0.6913793893421397, 0.6909869558670941, 0.690108621821684, 0.6892570993479561, 0.6887271825005027, 0.6889943024691414, 0.6876287109711591, 0.6875545838299919, 0.687097100650563, 0.6861863276537727, 0.6865042342859156, 0.6853816614431494, 0.6849794317694271, 0.6847555742544287, 0.683896962334128, 0.6835703043376699, 0.6834497101166669, 0.682072236257441, 0.6821689430405112, 0.6808601722997778, 0.6795407954384299, 0.6797948970514185, 0.6787575237891253, 0.6781189476742464, 0.6767977896858665, 0.6758972932310665, 0.6750201653031742, 0.6742876662927515, 0.6724818313823027, 0.6719655079000136, 0.670549701241886, 0.6689648172434639, 0.6674003460827995, 0.6663094829110539, 0.6640768226455239, 0.6624365834628835, 0.6604083460919997, 0.6587145118152394, 0.6565383322098676, 0.6546079761841718, 0.6522559558644014, 0.6494293002521291, 0.6475394508417915, 0.6437902345376856, 0.6406313391292796, 0.6374101007685942, 0.633845750023337, 0.6313437433803782, 0.6272497597862693, 0.6228006762616775, 0.6188480257987976, 0.6145467127070707, 0.6099487788536969, 0.6042280547759112, 0.6019810473217684, 0.5956092617091011, 0.5903310214771944, 0.5839536190032959, 0.5792126340024611, 0.573776364326477, 0.5673111642108244, 0.5605959120918723, 0.5549517063533559, 0.5505718694013708, 0.5447724812171039, 0.5390339669059304, 0.531439854818232, 0.5259787545484655, 0.5225603685659521, 0.5136808893259834, 0.5073960914331324, 0.502398397992639, 0.49600353311089906, 0.4890526252634385, 0.48441144473412456, 0.47806711757884307, 0.47210051908212547, 0.4660125550101785, 0.46094466833507314, 0.455602451282389, 0.4519249235882479, 0.4448561580742107, 0.4400769962983973, 0.43232088053927703, 0.42817055477815513, 0.4253139671157388, 0.419306160772548, 0.4121239010025473, 0.40864578240058, 0.404091733343461, 0.39912287277333874, 0.393235255690182, 0.3892655635581297, 0.3864344130544102, 0.3803665585377637, 0.37893368917353015, 0.3735586369738859, 0.36836905689800487, 0.3659518588991726, 0.36170054358594556, 0.3560536679099588, 0.3552295372766607, 0.35039665769128236, 0.34785108531222625, 0.3435969598153058, 0.3399384039289811, 0.3360925141502829, 0.332822124747669, 0.33029644103611216, 0.32787420995095196, 0.32361441324738893, 0.3184300906517926, 0.31893850074094887, 0.31488929250661063, 0.3088052044896519, 0.3078060641008265, 0.3047199845314026, 0.2993255853652954, 0.2996213541311376, 0.2947676024016212, 0.29262157924035015, 0.2899870802374447, 0.2859228025464451, 0.28206105442608104, 0.2812035241547753, 0.2770482441958259, 0.27428704324890585, 0.2737501263618469, 0.2699864594375386, 0.2711712314802058, 0.2615373292390038, 0.2618798403178944, 0.2575669244808309, 0.257411390542984, 0.2575840914950651, 0.2510256784803727, 0.24932862292317784, 0.246297126307207, 0.24596907636698553, 0.24044346458771648, 0.23977208312819986, 0.23577283936388352, 0.2371362088357701, 0.23206125638064215, 0.22980164605028489, 0.22492696257198558, 0.22696981798200047, 0.2256890132146723, 0.22242035409983466, 0.21721046724740198, 0.21846925160464117, 0.2150136898545658, 0.21301780115155614, 0.21305322734748616, 0.20948924036586986, 0.208033726495855, 0.2067680043332717, 0.2054258067818249, 0.19833277954774745, 0.20039000756600323, 0.19724012297742508, 0.19835434328107274, 0.19373677846263437, 0.19546509402639725, 0.19014477291527918, 0.189630645162919, 0.19046767055988312, 0.18672400888274698, 0.184856257017921, 0.184992575470139, 0.1807037600699593, 0.18189139576519237, 0.17839041089310365, 0.1838062502005521, 0.17890545901130228, 0.17256853159736185, 0.17848112565629623, 0.1735204370582805, 0.17551054235766916, 0.1710336182047339, 0.16995634927469142, 0.16746261540581198, 0.1682535576469758, 0.16916430960683262, 0.16901163143270156, 0.16611566263086655, 0.16414105892181396, 0.1643807414700003, 0.16346206910469951, 0.16331110807026133, 0.16258786355747895, 0.1582758531850927, 0.1630461268565234, 0.15965804019395044, 0.15767147611169255, 0.16064521757995381, 0.15952529539080226, 0.15831221640110016, 0.1537458624909906, 0.15654814944547765, 0.1568282641032163, 0.15819161955048056, 0.15532927039791555, 0.1558082541998695, 0.1513687573811587, 0.1515486915321911, 0.15062794089317322, 0.14889653202365427, 0.15286809644278357, 0.14816371833576875, 0.15349596037584193, 0.1459665447473526, 0.1473368301111109, 0.14629449739175684, 0.14529743702972636, 0.14287018162362716, 0.14562475681304932, 0.14043679219834945, 0.1397805161335889, 0.13431095857830608, 0.14006323674145868, 0.1371357230579152, 0.1379179060459137, 0.13786855865927303, 0.1367964762098649, 0.13698986128849142, 0.13730019506286173, 0.13418415495577982, 0.13206927040044, 0.13532355603049784, 0.1365236271830166, 0.1324368575040032, 0.1301682530080571, 0.12873491206589868, 0.1318059388329001, 0.12733915141400168, 0.12563174612381878, 0.1258516929605428, 0.1271666332202799, 0.1260506537030725, 0.1219174844377181, 0.1261739481021376, 0.12296900635256487, 0.1222158100675134, 0.12101867532028872, 0.1205397037898793, 0.11749340812949573, 0.11633199584834716, 0.12067052283707787, 0.1171455913606812, 0.113106687717578, 0.11637706966961131, 0.11313838117262896, 0.1175334278274985, 0.11659634113311768, 0.11201575266964295, 0.10769761879654492, 0.11136839977082084, 0.11280721250702352, 0.11126707801047493, 0.10699704903013565, 0.11026563363916733, 0.11012585242004956, 0.10900290485690622, 0.11142179457580342, 0.11094304875415914, 0.10754774116417941, 0.09874535965568879, 0.108331078553901, 0.10340504611239713, 0.10505051121992223, 0.10478914309950436, 0.1075951890910373, 0.10168128153857063, 0.10303348039879519, 0.09819319756592021, 0.10117136292597827, 0.10264471436248106, 0.09794676391517415, 0.0966528058052063, 0.09912892518674626, 0.0986196806325632, 0.10266560973489985, 0.09779497981071472, 0.09899112976649228, 0.10035769115476047, 0.09706370225724052, 0.09818567598567289, 0.09215463434948641, 0.09885696891476126, 0.09516849850907046, 0.09600370727917727, 0.0974902843727785, 0.09552121732164831, 0.09598130425986122, 0.09656922475380056, 0.0977781923378215, 0.09811805363963633, 0.09015162332969553, 0.09086744224323946, 0.09266714707893484, 0.09729987514369628, 0.08938348030342776, 0.09452918522498187, 0.09043378821190666, 0.0928357992978657, 0.08633161686799105, 0.09323935692801195, 0.08949198047904407, 0.0909420115982785, 0.0974698312142316, 0.09211026745684006, 0.08830770280431299, 0.08257519935860354, 0.09100973255494062, 0.09180649501435897, 0.08929623882560168, 0.09148240220897338, 0.08481189959189471, 0.09213507745195837, 0.09414805252762402, 0.08567223128150492, 0.09059899256509893, 0.0890666325302685, 0.08507852738394457, 0.08960393115001566, 0.08798300694016849, 0.08582681198330487, 0.09181946340729208, 0.085248305078815, 0.09085777708712746, 0.08702857529415804, 0.0927982978961047, 0.08195981164188947, 0.08841473915997673, 0.09426804500467637, 0.08688408311675577, 0.08072551076903063, 0.08892141896135666, 0.08653248232953689, 0.0838173005510779, 0.08036003042669858, 0.08557754492058474, 0.08567061888820984, 0.08327490880208857, 0.08678566138533984, 0.08395727197913562, 0.08405284539741628, 0.07512158089700867, 0.07844653550316305, 0.08519659016062231, 0.0783712039975559, 0.08085422393153696, 0.0800150181440746, 0.08362120170803632, 0.0759669522590497, 0.08458990998127881, 0.08509433576289345, 0.08270303116125219, 0.08473816207226585, 0.08793982381329817, 0.07924473723944496, 0.08295899498112061, 0.07418107767315472, 0.08248995332156911, 0.08817722648382187, 0.08020576221101425, 0.0753922107465127, 0.07207495719194412, 0.08820833441089182, 0.08127023235839956, 0.07433254797669019, 0.07189796886899892, 0.0759437241974999, 0.07464402015594875, 0.0764032269225401, 0.07722052756477804, 0.07959482205264709, 0.07994249200119692, 0.07974291702403742, 0.08017147025641273, 0.07695047075257581, 0.07063460328123149, 0.07784579299828585, 0.07925961561062757, 0.08210981418104733, 0.07858201379285139, 0.07935936091577306, 0.08306635740925283, 0.07233456390745499, 0.08121003166717641, 0.0817148010520374, 0.07050534863682355, 0.07213671176749117, 0.07510070283623303, 0.08088222847265356, 0.08411242023986928, 0.0771111407700707, 0.07168280201799729, 0.07236672631081413, 0.07407605954829384, 0.08202067455824684, 0.07562754829140271, 0.08361148045343511, 0.06668894869439743, 0.07367943972349167, 0.08256455949124168, 0.07485119691666435, 0.08032277708544451, 0.07754432300434393, 0.0717205652857528, 0.07733354673666112, 0.08117143108564265, 0.07116677173796822, 0.07811674125054303, 0.07344115328262835, 0.07729319833657321, 0.0787350421442705, 0.0772285347475725, 0.07216057181358337, 0.07789629785453572, 0.07388589837971855, 0.07048425626228838, 0.06996340611401726, 0.07877906718674828, 0.0738439435029731, 0.07170158580822103, 0.07783490550868652, 0.08169202769503874, 0.06670265316086657, 0.07733986263766009, 0.07564942297690055, 0.06761009224197444, 0.07845983259818133, 0.07661914693958619, 0.08149161233621485, 0.07619861075106789, 0.06857702026472372, 0.08014521791654475, 0.06814280283801696, 0.08526249405215769, 0.07191809157238287, 0.07891389902900248, 0.07620052598855075, 0.07223225910873975, 0.07076505856478915, 0.08255799640627469, 0.07604908899349325, 0.07622430363998693, 0.0776338046964477, 0.06582340904894997, 0.08564892148270327, 0.08335672055973727, 0.07080831181477099, 0.07498395092347089, 0.06970844724599053, 0.06674565703553312, 0.06913173286353841, 0.07599893256145365, 0.07335366023813977, 0.07579219122143353, 0.07302537735770731, 0.06704248553689789, 0.07832078131682732, 0.07481090198544894, 0.07520345970988274, 0.07315287563730688, 0.06949697588296498, 0.07570927108035368, 0.07483997174045619, 0.06950193687396891, 0.07589851473184193, 0.07581797417472391, 0.07414197658791262, 0.06558492034673691, 0.08465031797395033, 0.07488113707479309, 0.07230889095979579, 0.07523559691274867, 0.08041796657968969, 0.06629589660202756, 0.07188241096103892, 0.06640518456697464, 0.07681187023134793, 0.0699085615137044, 0.07340840600869235, 0.07024272684665288, 0.0753855093875352, 0.0755700545714182, 0.07334136371226872, 0.07213502771714154, 0.07514186663662686, 0.07391675079570097, 0.06945351292105283, 0.07166305907508906, 0.07174445557243683, 0.07895603206227808, 0.06656469273216584, 0.0705807333921685, 0.08293765783309937, 0.06749357348855804, 0.0716501360430437, 0.073033786871854, 0.07786796066690893, 0.07273948017288656, 0.07309381992501371, 0.06750642113825854, 0.06986561286098816, 0.07398196485112696, 0.06919043686460047, 0.07624141696621389, 0.08279198802569333, 0.08001846381846596, 0.06963157434673871, 0.06858010217547417, 0.06640487536787987, 0.07350089269525864, 0.07482474998516195, 0.07200911772601745, 0.07426843397757586, 0.07706988734357498, 0.07452224720926846, 0.07215079709010966, 0.07208811842343386, 0.06813702557016821, 0.07216709063333623, 0.06203097302247496, 0.0725484431228217, 0.07273265105836532, 0.06869436778566416, 0.07076048105955124, 0.06872218430918806, 0.07077947587651365, 0.06867980058578883, 0.06445109603159568, 0.06560777478358325, 0.07448072950629626, 0.07089115920312264, 0.06402012223706526, 0.06828794365420061, 0.06799808517098427, 0.06743067612542826, 0.07294496937709696, 0.06500132710618131, 0.06866406495956813, 0.0619323957054054, 0.06251371169791502, 0.06895720914882772, 0.06639706190018092, 0.06310938824625577, 0.0632497935610659, 0.07591853531844475, 0.06889865328283871, 0.06772066061111058, 0.06608444408458822, 0.06064047554836554, 0.06270416015211273, 0.0676538600202869, 0.062101452447035736, 0.0671828514074578, 0.06560545721474816, 0.0679687570561381, 0.06244201497996554, 0.05671675525167409, 0.06648402003680959, 0.07045821494915906, 0.07005059236989301, 0.061119167243733126, 0.06698043907389921, 0.06212610619909623, 0.07363184541463852, 0.06093263823319884, 0.062395145787912255, 0.06068088092348155, 0.06498118731028893, 0.07138784098274567, 0.06157320606357911, 0.07230238813687773, 0.07139048440491452, 0.0632742042927181, 0.058860099710085816, 0.06273779645562172, 0.0672342915307073, 0.057824083110865426, 0.064781492247301, 0.06050936264150283, 0.0600075500414652, 0.06203774954466259, 0.06477085566695999, 0.07485855852856356, 0.06673349856453784, 0.061465942246072436, 0.0737758206532282, 0.0643815560375943, 0.0585084612316945, 0.06509931451257538, 0.057654388029785716, 0.06684007583295598, 0.06577461804537212, 0.05996833544443635, 0.0640132276012617, 0.06300743340569384, 0.060148761772057587, 0.05865051202914294, 0.06036402591887642, 0.06117542920743718, 0.05621599537484786, 0.06599708471228094, 0.05495665266233332, 0.05909124213983031, 0.06933144304682226, 0.06197441259727759, 0.060869272579165065, 0.056204335873617846, 0.06030226871371269, 0.06216089953394497, 0.05174758219543625, 0.06185024845249513, 0.0633234333466081, 0.06427599051419426, 0.061159548952299005, 0.06034330563510165, 0.060155052691698074, 0.0643456505940241, 0.06528827153584536, 0.056430766249404234, 0.05621905471472179, 0.06133685019962928, 0.0580116170732414, 0.05620662407839999, 0.0681713659535436, 0.06124659057925729, 0.05784112061647808, 0.060689961209016687, 0.05661118950913934, 0.07066043816945132, 0.0566335785038331, 0.062398278099649096, 0.057475322528797036, 0.05811804839793373, 0.060806959210073244, 0.05899699843105148, 0.05234341016587089, 0.05444849370157018, 0.06228872016072273, 0.053998825085513735, 0.05877950173967025, 0.052983144626897925, 0.054287790156462616, 0.05827440409099355, 0.05307683129520977, 0.05977601733277826, 0.0584315997274483, 0.058578496689305586, 0.059979909921393675, 0.06613000394666896, 0.056624984697383994, 0.06789918463019763, 0.05133865357321851, 0.06038088767844088, 0.050760023295879364, 0.05115263339351205, 0.06300639273489222, 0.06226919481859488, 0.058792089276454025, 0.049020432154921925, 0.05830339276615311, 0.05768006711321719, 0.0619919396498624, 0.05322537549278315, 0.05867420640938422, 0.051936875371371996, 0.04849654852467425, 0.061228056821752995, 0.05710243346060023, 0.054976645199691546, 0.055022397242924743, 0.059359256397275365, 0.051456466098042095, 0.05707837816546945, 0.05389583110809326, 0.050691526383161545, 0.05252061411738396, 0.04709122286123388, 0.06008762274594868, 0.056486889281693625, 0.05802065857193049, 0.052465665647212195, 0.054878003895282745, 0.05498426407575607, 0.05759942005662357, 0.05478442767087151, 0.05408234105390661, 0.05669492110610008, 0.055240321466151404, 0.05435274519464549, 0.05202621813206112, 0.0570155951906653, 0.051818433929892146, 0.05549484907704241, 0.05077546528157066, 0.05756020195343915, 0.06114351311150719, 0.06694997452637728, 0.05208961402668672, 0.055631481330184376, 0.053579012698986954, 0.05139936638229033, 0.0521661367486505, 0.05649368158158134, 0.05875461110297371, 0.05373430931392838, 0.05667282531366629, 0.05316550744807019, 0.05366705270374522, 0.0545237688895534, 0.05172639712691307, 0.05473650246858597, 0.05795446695650325, 0.05298974386909429, 0.05631898036774467, 0.05878225144217996, 0.05877606789855396, 0.05576727385906612, 0.0533886676763787, 0.05733081654590719, 0.052003738196457136, 0.0570716191740597, 0.06138061973101953, 0.05166418587460237, 0.0532866812804166, 0.04763184224858003, 0.057554223081644845, 0.05054656854447197, 0.058502092080957746, 0.05635724260526545, 0.04812179746873239, 0.047759152948856354, 0.04733641818165779, 0.049313129528480416, 0.0566809162059251, 0.05455758093911059, 0.05345514372867696, 0.054681685698383, 0.05737070563961478, 0.057881142724962795, 0.05566783797215013, 0.05495617144248065, 0.05139741498757811, 0.050433151643065846, 0.048068299889564514, 0.05534085083533736, 0.055905188926879096, 0.050108282881624555, 0.05708881577148157, 0.05730460934779223, 0.052111010560218024, 0.05867425724864006, 0.05522430994931389, 0.053672521429903364, 0.05592558708261041, 0.04937053099274635, 0.048755710834965986, 0.04719090286423178, 0.054202053476782405, 0.05130798194338294, 0.04630089025287067, 0.053573460482499176, 0.06723049085806398, 0.046777557800797856, 0.05124396633575944, 0.05104803272029933, 0.05349758311229594, 0.046090818722458446, 0.054778448579942476, 0.058399432503125244, 0.04731964889694663, 0.05309073385946891, 0.04967773771461319, 0.0540130916325485, 0.05212625116109848, 0.05213717984802583, 0.05557621774428031, 0.05131540315992692, 0.0521482724477263, 0.05750288858133204, 0.047339020187363905, 0.050530246513731336, 0.0588913071243202, 0.04820886604926165, 0.046370999558883554, 0.043267718571073865, 0.05060189217329025, 0.05340626682428753, 0.04618009924888611, 0.05842480786583003, 0.051963846253998136, 0.04656960289267933, 0.047464165179168474, 0.04714008661753991, 0.05494829157696051, 0.050299817805781084, 0.05377564469681067, 0.04682838566163007, 0.049889788031578064, 0.057586817837813324, 0.04447928421637591, 0.05273264690357096, 0.04798588332007913, 0.052649098722373736, 0.052044690093573404, 0.05047600497217739, 0.06490616719512378, 0.04892676301738795, 0.05383620893253999, 0.04980430291856036, 0.04787952759686638, 0.05064003892681178, 0.04975585924351916, 0.04818331735099063, 0.050892907030442185, 0.05153862255461076, 0.05136878350201775, 0.050750602584551364, 0.042556301416719663, 0.04632068578811253, 0.04764725092579337, 0.04815582251724075, 0.05062822252511978, 0.046673506717471516, 0.04420983681783957, 0.04518062928143669, 0.05009893086903235, 0.049181989668046724, 0.04788991852718241, 0.045041652286753935, 0.052310429951723886, 0.050062602933715374, 0.05266579021425808, 0.051055070012807846, 0.04466490173602805, 0.048006210257025325, 0.04925175230292713, 0.05081618401934119, 0.041415917084497565, 0.03912865918348817, 0.04462263842715936, 0.05140572852071594, 0.049793699208427876, 0.046044806347173804, 0.04702762404785437, 0.04502646690782379, 0.047894555417930376, 0.05204886439092019, 0.05018940677537637, 0.04436383615521824, 0.051699323579669, 0.04447736328139024, 0.05334257334470749, 0.04521598469685106, 0.04905315729625085, 0.059083799667218155, 0.043487481115495455, 0.04693349932923036, 0.04974236755686648, 0.04997059746700175, 0.047706266098162704, 0.04253983782494769, 0.047202855786856485, 0.05466806888580322, 0.04541474471197409, 0.04551797973759034, 0.0484793867696734, 0.053521302912165135, 0.048024184782715404, 0.052255182800924074, 0.04599372494746657, 0.05589253696448663, 0.048117738874519575, 0.045471769483650434, 0.04164391076740097, 0.05305758710293209, 0.05057292190544745, 0.049740546109045256, 0.04670508052496349, 0.04421436436036054, 0.04823386822553242, 0.0479401393848307, 0.04232735044377692, 0.043878167429391074, 0.044042814522981644, 0.04805995326708345, 0.0512032287524027, 0.04441523047931054, 0.043882117771050506, 0.0438432751552147, 0.042725234347231245, 0.04880605879075387, 0.04642698081100688, 0.0461690176059218, 0.05294213948004386, 0.047817427664995193, 0.05192003662095351, 0.04923393445856431, 0.04066166884320624, 0.04844277615056319, 0.04759904610760072, 0.04329916462302208, 0.046083642717669994, 0.05037251925643753, 0.045604116119006104, 0.04420732641044785, 0.056406862595502066, 0.05046635274501408, 0.047102907343822366, 0.04912513669799356, 0.048063789877821415, 0.05425053024116684, 0.04288497643873972, 0.0507375613293227, 0.04937527120551642, 0.04152325584607966, 0.04203832839779994, 0.044513273107654905, 0.04487983772859854, 0.04078865412841825, 0.04740045898977448, 0.04820631115752108, 0.04393747295526897, 0.04559151674894726, 0.045043387176359403, 0.05781686415567117, 0.04129989960176103, 0.041067258180940855, 0.0420432031592902, 0.04505493952070966, 0.04306057139354594, 0.052434260792591995, 0.04312458009842564, 0.04141265723635169, 0.045035240733448195, 0.044574370059896916, 0.047020121970597434, 0.04699444661245627, 0.04739918165347155, 0.04522560931303922]
Validation ROC AUC: 0.9973982970671712
Validation Confusion Matrix: [[600, 4], [0, 7]]
Validation Precision: 0.6363636363636364
Validation Recall: 1.0
Validation F1 Score: 0.7777777777777779
Validation Accuracy: 0.9934533551554828
Test ROC AUC: 0.9492394179894181
Test Confusion Matrix: [[747, 9], [2, 6]]
Test Precision: 0.4
Test Recall: 0.75
Test F1 Score: 0.5217391304347826
Test Accuracy: 0.9856020942408377
Validation Set Size: 611
Test Set Size: 764
