Enhancer: E24C3
Label: mm_v_all
Padding: True
Batch Size: 256
Learning Rate: 2e-06
Epochs: 1000
Subset: 1.0 (number of training samples: 7861)
Weight Decay: 0.01
Optimizer: adam
Coverage: 10
Jiggle: 3
Confusion Matrix: [[0.7829955511616411, 0.21700444883835887], [0.37557603686635943, 0.6244239631336406]]
Unnormalized Confusion Matrix: [[1584, 439], [163, 271]]
Number of Epochs: 628
Train Losses: [0.705969133684712, 0.705054598469888, 0.7047738432884216, 0.7049287057692005, 0.7001851489467006, 0.7032951270380328, 0.7024441745973402, 0.7003626804197988, 0.700742358161557, 0.7008376006157168, 0.6995974817583638, 0.6995172231428085, 0.6974796325929703, 0.696559896392207, 0.696580377317244, 0.6989584642071878, 0.6951443495288971, 0.6932912853456312, 0.6958754158789112, 0.6941197745261654, 0.695450730862156, 0.6942054667780476, 0.6944476116088129, 0.6929002288849123, 0.694685697555542, 0.693778266829829, 0.6905464203126969, 0.6905485583889869, 0.691624850996079, 0.6920500455364105, 0.6923525564132198, 0.6905697603379527, 0.6911944881562264, 0.6909903903161326, 0.6909892885915695, 0.6898580424247249, 0.6899412062860304, 0.6900952766018529, 0.6890747451013134, 0.6891728485784223, 0.6895535780537513, 0.6888617796282615, 0.6882044096146861, 0.6888239364470204, 0.6887284113514808, 0.6876963915363434, 0.6873131048294806, 0.6876181075649876, 0.6873715462223176, 0.6872002866960341, 0.6870015955740406, 0.6867166815265533, 0.686462934940092, 0.6862365103537037, 0.6859489044835491, 0.6855667060421359, 0.6856117248535156, 0.6849004395546452, 0.6852193647815336, 0.6845835101219916, 0.6839813647731658, 0.6837063508649026, 0.6840540766716003, 0.6833993638715437, 0.6840033665780099, 0.6830646088046413, 0.6824424151451357, 0.6826903646992099, 0.6820061514454503, 0.6819090535563808, 0.6811793811859623, 0.6811587945107491, 0.6812629584343203, 0.6815009790082132, 0.6799601989407693, 0.6795778870582581, 0.6798225199022601, 0.6798231486351259, 0.6787635126421528, 0.6778860092163086, 0.6784777468250643, 0.6776342122785507, 0.6763157133133181, 0.6769236864582184, 0.6758305257366549, 0.6767451224788543, 0.6772027207959083, 0.674611130068379, 0.6752548660001447, 0.6740172543833333, 0.673327180647081, 0.6726512178297965, 0.6730007759986385, 0.6732355606171393, 0.671837366396381, 0.6710134840780689, 0.6697132414387118, 0.6700587964827015, 0.6702774551606947, 0.671689175790356, 0.6697901006667845, 0.6685927433352317, 0.6690443600377729, 0.6680231998043675, 0.6684479578848808, 0.6669148283620034, 0.6661217385722745, 0.6661849733321897, 0.6635906677092275, 0.6653317463013434, 0.6638934227728075, 0.66138102739088, 0.661349315797129, 0.6637189503638975, 0.6616515344189059, 0.6628838431450629, 0.6613168139611522, 0.6608210744396332, 0.6592713267572464, 0.6608206687435028, 0.6597089286773435, 0.6580571513022145, 0.6568549506125911, 0.6547632121270702, 0.6563287281220959, 0.6551482639005107, 0.655466825731339, 0.6562084267216344, 0.656037111436167, 0.6564389524921295, 0.6515270144708695, 0.6549047039401147, 0.6517029750731683, 0.6525261767448918, 0.6495807440050186, 0.6518302848262172, 0.6516790063150467, 0.6501737390795062, 0.651887430298713, 0.6477190948301746, 0.6491366182604144, 0.6479316123070256, 0.6453054951083276, 0.647007251939466, 0.6428113329795099, 0.6473351832359068, 0.6471687478403891, 0.6477789340480682, 0.6467151564936484, 0.6438783561029742, 0.6452327697507797, 0.6450602892906435, 0.6420130883493731, 0.6452690689794479, 0.6435497922282065, 0.6424636437046912, 0.6449500764569929, 0.6411890118352829, 0.6414397685758529, 0.642898440361023, 0.6428826297483137, 0.637247960413656, 0.6424851494450723, 0.6430194416353779, 0.6403352791263212, 0.6397831132335048, 0.6356593178164575, 0.639926927704965, 0.6370014067619078, 0.6380490372257848, 0.6388098885936122, 0.6388416040328241, 0.6354908116402165, 0.6373833533256285, 0.637423288437628, 0.6313465333754017, 0.6347227115784922, 0.6356596735215956, 0.6390114368930939, 0.6349378189732952, 0.6388941964795513, 0.6333248884447159, 0.6353264931709536, 0.6363555635175397, 0.6365199415914474, 0.631742985017838, 0.6306890095433881, 0.6287927454517733, 0.6334043587407758, 0.6321782354385622, 0.6335708345136335, 0.6347835294661983, 0.6277652267486818, 0.6298752965465668, 0.6330720743825359, 0.6288183043079991, 0.6294708367316953, 0.6281655219293409, 0.6312810163344106, 0.629061597008859, 0.6352968696625002, 0.6334142127344685, 0.6268279244822841, 0.6264996567080098, 0.6288776455386993, 0.6280401425976907, 0.6287777020085242, 0.6251655067166975, 0.6260026135752278, 0.626754754973996, 0.6289203916826556, 0.6230797286956541, 0.6248435916439179, 0.6300168460415255, 0.6290702146868552, 0.6253614502568399, 0.629986741850453, 0.6287234733181615, 0.6287969966088572, 0.6261857421167435, 0.6232602846237921, 0.6274932949773727, 0.6285829101839373, 0.6277797087546317, 0.623735374019992, 0.6220868902821695, 0.62379615922128, 0.6261648458819236, 0.6236201447825278, 0.6219160672157041, 0.6270783389768293, 0.6269263298280777, 0.6234180581185126, 0.6237413248708171, 0.6209570265585377, 0.6176106910551747, 0.6190311524175829, 0.6153639131976713, 0.6236337673279547, 0.6182847657511311, 0.6195176705237357, 0.6179398778946169, 0.6199232628268581, 0.6197095340298068, 0.6168757388668675, 0.619234404256267, 0.6209257937246754, 0.6172802736682277, 0.6202731997736038, 0.6188793278509571, 0.6152601799657268, 0.6153734249453391, 0.6163944678921853, 0.6215569126990533, 0.6208112624383741, 0.6200565176625406, 0.6157278091676773, 0.6130863543479673, 0.6137698869551381, 0.6179145516887787, 0.6173327488283957, 0.6141193566783782, 0.6141857620208494, 0.6164319476773662, 0.6102587196134752, 0.6140530551633527, 0.6163272434665311, 0.610620217938577, 0.6126380235918106, 0.6118764819637421, 0.612143253126452, 0.6083019798801791, 0.6067880161346928, 0.6055095657225578, 0.6107720425052028, 0.6083298806221255, 0.6096877955621288, 0.6134971822461774, 0.6115979513814372, 0.6073143482208252, 0.6060379647439526, 0.6070156097412109, 0.605472243601276, 0.6079836660815824, 0.6088077387502117, 0.6045664683465035, 0.6099811561646, 0.609985682272142, 0.6080507674524861, 0.6075017413785381, 0.6074333325509103, 0.6137188730701324, 0.6034228186453542, 0.604934194395619, 0.602635387451418, 0.6043044097961918, 0.6080833442749516, 0.6037506307325056, 0.6054955124855042, 0.6054901057674039, 0.5998470725551728, 0.6009200542203842, 0.6082039744623245, 0.5964507191411911, 0.6015993375932017, 0.6014263841413683, 0.605232092642015, 0.60121496646635, 0.6030069012795726, 0.5982778091584483, 0.6024049731992906, 0.5992907554872574, 0.5979951697011148, 0.5991705463778588, 0.5955666822771872, 0.6037482638512889, 0.5995490493312958, 0.5970813555102195, 0.5942325226722225, 0.5938900805288746, 0.5902431414973351, 0.595413827127026, 0.5918207341624845, 0.592675220581793, 0.5960289624429518, 0.5967803270586075, 0.5967579657031644, 0.5906809702996285, 0.5986951262720169, 0.6002174250541195, 0.5941404508006188, 0.5965001833054328, 0.5898850848597865, 0.5918005974062027, 0.5895467092913966, 0.591050228764934, 0.5930957890325977, 0.5929022950510825, 0.5853067867217525, 0.5928980419712682, 0.5822980077035965, 0.5812893471410198, 0.5871494643149837, 0.5885763514426446, 0.5878873563581898, 0.5873936145536361, 0.5875436529036491, 0.5912846538328356, 0.5898342959342464, 0.585545422569398, 0.582719870152012, 0.5869014147789248, 0.5878546814764699, 0.5857793073500356, 0.5824428162267131, 0.5825829140601619, 0.5850071099496656, 0.5842042834528031, 0.588803606648599, 0.5767790386753697, 0.5809365241758285, 0.5776534926506781, 0.5776032613169763, 0.5817125862644564, 0.5749090717684838, 0.5787086313770663, 0.5814601259846841, 0.5772747205149743, 0.5762358403974964, 0.575958167352984, 0.5800125406634423, 0.5820154682282479, 0.579359640998225, 0.5773653964842519, 0.576388418674469, 0.5696995335240518, 0.5763150261294457, 0.5727462807009297, 0.5698556188614138, 0.5716616280617253, 0.5756373040137752, 0.5758543091435586, 0.571539448153588, 0.5765336309709856, 0.568601910145052, 0.5713268749175533, 0.5706319385959256, 0.5731122166879715, 0.5724618550269834, 0.5682318114465282, 0.5763130130306366, 0.5739981301369206, 0.5704256257703227, 0.5767306666220388, 0.5638947659923185, 0.5701329246644051, 0.5625410118410664, 0.5717901972032362, 0.5649202004555733, 0.5668931738022835, 0.5606111730298688, 0.5602501726919605, 0.5649365302055113, 0.5618239506598441, 0.5639022377229506, 0.5542849263837261, 0.5582458896021689, 0.5595415869066792, 0.5574415172300031, 0.5581340232203084, 0.5675992465788319, 0.5622684282641257, 0.5592052532780555, 0.5592831161714369, 0.5557624793821766, 0.5586849874065768, 0.5578641891479492, 0.5641740752804664, 0.5667771235589059, 0.5550497001217257, 0.5578528738790943, 0.5551727510267689, 0.5545032870384955, 0.5571911854128684, 0.5541856288909912, 0.5539222513475726, 0.5600986903713595, 0.5472820439646321, 0.5513552888747184, 0.5482439552584002, 0.5525614523118542, 0.5517998164699923, 0.5560247475101102, 0.5444165237488285, 0.5410961124204821, 0.5509848998438928, 0.548153365811994, 0.5442199053302887, 0.5492661383844191, 0.5477335183851181, 0.547374584982472, 0.5509161987612324, 0.5393554126062701, 0.545684197256642, 0.5426512735505258, 0.5448115160388332, 0.5396151898368713, 0.5376832004516355, 0.5492068740629381, 0.5433585605313701, 0.5390264853354423, 0.5438597788733821, 0.5409966149637776, 0.5408293950942255, 0.5364427797255977, 0.537464278359567, 0.537705417602293, 0.5402866630784927, 0.5406638979911804, 0.5385274790948437, 0.54195809941138, 0.5390785144221398, 0.5374810061147136, 0.5415762278341478, 0.5352985320552703, 0.5374959784169351, 0.5385149448148666, 0.5277063413973777, 0.5305364362655147, 0.5262615315375789, 0.5373642213882939, 0.527694490648085, 0.5256096836059324, 0.5298292752235166, 0.5291563724317858, 0.5267224061873651, 0.5277345065147646, 0.533999385372285, 0.5290772040044108, 0.530699493423585, 0.526539953485612, 0.5262593809635409, 0.5229679230720766, 0.5259114965315788, 0.5226457445852218, 0.5251869963061425, 0.5300939409963547, 0.5263695678403301, 0.5256326246646142, 0.5262660720655995, 0.5214631913169738, 0.5225900238560092, 0.5203840742188115, 0.5185349804739798, 0.5204747386517063, 0.5258879719241973, 0.5184540623618711, 0.5213384647523204, 0.5222459685417914, 0.5219302273565724, 0.5103732251351879, 0.5180406099365603, 0.5214831713707216, 0.5186327830437691, 0.5154913336999954, 0.5120969770416137, 0.5178705915327995, 0.50956569756231, 0.5150517215651851, 0.5095198317881553, 0.5124656990651162, 0.5174100966222824, 0.5077508985996246, 0.5117837805901805, 0.5032462410388454, 0.5127007961273193, 0.5068362412914154, 0.5076032127103498, 0.5047231662657953, 0.5113030527868578, 0.5063564575487568, 0.5005993035531813, 0.5036775094847525, 0.5098420612273677, 0.5038931590895499, 0.5049338773373635, 0.5072712282980641, 0.5013924452566332, 0.501379031327463, 0.5062155175593591, 0.5023145608363613, 0.5020362167589126, 0.5006617797959235, 0.5002374610593242, 0.5024785822437655, 0.5041428141055568, 0.4945968206851713, 0.5039298476711396, 0.49605444554359684, 0.49490967489057974, 0.49906031931600264, 0.49425080322450204, 0.49530956341374305, 0.49779260350811866, 0.5006680892359826, 0.49369960734921114, 0.4899947037619929, 0.49528651083669356, 0.49024012588685556, 0.4920074257158464, 0.4922343127189144, 0.49016585657673495, 0.5022017205915144, 0.48746770235799974, 0.48974723681326837, 0.4979245431961552, 0.48555314540863037, 0.486977239770274, 0.4867888314108695, 0.48610791371714684, 0.48588799276659567, 0.4882959492744938, 0.48530207622435784, 0.488978962744436, 0.4820367395877838, 0.485783334701292, 0.47912858186229584, 0.47523733973503113, 0.4718553885336845, 0.48636856290601915, 0.4779921087526506, 0.48276479974869757, 0.4803450617098039, 0.48353146929894725, 0.4770264289071483, 0.4792052190149984, 0.47386185007710613, 0.4843223402577062, 0.4812611601045055, 0.47457951307296753, 0.4676320956599328, 0.4721432693542973, 0.47153599319919465, 0.47558101915544077, 0.4643027263302957, 0.4744790619419467, 0.47623874487415435, 0.4725190727941452, 0.4650474392598675, 0.46400247466179634, 0.4663702653300378, 0.47969195150559946, 0.4652885102456616, 0.47086062738972323, 0.46776796252496783, 0.46776388345226166, 0.47304706996487034, 0.46122557886185184, 0.45606507024457377, 0.4620083676230523, 0.4657934240756496, 0.46537521577650504, 0.46078249908262686, 0.46429182252576273, 0.46043345236009164, 0.4515816800055965, 0.45328743707749153, 0.45685453857145003, 0.4643303588513405, 0.46078610997046193, 0.46025575937763336, 0.4525398458203962, 0.4607087460256392, 0.45388617246381696, 0.46670781316295745, 0.4556352332715065, 0.45110743276534543, 0.45120592463401055, 0.4581511760911634, 0.44895577526861624, 0.45055296920960947, 0.4535541044127557, 0.45085432164130673, 0.45807556663790056, 0.4542952074158576, 0.44948906571634356, 0.4459591008001758, 0.44894567901088345]
Validation Losses: [0.6946982443332672, 0.705204039812088, 0.7071903198957443, 0.7034903988242149, 0.70437241345644, 0.6958232894539833, 0.6944500058889389, 0.7003286629915237, 0.695882998406887, 0.7044702172279358, 0.6940978467464447, 0.699536107480526, 0.6939003169536591, 0.6947899907827377, 0.6991167291998863, 0.6951342225074768, 0.6954636052250862, 0.6954566016793251, 0.6910050809383392, 0.6926926746964455, 0.6947866603732109, 0.6963756754994392, 0.6923024207353592, 0.6961705461144447, 0.693180613219738, 0.6895903497934341, 0.6906830817461014, 0.6896976009011269, 0.6924540624022484, 0.6905057355761528, 0.6902879774570465, 0.6900006085634232, 0.6901256367564201, 0.6909662783145905, 0.6892251446843147, 0.6888734102249146, 0.6886090934276581, 0.6896397694945335, 0.6901848763227463, 0.6867719143629074, 0.6879793554544449, 0.6894719451665878, 0.6880972012877464, 0.6880307719111443, 0.6876269280910492, 0.6866952627897263, 0.6858842000365257, 0.686820738017559, 0.6860437542200089, 0.6854744106531143, 0.6863269880414009, 0.6860371083021164, 0.6844425424933434, 0.6838870644569397, 0.6837064176797867, 0.6841280907392502, 0.6834107711911201, 0.6835440546274185, 0.6829001978039742, 0.6825444027781487, 0.6831846684217453, 0.6814293637871742, 0.6822754070162773, 0.6801759451627731, 0.6814308315515518, 0.6807286888360977, 0.6808100268244743, 0.6815596967935562, 0.6776634007692337, 0.6797580868005753, 0.6797965988516808, 0.6802807971835136, 0.679075188934803, 0.6781386584043503, 0.6778932213783264, 0.6771485432982445, 0.6753989011049271, 0.677441343665123, 0.676501527428627, 0.6754788234829903, 0.6750573292374611, 0.673748567700386, 0.6721808463335037, 0.6736545786261559, 0.6736702546477318, 0.6712101250886917, 0.6708929017186165, 0.6714379861950874, 0.6712258607149124, 0.6716188341379166, 0.667544923722744, 0.6711399033665657, 0.6692169979214668, 0.6694114506244659, 0.667540654540062, 0.6706604585051537, 0.6687579527497292, 0.6650506108999252, 0.6646355018019676, 0.666780136525631, 0.6657047793269157, 0.6638531312346458, 0.6608205214142799, 0.6626789942383766, 0.6633889675140381, 0.6603283062577248, 0.6638180166482925, 0.6575926914811134, 0.65980514138937, 0.6610955744981766, 0.6593291386961937, 0.6621891260147095, 0.6554616019129753, 0.6580988392233849, 0.6547699049115181, 0.6563285440206528, 0.6540978699922562, 0.6518295481801033, 0.6518649309873581, 0.652113638818264, 0.6549298614263535, 0.6525330618023872, 0.6566036269068718, 0.654926635324955, 0.6501589268445969, 0.6496040746569633, 0.6503859832882881, 0.6480769366025925, 0.6464399620890617, 0.6478436067700386, 0.6479204818606377, 0.644236721098423, 0.644360676407814, 0.6396292597055435, 0.6453095525503159, 0.6459974348545074, 0.6430489495396614, 0.6424170061945915, 0.641425222158432, 0.6449466347694397, 0.6442342326045036, 0.63958290964365, 0.6416461318731308, 0.6395409405231476, 0.6372317597270012, 0.6382517740130424, 0.6453655585646629, 0.6404020041227341, 0.6396946907043457, 0.6295337006449699, 0.6363286972045898, 0.6353338658809662, 0.6387578174471855, 0.6350078657269478, 0.6344655156135559, 0.6287246346473694, 0.6286469399929047, 0.6320182904601097, 0.636950358748436, 0.6341034844517708, 0.6358034089207649, 0.6295666396617889, 0.6384297385811806, 0.6311798095703125, 0.6327200829982758, 0.629876621067524, 0.6310146525502205, 0.6291756704449654, 0.6272961422801018, 0.6335274428129196, 0.6271069198846817, 0.6315227299928665, 0.6282223388552666, 0.6260411962866783, 0.6283525973558426, 0.6334817484021187, 0.6358573734760284, 0.6354489028453827, 0.6284387931227684, 0.6289930567145348, 0.6341834515333176, 0.631989099085331, 0.6353005096316338, 0.624597080051899, 0.6252812445163727, 0.6364191770553589, 0.6302999034523964, 0.6225513964891434, 0.6247373074293137, 0.6241007819771767, 0.6304424405097961, 0.6361330077052116, 0.631816565990448, 0.6214766800403595, 0.6193031668663025, 0.6181867942214012, 0.620040237903595, 0.6263142079114914, 0.61974236369133, 0.6207978054881096, 0.6198222637176514, 0.6208171769976616, 0.6226307824254036, 0.6254739239811897, 0.6290913671255112, 0.6141022965312004, 0.6188450828194618, 0.6207337528467178, 0.6240578815340996, 0.6089206486940384, 0.6308625489473343, 0.6160281673073769, 0.6182164773344994, 0.6138654202222824, 0.6194799467921257, 0.6245567575097084, 0.6163435876369476, 0.6201795563101768, 0.6349252089858055, 0.6210821643471718, 0.6218018531799316, 0.6166469305753708, 0.6340886130928993, 0.619268462061882, 0.6046827882528305, 0.6226032450795174, 0.6250744834542274, 0.6086506545543671, 0.616619311273098, 0.6159729659557343, 0.6120013073086739, 0.603021152317524, 0.6236181482672691, 0.6150166913866997, 0.6241673529148102, 0.6216716915369034, 0.6141997873783112, 0.6172025203704834, 0.6175828576087952, 0.6170410513877869, 0.6262284964323044, 0.6121398285031319, 0.6181507930159569, 0.6074088662862778, 0.6130578517913818, 0.6182733699679375, 0.6187709346413612, 0.6148628368973732, 0.6111659929156303, 0.6246183812618256, 0.6224646121263504, 0.6124539971351624, 0.6025392413139343, 0.6031623333692551, 0.6168107241392136, 0.6142819002270699, 0.6216033026576042, 0.6003265380859375, 0.6116272062063217, 0.6100608259439468, 0.6064518243074417, 0.6075947880744934, 0.6067016199231148, 0.6094214022159576, 0.61447324603796, 0.6140499264001846, 0.6211981400847435, 0.6095930859446526, 0.6179942786693573, 0.6151346862316132, 0.6041299849748611, 0.6109566986560822, 0.6081574484705925, 0.6222316101193428, 0.6011149808764458, 0.6141219362616539, 0.6191892698407173, 0.6101854890584946, 0.6080597937107086, 0.6057791337370872, 0.590762086212635, 0.5969166979193687, 0.6026696041226387, 0.6202992796897888, 0.6027405336499214, 0.5898371487855911, 0.5957874283194542, 0.6093833222985268, 0.599727213382721, 0.5967166945338249, 0.5955749079585075, 0.5967034846544266, 0.5993983224034309, 0.5967467650771141, 0.6031906604766846, 0.606579415500164, 0.6063371300697327, 0.5958196446299553, 0.6009193062782288, 0.6014583557844162, 0.6039195731282234, 0.596245251595974, 0.6070375293493271, 0.5934929177165031, 0.6114894449710846, 0.6057167276740074, 0.587397612631321, 0.6020433679223061, 0.5911975130438805, 0.5936661809682846, 0.5889051705598831, 0.5857939571142197, 0.5938319489359856, 0.585036963224411, 0.5943217948079109, 0.5886387303471565, 0.58863814920187, 0.5883726850152016, 0.5825691819190979, 0.5997696816921234, 0.5813372060656548, 0.6022046431899071, 0.5786383524537086, 0.5990669503808022, 0.585402823984623, 0.5897354930639267, 0.5907187387347221, 0.5971272438764572, 0.5953222215175629, 0.5780571699142456, 0.5817231386899948, 0.5989489927887917, 0.5872885659337044, 0.5755423977971077, 0.6000556573271751, 0.5963058620691299, 0.5929233357310295, 0.5745730847120285, 0.5860859155654907, 0.5917411893606186, 0.5922328755259514, 0.5868921354413033, 0.5838808119297028, 0.5844751372933388, 0.5664940923452377, 0.5807604491710663, 0.5858492851257324, 0.5783574283123016, 0.5786776021122932, 0.5929890871047974, 0.5915573835372925, 0.5868247300386429, 0.5775953903794289, 0.5877669006586075, 0.5770841762423515, 0.5814688578248024, 0.5798454135656357, 0.5620592683553696, 0.5779736116528511, 0.581553041934967, 0.5757065266370773, 0.5779595598578453, 0.5791089162230492, 0.5729930773377419, 0.5851194635033607, 0.5712932422757149, 0.5809618458151817, 0.5676439478993416, 0.5819121077656746, 0.5741917192935944, 0.5855142548680305, 0.580105185508728, 0.5733904913067818, 0.5654256790876389, 0.5653190091252327, 0.5807540863752365, 0.5813860073685646, 0.5740859508514404, 0.5652610808610916, 0.5772165730595589, 0.5751705691218376, 0.5611485615372658, 0.5758779719471931, 0.5671803876757622, 0.5717324465513229, 0.5687520876526833, 0.5742368176579475, 0.566951721906662, 0.5702979937195778, 0.578893631696701, 0.574169710278511, 0.5674266219139099, 0.5623256266117096, 0.5658385530114174, 0.5723171904683113, 0.5634249225258827, 0.5661132782697678, 0.5546346977353096, 0.5663396045565605, 0.5635920763015747, 0.5634073466062546, 0.5581479966640472, 0.5757019594311714, 0.5614060759544373, 0.5719289854168892, 0.56948521733284, 0.5634346753358841, 0.5560367703437805, 0.5585403963923454, 0.5609700977802277, 0.5643217265605927, 0.562197282910347, 0.5614068061113358, 0.5595904812216759, 0.5674371123313904, 0.5463758930563927, 0.5686606988310814, 0.5535523593425751, 0.5539349615573883, 0.5587011501193047, 0.5503529980778694, 0.5488757714629173, 0.5588752552866936, 0.5426435321569443, 0.552093394100666, 0.5584471896290779, 0.5547105073928833, 0.5566930845379829, 0.5595960319042206, 0.5619150921702385, 0.5576177686452866, 0.5520642250776291, 0.5662024319171906, 0.5517542213201523, 0.5515027791261673, 0.543773241341114, 0.5475625246763229, 0.5388179495930672, 0.5460616648197174, 0.554440476000309, 0.5462048128247261, 0.5447511300444603, 0.5539462640881538, 0.5597756281495094, 0.5391349717974663, 0.5551308989524841, 0.5409394204616547, 0.5540899485349655, 0.5453990697860718, 0.5464258193969727, 0.5489198192954063, 0.5524656623601913, 0.5371178016066551, 0.539201658219099, 0.5427502915263176, 0.5324775762856007, 0.5546592324972153, 0.5418083965778351, 0.5437430962920189, 0.5462774783372879, 0.549837052822113, 0.5325722768902779, 0.5420574732124805, 0.5495950877666473, 0.5482405126094818, 0.5503705739974976, 0.5534753352403641, 0.5540724471211433, 0.54025499522686, 0.5336827337741852, 0.5426657348871231, 0.5313617289066315, 0.523817703127861, 0.5307689979672432, 0.534328505396843, 0.5446188449859619, 0.541112944483757, 0.5537318512797356, 0.5412639901041985, 0.5370688140392303, 0.530107855796814, 0.5445619449019432, 0.5462646037340164, 0.5306970812380314, 0.5282264165580273, 0.5439788773655891, 0.5566175505518913, 0.5328176766633987, 0.5442034900188446, 0.5475261434912682, 0.540052592754364, 0.5296549126505852, 0.5351744964718819, 0.554657056927681, 0.5452732443809509, 0.5242474675178528, 0.5418283045291901, 0.5372988283634186, 0.5393558964133263, 0.5409164875745773, 0.5371707752346992, 0.5337176024913788, 0.5360084027051926, 0.5475294291973114, 0.5353541672229767, 0.5334620028734207, 0.5499812141060829, 0.5423431918025017, 0.540149375796318, 0.5389442220330238, 0.5432064160704613, 0.5316905751824379, 0.5525997802615166, 0.5314393490552902, 0.5254912376403809, 0.534468874335289, 0.5336742624640465, 0.5352326184511185, 0.5490291118621826, 0.525757797062397, 0.5397661402821541, 0.5227353200316429, 0.5382232591509819, 0.5354778058826923, 0.5460279509425163, 0.5376295000314713, 0.5441959947347641, 0.5153033770620823, 0.5502511262893677, 0.5344645529985428, 0.531795110553503, 0.5479429587721825, 0.5422031655907631, 0.5316251702606678, 0.5339712351560593, 0.5284633040428162, 0.530665710568428, 0.5191247835755348, 0.5433615371584892, 0.5359685495495796, 0.5249484926462173, 0.529419556260109, 0.5306496992707253, 0.5312793999910355, 0.5250360369682312, 0.536232478916645, 0.5504034832119942, 0.5304571688175201, 0.5416401848196983, 0.5366827249526978, 0.5458705648779869, 0.5428780987858772, 0.5427866950631142, 0.5483256876468658, 0.5243833512067795, 0.5389505922794342, 0.5268905982375145, 0.5242388993501663, 0.5394451916217804, 0.5365248471498489, 0.5401786789298058, 0.5406219959259033, 0.526665449142456, 0.5460498481988907, 0.5239074937999249, 0.5256785452365875, 0.5302453115582466, 0.5294255241751671, 0.5391183793544769, 0.5244820937514305, 0.5250641703605652, 0.5455845110118389, 0.5411359071731567, 0.5414376854896545, 0.5248907431960106, 0.5317009426653385, 0.5392578318715096, 0.5249174684286118, 0.532633438706398, 0.536400318145752, 0.5219601318240166, 0.5319568738341331, 0.5364427492022514, 0.531999085098505, 0.538754440844059, 0.5186963938176632, 0.5358930602669716, 0.5304918438196182, 0.549250639975071, 0.5352659896016121, 0.5323524177074432, 0.5284945406019688, 0.5316120758652687, 0.5260774381458759, 0.5279944054782391, 0.5383928716182709, 0.5404320880770683, 0.5246257744729519, 0.5457005426287651, 0.5292016342282295, 0.5368064343929291, 0.5294091999530792, 0.5356807559728622, 0.5178871564567089, 0.5449552834033966, 0.535904087126255, 0.5406807363033295, 0.5393853187561035, 0.5179462023079395, 0.5427144542336464, 0.5376704856753349, 0.5234797671437263, 0.5423712432384491, 0.5539812073111534, 0.5377226211130619, 0.5199824348092079, 0.528596818447113, 0.536345761269331, 0.5395756810903549, 0.5489455983042717, 0.5455710142850876, 0.5363464094698429, 0.5430730953812599, 0.5382760539650917, 0.545306958258152, 0.5452544242143631, 0.544416856020689, 0.5300988927483559]
Validation ROC AUC: 0.8051646822328746
Validation Confusion Matrix: [[173, 50], [15, 43]]
Validation Precision: 0.46236559139784944
Validation Recall: 0.7413793103448276
Validation F1 Score: 0.5695364238410596
Validation Accuracy: 0.7686832740213523
Test ROC AUC: 0.762864158946311
Test Confusion Matrix: [[224, 65], [22, 40]]
Test Precision: 0.38095238095238093
Test Recall: 0.6451612903225806
Test F1 Score: 0.47904191616766467
Test Accuracy: 0.7521367521367521
Validation Set Size: 281
Test Set Size: 351
