Enhancer: E25E102
Label: mm_v_all
Padding: True
Batch Size: 256
Learning Rate: 2e-06
Epochs: 1000
Subset: 1.0 (number of training samples: 179942)
Weight Decay: 0.01
Optimizer: adam
Coverage: 3
Jiggle: 3
Confusion Matrix: [[0.7996705408620848, 0.20032945913791525], [0.2338387869114126, 0.7661612130885874]]
Unnormalized Confusion Matrix: [[34952, 8756], [2930, 9600]]
Number of Epochs: 213
Train Losses: [0.6899482574774903, 0.6818841365967502, 0.669891876058592, 0.6532727358690535, 0.6369319421637957, 0.6250155095864156, 0.6152886266728723, 0.6059343083145609, 0.6004651069301968, 0.5923227566065185, 0.5860884426158998, 0.5800030633362055, 0.5743170693453141, 0.5713419228325867, 0.5682746576381102, 0.5638001187258052, 0.5601771707470352, 0.5544520313844912, 0.5505667650597872, 0.5456592554218569, 0.5405052043974484, 0.537382364061106, 0.5311360056081503, 0.5278263892845951, 0.5197807030267431, 0.515487171169026, 0.509998251372686, 0.5082594648024775, 0.5028056598150543, 0.5002843176742028, 0.4995308813041508, 0.4964424141948966, 0.4956808683712825, 0.48845893852571676, 0.4886797265087388, 0.4853392836464248, 0.48360587917215286, 0.4832865312207983, 0.48151123616976893, 0.47970172512751724, 0.4786184369500297, 0.47672612293176936, 0.47396855808762706, 0.47244606490325114, 0.4725144984542391, 0.47083841406264654, 0.4699761016270514, 0.4683377859348254, 0.46843323692319067, 0.46663536099587194, 0.465306472303518, 0.46418567427869883, 0.46367656811541885, 0.4621063047757698, 0.4624192902916356, 0.4631089830127244, 0.46157007417502477, 0.4595285778279664, 0.4583089759051376, 0.45863929005130427, 0.4588811877018018, 0.45553640679987534, 0.4544362017982884, 0.4565283164784715, 0.45373712176957814, 0.4542005227436212, 0.45249097178535136, 0.4536603807470368, 0.4519698253990407, 0.4496569390147713, 0.4508715194370465, 0.44817054585406657, 0.4484712751966452, 0.44754153091571747, 0.4460960312045655, 0.4443872275935807, 0.4440735460260345, 0.4420336605305353, 0.4434544023121065, 0.44507764722849874, 0.44318845944418167, 0.4399395379877701, 0.4430371695019273, 0.44153691113927795, 0.4416006223575489, 0.43822968943020696, 0.44031650425699326, 0.43592036876875173, 0.43660450036800436, 0.43771976546237346, 0.4360830802496941, 0.4362496072757634, 0.4366506548389093, 0.43485108407937617, 0.43467385433137334, 0.4325415343258154, 0.4347657735961599, 0.43375096416066417, 0.4283736228179796, 0.43042950817565323, 0.4301507195317389, 0.430838690458626, 0.4313929059342673, 0.4315759918598159, 0.4277471589245125, 0.42832947845648905, 0.42839026379042633, 0.42888711242384114, 0.4272249517790115, 0.42916026228183024, 0.42616899695199717, 0.42564650691759537, 0.4247433864120738, 0.424461856039286, 0.42185818606386144, 0.4252688777904592, 0.42542090371865804, 0.42258005579708313, 0.4205034624038007, 0.42140822101962006, 0.4201512680114757, 0.42350884818420304, 0.42006103357414093, 0.42055105616154403, 0.42100877120857727, 0.41863660885293996, 0.417992108195469, 0.4164802635123007, 0.4175792999915344, 0.4148830453498265, 0.4149346168909439, 0.4152000425211227, 0.4174210608938171, 0.41408899494289164, 0.4158397989286637, 0.41340908013909505, 0.41166693349481476, 0.4137691786753843, 0.4129349951808517, 0.41190790574716807, 0.41415425711132553, 0.4086843343666234, 0.4113779862439141, 0.41371372744843765, 0.4114610145814388, 0.4096382071673446, 0.4110767302523297, 0.4088107016822522, 0.4113835429992649, 0.40811761289538223, 0.40812731162243515, 0.40817569122036357, 0.4079498951753885, 0.40691067259308283, 0.4057880396693733, 0.4061757838658215, 0.4045825462422703, 0.4048190441613177, 0.4059880378829636, 0.4053749716807565, 0.40326327784980515, 0.40298357724634715, 0.40303540437523366, 0.4022642594058687, 0.4018549385399771, 0.4012129978723241, 0.4001466472915362, 0.4013603596310866, 0.4014441992446335, 0.4020928993164052, 0.4010278329910289, 0.4002557148465391, 0.4009752780156658, 0.3989032960548509, 0.4004676481059741, 0.3974772484000682, 0.3995735752972566, 0.3981345012296484, 0.3979892794302483, 0.39718872257859406, 0.39579344206989064, 0.3969031635507581, 0.3962495770427275, 0.39494970703701543, 0.39663927428752904, 0.39758290055805384, 0.39430675313279434, 0.3957817623998498, 0.3951246522653154, 0.3946070563403166, 0.3943201309417084, 0.3933795830857533, 0.39182449540237274, 0.3939382711989781, 0.3913444309027741, 0.39279374624383906, 0.392525022687817, 0.39110475329213257, 0.3933241589479731, 0.3912201031597376, 0.39274021385404495, 0.3885060949820712, 0.388266503429345, 0.3901333178090167, 0.3895740988498731, 0.3895456270761205, 0.38747533854854904, 0.38882111867155833, 0.3885415113328361, 0.38842882811599233, 0.38825494017065165, 0.3881988650450157, 0.38827133645034617]
Validation Losses: [0.6854126609184525, 0.675850498066707, 0.6602271923964674, 0.6426913463933901, 0.6270764910361983, 0.6165236102586443, 0.6058047630570151, 0.6018431166356261, 0.5920249498025938, 0.5843395384197886, 0.5805235362865708, 0.5702611614357341, 0.5705928159031001, 0.56417360461571, 0.55886539647525, 0.5547876161607829, 0.5523537258532915, 0.5456019887192682, 0.543450588021766, 0.5394153972579674, 0.5361122426322915, 0.5280246760018847, 0.521512125026096, 0.5194207870147445, 0.5142108149487864, 0.5089070990004323, 0.50453352606432, 0.5027291425927118, 0.4973254185169935, 0.49372620338743384, 0.4894150444729762, 0.49284660951657727, 0.4871317901733247, 0.49226914143020456, 0.48750846223397687, 0.48562270402908325, 0.48584952679547394, 0.4840541949326342, 0.47745753740045155, 0.47868396138603037, 0.47865032049065287, 0.4804815231737765, 0.47794364409690554, 0.4790108297020197, 0.47566561451689765, 0.48138876123861835, 0.4735662088814107, 0.475645289671692, 0.47167488814077596, 0.472994220697067, 0.47242269868200476, 0.47319843332198536, 0.4661897085607052, 0.46862830678847706, 0.4673664573241364, 0.4670963685282252, 0.4681949559599161, 0.47143919359553943, 0.4671233653683554, 0.46783758530562575, 0.4678406830538403, 0.4675685069100423, 0.4673726680603894, 0.4661143220622431, 0.46896859241480177, 0.4691712057048624, 0.4688700723715804, 0.46170158599588, 0.4635645012286576, 0.46746103753420437, 0.4669459316540848, 0.4609818009828979, 0.4653816187584942, 0.4646493648602204, 0.4655968619679863, 0.46897491880438547, 0.466550064696507, 0.46495544707233255, 0.460179464044896, 0.4655556832863526, 0.46390343575992365, 0.4671959705989469, 0.46708280457691714, 0.4646079894155264, 0.4643000496382063, 0.4636473709886724, 0.46316890147599304, 0.46341760202564974, 0.46641678498549893, 0.45875811763107777, 0.46243630146438425, 0.46274030581116676, 0.4583357250825925, 0.4631143339316953, 0.4630993147465316, 0.4652787433429198, 0.46295637874440715, 0.46076174249703233, 0.45794206027957524, 0.4639569436284629, 0.459658278321678, 0.4653318571773442, 0.46572080288421025, 0.4604220295494253, 0.464986438439651, 0.4630534445697611, 0.46015821481970226, 0.4620320080694827, 0.46615878475660627, 0.45974365825002844, 0.4644703487442298, 0.4665433137931607, 0.4554117956960743, 0.46295579709112644, 0.45990771224552934, 0.4652903965589675, 0.4649338817054575, 0.4606513066047972, 0.45932446098463103, 0.4658354703675617, 0.4574222176928412, 0.4565825823017142, 0.46842624399472366, 0.46507837708023464, 0.4703302490101619, 0.45704431188377465, 0.46370244093916635, 0.4655714881691066, 0.4588298521597277, 0.46719632179222326, 0.46120161038230767, 0.4623336934230544, 0.46302034553479066, 0.463563933968544, 0.4613079025664113, 0.4624352670190009, 0.4741397693075917, 0.4648524129932577, 0.4637952980331399, 0.46505270881408994, 0.45860002088275825, 0.4645302461629564, 0.46487062763084064, 0.4614791434935548, 0.45664303699000314, 0.4660576373677362, 0.475745702162385, 0.46123572608286684, 0.4600664378905838, 0.46731847880238836, 0.46193012256513943, 0.4607252903621305, 0.4644326147708026, 0.46227853050963447, 0.47058742611923, 0.4660868021574887, 0.4620415019718083, 0.46632794781842013, 0.46580129489302635, 0.46473112262108107, 0.46634794483807956, 0.4656877224756913, 0.46059486574747344, 0.4706674519587647, 0.4663217809389938, 0.459838998249986, 0.4637476469982754, 0.4663191380148584, 0.4659242377701131, 0.46806147491390054, 0.4596496117724614, 0.46319909850982105, 0.46726051971993665, 0.4649258208545772, 0.4596962715414437, 0.4616704164919528, 0.4627024343406612, 0.4676303204826333, 0.474749153141271, 0.47385737706314435, 0.4603256192058325, 0.45787440765310417, 0.4634884172542529, 0.4652001964436336, 0.4670695416967977, 0.46440597606653516, 0.4680803192948753, 0.47088767046278174, 0.46332170153883373, 0.4658557005565275, 0.46544332920827647, 0.46835050850429316, 0.4678897202353586, 0.4589258007366549, 0.46302233229983936, 0.46365583840418945, 0.4647737248716029, 0.4645072707737034, 0.46619186956774106, 0.4715754989195954, 0.46956350501965394, 0.4648402231660756, 0.4670404741032557, 0.46631143733181735, 0.4626367622139779, 0.47394101203165273, 0.4680745086886666, 0.4676826406608928, 0.4739467747170817, 0.471947861158035, 0.4682122900743376, 0.47991429692642257, 0.47540465149689803]
