Enhancer: E22P3B3R2
Label: mm_v_all
Padding: True
Batch Size: 256
Learning Rate: 2e-06
Epochs: 1000
Subset: 1.0 (number of training samples: 133)
Weight Decay: 0.01
Optimizer: adam
Coverage: 10
Jiggle: 3
Confusion Matrix: [[0.0, 1.0], [nan, nan]]
Unnormalized Confusion Matrix: [[0, 42], [0, 0]]
Number of Epochs: 135
Train Losses: [0.7775185108184814, 0.7754969000816345, 0.7764090895652771, 0.7732710242271423, 0.7702556848526001, 0.7742280960083008, 0.7667386531829834, 0.7734006643295288, 0.7706577777862549, 0.7676553726196289, 0.7725830078125, 0.769931972026825, 0.7717908024787903, 0.7675449848175049, 0.7670756578445435, 0.7718689441680908, 0.7721163034439087, 0.7687685489654541, 0.7708209156990051, 0.7697799205780029, 0.7706310749053955, 0.7669004201889038, 0.7637109160423279, 0.7634596824645996, 0.7679409384727478, 0.7671460509300232, 0.7647404670715332, 0.7652084231376648, 0.7685847878456116, 0.7658231258392334, 0.7627723217010498, 0.7644325494766235, 0.7631943821907043, 0.7646881341934204, 0.7610111236572266, 0.7653067708015442, 0.7624051570892334, 0.7616664171218872, 0.763268232345581, 0.7604230046272278, 0.7606480121612549, 0.7615095973014832, 0.7600747346878052, 0.7605748772621155, 0.7624829411506653, 0.7610207796096802, 0.7587807178497314, 0.761186420917511, 0.755481481552124, 0.75569087266922, 0.7557158470153809, 0.7591067552566528, 0.756574809551239, 0.7597541809082031, 0.7609109878540039, 0.7562196850776672, 0.7551016807556152, 0.7573763132095337, 0.7576341032981873, 0.756955623626709, 0.7542389631271362, 0.7527292370796204, 0.7542696595191956, 0.7521577477455139, 0.7527158260345459, 0.7535540461540222, 0.7576287388801575, 0.7537510395050049, 0.7528204917907715, 0.7473787069320679, 0.7529096007347107, 0.753603458404541, 0.7528521418571472, 0.7530945539474487, 0.7518501281738281, 0.7513960599899292, 0.7501885890960693, 0.7513905167579651, 0.7468810677528381, 0.7496029734611511, 0.7516782283782959, 0.748044490814209, 0.7501933574676514, 0.7476622462272644, 0.7444418668746948, 0.751552164554596, 0.7470860481262207, 0.7492325901985168, 0.7460203766822815, 0.7482442259788513, 0.7475154995918274, 0.748372495174408, 0.7430918216705322, 0.7464698553085327, 0.741590142250061, 0.7474826574325562, 0.745671808719635, 0.7482389211654663, 0.7452472448348999, 0.7433782815933228, 0.7451590299606323, 0.7398129105567932, 0.7410855293273926, 0.7416602373123169, 0.7445576786994934, 0.7431435585021973, 0.7420021891593933, 0.7432823777198792, 0.7353256344795227, 0.7425500750541687, 0.7415894269943237, 0.738534688949585, 0.7372135519981384, 0.7382965087890625, 0.7404280304908752, 0.739870011806488, 0.7405680418014526, 0.7380231022834778, 0.7386897206306458, 0.7392987608909607, 0.736562192440033, 0.7353432774543762, 0.7358790040016174, 0.7378432154655457, 0.7370944023132324, 0.7346680164337158, 0.7360343337059021, 0.7337043285369873, 0.7324613332748413, 0.7335475087165833, 0.7336984872817993, 0.7335560917854309, 0.7349985241889954, 0.7320571541786194, 0.7312570214271545]
Validation Losses: [0.7389088273048401, 0.7341210842132568, 0.7300530672073364, 0.7281050086021423, 0.7267341017723083, 0.7252453565597534, 0.7234321236610413, 0.7217909693717957, 0.7203211784362793, 0.7182984352111816, 0.7168729305267334, 0.7151172757148743, 0.7136980295181274, 0.7116571664810181, 0.710023820400238, 0.7080809473991394, 0.7070655822753906, 0.7057409882545471, 0.7036319375038147, 0.7027140855789185, 0.7008641958236694, 0.7000517845153809, 0.6980207562446594, 0.6970844864845276, 0.6956174373626709, 0.694017767906189, 0.6931877136230469, 0.6917219161987305, 0.6904647350311279, 0.6900269389152527, 0.6885997653007507, 0.6876171827316284, 0.687301754951477, 0.687174379825592, 0.6869266033172607, 0.6872078776359558, 0.6883773803710938, 0.6871594786643982, 0.6889979839324951, 0.690948486328125, 0.6911274790763855, 0.6928194165229797, 0.6967023015022278, 0.696882963180542, 0.7012224793434143, 0.7014244198799133, 0.7046820521354675, 0.7081130146980286, 0.71049565076828, 0.7137998938560486, 0.7176854610443115, 0.7197163105010986, 0.7209486365318298, 0.7248804569244385, 0.7241114974021912, 0.7279313206672668, 0.7283130288124084, 0.7306692004203796, 0.7325389385223389, 0.7357897162437439, 0.7366581559181213, 0.7370855212211609, 0.7371113300323486, 0.7393839955329895, 0.7374321222305298, 0.7420161962509155, 0.7439239025115967, 0.7432294487953186, 0.7431790828704834, 0.745715320110321, 0.7447479367256165, 0.7450128793716431, 0.7437888979911804, 0.7458973526954651, 0.7418807744979858, 0.7474743723869324, 0.7446419596672058, 0.7443747520446777, 0.7477730512619019, 0.7446611523628235, 0.7469978332519531, 0.7447047829627991, 0.7455155253410339, 0.7448485493659973, 0.7463986277580261, 0.7445212006568909, 0.7472915649414062, 0.7445419430732727, 0.7431780695915222, 0.7457135319709778, 0.7439528107643127, 0.7434908151626587, 0.7440419793128967, 0.7425143122673035, 0.7455466985702515, 0.7416778802871704, 0.7429627776145935, 0.7427864074707031, 0.7417249083518982, 0.741605281829834, 0.7424730062484741, 0.7423799633979797, 0.740766704082489, 0.7398479580879211, 0.7409505248069763, 0.7408846020698547, 0.7400578856468201, 0.7393994927406311, 0.7400354743003845, 0.7388904094696045, 0.738502562046051, 0.7374030947685242, 0.7387162446975708, 0.7369028329849243, 0.73765629529953, 0.7390790581703186, 0.7368561029434204, 0.7362314462661743, 0.7362367510795593, 0.7355162501335144, 0.7366368770599365, 0.7374331951141357, 0.7349977493286133, 0.7356081604957581, 0.7344327569007874, 0.7335231304168701, 0.7334988117218018, 0.7324042916297913, 0.7328764796257019, 0.7352445125579834, 0.7347631454467773, 0.7340465188026428, 0.7323707342147827, 0.7341559529304504, 0.7318620085716248]
