Enhancer: E22P1B925
Label: mm_v_all
Padding: True
Batch Size: 256
Learning Rate: 2e-06
Epochs: 1000
Subset: 1.0 (number of training samples: 5061)
Weight Decay: 0.01
Optimizer: adam
Coverage: 10
Jiggle: 3
Confusion Matrix: [[1.0, 0.0], [0.5, 0.5]]
Unnormalized Confusion Matrix: [[1575, 0], [7, 7]]
Number of Epochs: 969
Train Losses: [0.6947345077991486, 0.6915849417448043, 0.6922428131103515, 0.6929535329341888, 0.690284526348114, 0.6914920032024383, 0.6918764472007751, 0.691132715344429, 0.6908361077308655, 0.6902898669242858, 0.6891610085964203, 0.688464343547821, 0.6878631412982941, 0.6883062720298767, 0.6880826562643051, 0.6866985619068146, 0.687837439775467, 0.6874522209167481, 0.686575835943222, 0.6865975856781006, 0.6868820458650589, 0.6866432040929794, 0.6862987637519836, 0.6867780208587646, 0.6857012659311295, 0.6865629583597184, 0.6856031209230423, 0.6849839270114899, 0.6842169284820556, 0.6852596640586853, 0.6835439234972001, 0.6844072043895721, 0.6837998330593109, 0.6829544544219971, 0.6831552982330322, 0.6819086998701096, 0.6832054764032364, 0.6818646788597107, 0.6809423834085464, 0.6814717769622802, 0.6813222885131835, 0.6805967450141907, 0.6803349941968918, 0.6800070524215698, 0.6807957768440247, 0.6795941412448883, 0.6796925783157348, 0.678637507557869, 0.6781715959310531, 0.6787539482116699, 0.6780732303857804, 0.677762719988823, 0.677429810166359, 0.677481958270073, 0.6764018923044205, 0.6750998228788376, 0.6773353666067123, 0.6753792583942413, 0.674761825799942, 0.6743637800216675, 0.6744922667741775, 0.6731969624757767, 0.6735331088304519, 0.6722317337989807, 0.6718925088644028, 0.6719315767288208, 0.6707362771034241, 0.6716123729944229, 0.6705791562795639, 0.6711721241474151, 0.6689449071884155, 0.6687168508768082, 0.668061026930809, 0.6690877497196197, 0.6672218799591064, 0.6668995022773743, 0.6674854397773743, 0.6665036857128144, 0.6654869556427002, 0.6650371551513672, 0.6644681870937348, 0.6641264438629151, 0.6638165354728699, 0.6619306117296219, 0.6613076537847519, 0.6611338376998901, 0.6623505055904388, 0.661077293753624, 0.6591360837221145, 0.6588686347007752, 0.6584415942430496, 0.657735076546669, 0.6580602705478669, 0.6555039376020432, 0.6554421454668045, 0.6556360602378846, 0.6557138234376907, 0.654333746433258, 0.6528682231903076, 0.6525251388549804, 0.6519503146409988, 0.6514967620372772, 0.6497828483581543, 0.649105915427208, 0.6484292536973953, 0.647349739074707, 0.6475073903799057, 0.6457040131092071, 0.6447206526994705, 0.6436081141233444, 0.6425642371177673, 0.6421499937772751, 0.6398234635591507, 0.6381874442100525, 0.6383686065673828, 0.6368276089429855, 0.6361649960279465, 0.6351199388504029, 0.6336237847805023, 0.6316506713628769, 0.630984503030777, 0.6287324041128158, 0.6280160516500473, 0.6279482454061508, 0.6250253111124039, 0.6245200902223587, 0.624033460021019, 0.6221795558929444, 0.6209770828485489, 0.6186312139034271, 0.6182157635688782, 0.6166937828063965, 0.6143902331590653, 0.6122623473405838, 0.6111444920301438, 0.608564555644989, 0.6087054133415222, 0.6064668744802475, 0.6063444048166275, 0.6048515290021896, 0.6020033478736877, 0.6008375734090805, 0.5985576301813126, 0.5963212072849273, 0.595282506942749, 0.593085989356041, 0.5903244882822036, 0.5885122120380402, 0.5873576939105988, 0.5844202816486359, 0.5827537059783936, 0.5823312133550644, 0.5792751759290695, 0.577676784992218, 0.5744939774274826, 0.5729201823472977, 0.5706851541996002, 0.5683137893676757, 0.5669586688280106, 0.565662881731987, 0.5616287291049957, 0.5598252862691879, 0.5575717747211456, 0.5555466741323472, 0.5539338439702988, 0.5528079628944397, 0.5500566840171814, 0.5481784820556641, 0.5450362533330917, 0.5417151361703872, 0.5411499232053757, 0.5383607268333435, 0.5344866424798965, 0.5330070972442627, 0.5318533480167389, 0.5285401552915573, 0.5260896056890487, 0.5233304858207702, 0.5211659431457519, 0.5201910644769668, 0.5186797350645065, 0.5137036293745041, 0.513159504532814, 0.5094659596681594, 0.5078771591186524, 0.5052091181278229, 0.5019129902124405, 0.500095522403717, 0.4961085930466652, 0.49731058031320574, 0.49437312632799146, 0.48981382995843886, 0.4872390151023865, 0.48529677242040636, 0.4841106742620468, 0.4823328211903572, 0.47944899648427963, 0.47676298171281817, 0.4738681256771088, 0.4723505139350891, 0.4699882477521896, 0.4677238345146179, 0.4655300408601761, 0.46255669742822647, 0.4621149688959122, 0.45724952667951585, 0.4572268694639206, 0.4549169108271599, 0.45143478363752365, 0.4483881235122681, 0.4466471642255783, 0.4428123772144318, 0.44207697212696073, 0.43910243213176725, 0.43803408443927766, 0.4354476571083069, 0.4331485450267792, 0.43119501173496244, 0.4287611484527588, 0.4249314680695534, 0.4253159239888191, 0.42270256876945494, 0.4199342206120491, 0.4184905827045441, 0.4166206821799278, 0.4146295338869095, 0.41232665479183195, 0.4120158180594444, 0.40853586196899416, 0.40496101379394533, 0.4035599738359451, 0.40133103281259536, 0.400570148229599, 0.3968663886189461, 0.39639053493738174, 0.39538363069295884, 0.3898626908659935, 0.389803509414196, 0.38739393055439, 0.3860882893204689, 0.38289290219545363, 0.38103109002113345, 0.3784791961312294, 0.3789254903793335, 0.377195243537426, 0.37306833565235137, 0.372237840294838, 0.3705934911966324, 0.36841700971126556, 0.3660870626568794, 0.36584462225437164, 0.36427518874406817, 0.3612107113003731, 0.3593109607696533, 0.3587587282061577, 0.35651237070560454, 0.354065415263176, 0.3527624845504761, 0.3514477699995041, 0.3474886879324913, 0.3485872372984886, 0.3445065081119537, 0.3444543734192848, 0.3413539856672287, 0.34118606299161913, 0.334967152774334, 0.33551147729158404, 0.3328683763742447, 0.33130825608968734, 0.3319490596652031, 0.32899061888456343, 0.32744657099246977, 0.3249174267053604, 0.324546092748642, 0.3223443657159805, 0.3205579906702042, 0.31985244154930115, 0.3167823955416679, 0.3165974855422974, 0.31503525376319885, 0.31150009483098984, 0.3102043330669403, 0.3117893636226654, 0.30933476239442825, 0.30842280089855195, 0.30631906241178514, 0.3043212220072746, 0.30165314078330996, 0.3008312776684761, 0.29881213009357455, 0.29935274720191957, 0.29687926471233367, 0.29496573507785795, 0.2938193053007126, 0.29258120208978655, 0.29021633565425875, 0.28929216116666795, 0.2881674706935883, 0.2859732910990715, 0.2876278668642044, 0.2845677524805069, 0.2815526872873306, 0.2818555817008018, 0.28195527046918867, 0.27683333307504654, 0.2777626946568489, 0.2758018061518669, 0.27439129799604417, 0.2734016224741936, 0.2706265762448311, 0.2727516144514084, 0.26765528619289397, 0.26900950968265536, 0.26512838155031204, 0.2667171165347099, 0.2633726477622986, 0.2630786493420601, 0.2613466203212738, 0.26118151992559435, 0.2598112389445305, 0.25864503532648087, 0.2561982825398445, 0.25561428964138033, 0.2555327504873276, 0.25241058245301246, 0.25290161445736886, 0.2510417900979519, 0.249193175137043, 0.24740198701620103, 0.24644583016633986, 0.24805015996098517, 0.24596280083060265, 0.2438163325190544, 0.2428656190633774, 0.24111537858843804, 0.23985580503940582, 0.23996333107352258, 0.2395976021885872, 0.236746709048748, 0.23529914095997811, 0.23501095548272133, 0.234350024163723, 0.23393385782837867, 0.23002586215734483, 0.22937283515930176, 0.22695314437150954, 0.22717492952942847, 0.22800586149096488, 0.22516024932265283, 0.22298285290598868, 0.22400142326951028, 0.22249833047389983, 0.2215050384402275, 0.2207864634692669, 0.22027229368686677, 0.2196778893470764, 0.21707192435860634, 0.21695193126797677, 0.21466280072927474, 0.21524354815483093, 0.2119702033698559, 0.2134436085820198, 0.2118913024663925, 0.21295876502990724, 0.21137423515319825, 0.208287113904953, 0.20737418085336684, 0.20754846930503845, 0.2043045401573181, 0.20411355569958686, 0.2061902366578579, 0.20415457263588904, 0.2021282695233822, 0.2034071445465088, 0.20218246206641197, 0.19897253513336183, 0.19899908304214478, 0.1971690759062767, 0.19624869972467424, 0.19615085422992706, 0.19499014616012572, 0.19404931664466857, 0.195011642575264, 0.19390784054994584, 0.19198763370513916, 0.19004109874367714, 0.18932848423719406, 0.19127995148301125, 0.18788983076810836, 0.18506662249565126, 0.1872245952486992, 0.18546438217163086, 0.18410836905241013, 0.1822623446583748, 0.18474996462464333, 0.1830072097480297, 0.17831652760505676, 0.1802320435643196, 0.17912619486451148, 0.17778012678027152, 0.176804506033659, 0.17548999413847924, 0.17398931011557578, 0.17506447583436965, 0.17352803722023963, 0.17354352325201033, 0.17295996844768524, 0.17195169031620025, 0.17059603482484817, 0.17091336324810982, 0.1697560116648674, 0.17076928690075874, 0.16763741746544839, 0.1670771136879921, 0.16607848480343818, 0.1650624006986618, 0.16371132731437682, 0.1632510468363762, 0.1635007604956627, 0.1604648634791374, 0.16253711730241777, 0.16017633229494094, 0.1618577241897583, 0.160531897097826, 0.15964031741023063, 0.15767002552747728, 0.1578986242413521, 0.15752188637852668, 0.15511942952871322, 0.15372369661927224, 0.15558767914772034, 0.1539239391684532, 0.1537826731801033, 0.15076152086257935, 0.15150058418512344, 0.15043446123600007, 0.1505776472389698, 0.14845295250415802, 0.1476357512176037, 0.14757822155952455, 0.14744450747966767, 0.1479869708418846, 0.14614250212907792, 0.14724976643919946, 0.14572089463472365, 0.14427518621087074, 0.1435894638299942, 0.14426159635186195, 0.14233336448669434, 0.1414870388805866, 0.14000813513994217, 0.14092536643147469, 0.1395758219063282, 0.13918520286679267, 0.139926665276289, 0.13752001598477365, 0.13725977689027785, 0.13817591443657876, 0.1361360028386116, 0.13626579716801643, 0.13552833944559098, 0.13355906307697296, 0.13459609672427178, 0.13357670083642006, 0.13356131687760353, 0.13062175512313842, 0.13053263612091542, 0.1308758281171322, 0.12981310449540615, 0.1278646245598793, 0.1280325774103403, 0.12622603587806225, 0.12872428633272648, 0.12781089320778846, 0.12627404630184175, 0.12527345307171345, 0.12477648518979549, 0.12353624366223812, 0.12228895574808121, 0.12238202802836895, 0.12301242016255856, 0.12130155935883521, 0.12096417509019375, 0.12216403260827065, 0.11983703523874283, 0.11996387541294098, 0.1198881771415472, 0.1170705322176218, 0.1190062340348959, 0.11815772019326687, 0.11735998950898648, 0.11768237650394439, 0.11794301271438598, 0.11827554777264596, 0.11607616953551769, 0.11374206990003585, 0.11343161761760712, 0.11343059353530408, 0.11327394768595696, 0.11298383884131909, 0.11342064402997494, 0.11077862903475762, 0.11189137808978558, 0.11050881706178188, 0.11039706207811832, 0.10845505148172378, 0.10924114100635052, 0.10680431127548218, 0.10766315311193467, 0.1085892926901579, 0.10801721438765526, 0.10604193769395351, 0.10512372814118862, 0.10452356822788715, 0.10425933264195919, 0.10256727300584316, 0.10444121696054935, 0.10331441834568977, 0.1030140046030283, 0.1030874215066433, 0.10177918784320354, 0.10092924125492572, 0.10140006132423877, 0.10234389379620552, 0.09931755512952804, 0.09743436947464942, 0.10062066279351711, 0.09949833825230599, 0.09933023601770401, 0.09705840945243835, 0.09758454076945781, 0.09548671208322049, 0.09823229387402535, 0.09874654971063138, 0.09448526613414288, 0.09646376520395279, 0.09381035529077053, 0.09412127956748009, 0.09336893111467362, 0.09289920479059219, 0.09351765625178814, 0.09201871603727341, 0.09171903543174267, 0.09112188555300235, 0.09261446818709373, 0.09121532067656517, 0.08905740901827812, 0.09002098478376866, 0.08904453814029693, 0.08950093872845173, 0.09166434705257416, 0.08801664486527443, 0.08927233032882213, 0.08692913725972176, 0.08847197853028774, 0.08853248097002506, 0.0851590983569622, 0.08746747262775897, 0.08556988276541233, 0.0841215681284666, 0.08704258240759373, 0.0848232164978981, 0.08280750252306461, 0.08627376742661, 0.08406221680343151, 0.08413890413939953, 0.0840800266712904, 0.08172595463693141, 0.08214532025158405, 0.08129260577261448, 0.08117295429110527, 0.08084234558045864, 0.08182493485510349, 0.07894715294241905, 0.08213697783648968, 0.07889310158789158, 0.07834716960787773, 0.08003955632448197, 0.07730800285935402, 0.07906293757259845, 0.07785953767597675, 0.0769177008420229, 0.07679928317666054, 0.07857875488698482, 0.0775772899389267, 0.07583950795233249, 0.07343309372663498, 0.07537776231765747, 0.07562901303172112, 0.07745471596717834, 0.07374534532427787, 0.07476420663297176, 0.07321761660277844, 0.07390281483530999, 0.07140407599508762, 0.07406107671558856, 0.07168490812182426, 0.07287028767168521, 0.07208046466112136, 0.07422428168356418, 0.07189548686146736, 0.06944439858198166, 0.06966091468930244, 0.07002150379121304, 0.0691182017326355, 0.0715525858104229, 0.06977820228785277, 0.06842729933559895, 0.06765504106879235, 0.07005267664790153, 0.06704015377908945, 0.06816596202552319, 0.06792223639786243, 0.06694057155400515, 0.0657038090750575, 0.06631788276135922, 0.06605745647102594, 0.06889383960515261, 0.06386971622705459, 0.06473450269550085, 0.06447528898715973, 0.06571401059627532, 0.06395888458937407, 0.06437125895172358, 0.06355069819837808, 0.06378114577382803, 0.062407567724585535, 0.06347521375864744, 0.06224843934178352, 0.06390644777566194, 0.06154074408113956, 0.0607161795720458, 0.06087094657123089, 0.061151952296495435, 0.06121651474386454, 0.06120417416095734, 0.06101934891194105, 0.060693328455090526, 0.06028639283031225, 0.062468714825809, 0.059807279519736765, 0.06019365154206753, 0.05672849640250206, 0.058475347235798836, 0.05893411133438349, 0.05698900930583477, 0.05836895704269409, 0.05893660802394152, 0.05790639482438564, 0.057637030817568304, 0.056130352057516576, 0.05819451883435249, 0.058063007146120074, 0.057015436515212056, 0.056417616084218025, 0.05617392584681511, 0.055405044741928575, 0.05761517900973558, 0.05548973120748997, 0.054165559262037276, 0.055255458876490596, 0.05526789408177137, 0.05401358939707279, 0.05392547026276588, 0.053263182193040846, 0.05222492273896932, 0.05477229990065098, 0.05369919147342443, 0.05218623634427786, 0.054077040404081345, 0.053549621254205704, 0.05184675920754671, 0.052443664707243445, 0.050550233386456964, 0.053309831954538825, 0.05192380603402853, 0.05244207996875048, 0.05063159577548504, 0.051080748438835144, 0.05251329895108938, 0.05025477521121502, 0.05066826045513153, 0.048610754497349265, 0.04976343642920256, 0.05021328013390303, 0.05067822299897671, 0.049147451482713225, 0.050504918210208416, 0.05025192108005285, 0.047720433212816715, 0.04876572731882334, 0.04800062570720911, 0.04797953218221664, 0.04619618263095617, 0.049108374305069445, 0.04879658911377192, 0.04604595974087715, 0.04696344118565321, 0.04599126018583775, 0.047697757929563524, 0.0452573312446475, 0.0465242225676775, 0.045600878447294234, 0.04613454565405846, 0.044959157891571525, 0.04702417142689228, 0.045337274111807345, 0.04486435446888208, 0.045438415743410586, 0.04776563793420792, 0.0454334819689393, 0.04387364946305752, 0.04527498260140419, 0.04384096879512071, 0.04475895296782255, 0.04338916912674904, 0.042572608962655065, 0.04362530633807182, 0.04261513389647007, 0.04185486361384392, 0.04195044469088316, 0.04199002385139465, 0.04281399361789227, 0.04209897331893444, 0.04382255729287863, 0.04324810300022364, 0.0428164541721344, 0.04235105738043785, 0.04202212393283844, 0.04284252189099789, 0.041184480488300326, 0.04088087063282728, 0.039710845053195956, 0.040074304305016996, 0.04115670844912529, 0.04230645932257175, 0.040340123884379867, 0.039814903400838375, 0.04009690545499325, 0.04040365852415562, 0.03924238383769989, 0.04020387325435877, 0.03942227996885776, 0.039533724449574946, 0.037981826439499856, 0.03906870372593403, 0.038829524628818037, 0.03866262529045343, 0.03929701335728168, 0.03912713397294283, 0.037298590317368506, 0.03913497515022755, 0.03707344569265843, 0.03931101989001036, 0.03658837247639894, 0.037591389007866384, 0.03655786048620939, 0.03671876545995474, 0.037066522613167764, 0.03553187577053905, 0.03636787962168455, 0.03552793655544519, 0.03715382944792509, 0.036917706951498985, 0.03514665886759758, 0.03653160966932774, 0.035621769912540915, 0.03470518700778484, 0.036688044853508475, 0.03587816776707768, 0.03682061173021793, 0.03558280365541577, 0.03801697697490454, 0.03543735034763813, 0.03514427253976464, 0.033176345936954024, 0.034170382842421534, 0.037599272653460504, 0.03419117610901594, 0.033149557560682295, 0.03591844718903303, 0.03483877126127481, 0.0332845525816083, 0.0330002267844975, 0.03470789026468992, 0.034497382771223786, 0.03280422920361161, 0.03365696398541331, 0.03178341267630458, 0.03380842301994562, 0.03392511000856757, 0.03199077965691686, 0.031319646071642636, 0.03090412588790059, 0.03236045958474278, 0.03273590747267008, 0.029888312425464393, 0.033412056230008605, 0.03263200605288148, 0.0322164042852819, 0.031058047059923412, 0.0324307506904006, 0.03090349668636918, 0.032070976216346025, 0.03334596157073975, 0.029226157162338496, 0.03325765375047922, 0.03147184010595083, 0.03153864042833447, 0.02980089159682393, 0.030497505236417054, 0.029458474647253752, 0.030272359680384397, 0.030456803645938633, 0.03232417423278093, 0.02977230241522193, 0.030330678913742304, 0.02935304371640086, 0.029798967018723487, 0.03059860048815608, 0.027968107908964156, 0.029926999751478434, 0.028185411263257264, 0.030792486388236284, 0.02888197936117649, 0.030236688163131475, 0.029254818428307773, 0.028975603450089694, 0.02832657443359494, 0.027426077425479888, 0.02880070051178336, 0.028279740549623966, 0.028896496817469596, 0.0286042339168489, 0.02756885103881359, 0.027783263195306062, 0.030368409305810928, 0.028617737535387277, 0.027279879711568356, 0.028290534857660532, 0.02567114429548383, 0.02650617193430662, 0.025627295020967722, 0.028376263845711947, 0.027049536630511285, 0.02576226321980357, 0.02837262926623225, 0.02683179397135973, 0.028601997159421445, 0.02649800442159176, 0.027071581315249206, 0.02599556865170598, 0.02673374963924289, 0.0262629852630198, 0.027137029729783536, 0.025841098744422197, 0.02451857170090079, 0.025162532087415458, 0.028298531658947468, 0.026123382989317177, 0.02580661913380027, 0.026078296080231666, 0.025466781482100485, 0.02635230664163828, 0.025959937181323767, 0.024328096583485604, 0.024658508040010928, 0.025702589470893145, 0.026920116506516933, 0.02455445025116205, 0.02345495205372572, 0.024909068644046784, 0.026586911268532278, 0.02442550491541624, 0.025119873508810998, 0.025842689722776414, 0.02232435652986169, 0.024833968840539455, 0.024677533376961946, 0.022699158638715744, 0.023406492546200752, 0.024870362039655446, 0.022896726615726948, 0.023973090667277576, 0.02449412001296878, 0.025998571515083314, 0.024435293953865768, 0.02350231995806098, 0.02397070350125432, 0.0226920897141099, 0.023424803093075753, 0.02338378978893161, 0.024018735438585282, 0.02220298210158944, 0.023728192783892155, 0.022752406913787125, 0.022931351512670516, 0.023209013137966396, 0.023399514518678187, 0.02246615756303072, 0.022016507014632224, 0.021926484629511835, 0.022676962055265905, 0.023981318436563016, 0.024240535125136374, 0.022140161879360677, 0.022906209994107484, 0.021971510630100964, 0.023516315780580044, 0.022290097177028657, 0.022121388092637063, 0.023257898259907962, 0.02325216345489025, 0.021776675432920455, 0.020835311617702246, 0.0220892533659935, 0.02211238779127598, 0.021987223252654075, 0.021433607675135136, 0.024928432796150445, 0.02053345153108239, 0.021769740711897613, 0.02211867356672883, 0.02087075300514698, 0.021319401636719703, 0.020710997655987738, 0.02228885507211089, 0.01991327339783311, 0.023787533398717642, 0.020158075820654632, 0.019787322729825974, 0.019979965314269064, 0.02100866325199604, 0.021542927343398334, 0.020524266362190246, 0.020871141273528338, 0.019719911366701127, 0.020674315746873617, 0.02054044120013714, 0.018930686917155982, 0.021020065806806088, 0.0208290321752429, 0.02084110602736473, 0.022077488619834183, 0.02147849602624774, 0.021299886610358955, 0.019764847494661807, 0.018861287180334328, 0.020584236178547145, 0.01894907411187887, 0.02077772868797183, 0.019943806808441877, 0.0194273354485631, 0.02158190356567502, 0.02032317891716957, 0.01795801459811628, 0.020918675046414138, 0.020950417313724757, 0.019705252069979907, 0.019355683587491512, 0.020139774680137633, 0.021070301719009876, 0.019473305623978376, 0.01944700162857771, 0.019459493830800055, 0.01849767854437232, 0.018426437256857754, 0.01962647447362542, 0.01954425242729485]
Validation Losses: [0.6938396453857422, 0.6938889741897583, 0.6941739797592164, 0.6944723010063172, 0.6946952700614929, 0.6910719633102417, 0.6909787654876709, 0.6924320340156556, 0.6924087047576905, 0.6906618237495422, 0.6912893176078796, 0.6909587502479553, 0.6938756585121155, 0.6909966468811035, 0.6914275884628296, 0.6910261154174805, 0.6903324723243713, 0.6909746646881103, 0.6890448808670044, 0.6904757618904114, 0.690470552444458, 0.689044201374054, 0.6904363870620728, 0.6909861087799072, 0.6903055310249329, 0.6895108580589294, 0.6883524179458618, 0.6894208908081054, 0.6877674579620361, 0.6894461870193481, 0.6883033275604248, 0.6883572578430176, 0.6878503680229187, 0.6890255331993103, 0.6874017477035522, 0.6871220946311951, 0.6861589789390564, 0.6864765167236329, 0.6859075903892518, 0.687220573425293, 0.6859823703765869, 0.6858700275421142, 0.6863211274147034, 0.6867887020111084, 0.6857374310493469, 0.6861525774002075, 0.6850722789764404, 0.685586440563202, 0.6858436942100525, 0.6841902494430542, 0.6839846014976502, 0.6845906496047973, 0.683319365978241, 0.6844876170158386, 0.682881760597229, 0.6825506687164307, 0.6838144302368164, 0.6823518514633179, 0.6823177456855773, 0.6823656320571899, 0.6818915367126465, 0.6834223389625549, 0.6804379224777222, 0.6793627381324768, 0.6799092054367065, 0.680591881275177, 0.6773550987243653, 0.6813372731208801, 0.6805792450904846, 0.6782966613769531, 0.677534568309784, 0.6779598593711853, 0.6797106266021729, 0.6778521656990051, 0.6773804783821106, 0.6785315036773681, 0.6733943700790406, 0.6755620956420898, 0.6770180344581604, 0.6762715458869935, 0.674948799610138, 0.6760735034942627, 0.6737870573997498, 0.6749485492706299, 0.6743205428123474, 0.671559751033783, 0.6722647786140442, 0.6716043591499329, 0.6720067739486695, 0.6707764267921448, 0.6697039484977723, 0.6721706390380859, 0.6696426510810852, 0.6663376927375794, 0.6702802658081055, 0.6666990160942078, 0.6666290760040283, 0.6684271454811096, 0.6648776292800903, 0.6677286267280579, 0.663848602771759, 0.6654676914215087, 0.6635494232177734, 0.6613565683364868, 0.6616793870925903, 0.6610923290252686, 0.6615893840789795, 0.659691333770752, 0.6606976985931396, 0.6584757208824158, 0.656363022327423, 0.655866277217865, 0.6548350572586059, 0.6554428577423096, 0.653348731994629, 0.6523863315582276, 0.652259111404419, 0.6521696805953979, 0.6510234594345092, 0.6477192997932434, 0.6464873313903808, 0.648662006855011, 0.6479761958122253, 0.6440167427062988, 0.6449257850646972, 0.6428149104118347, 0.6420606374740601, 0.6405097603797912, 0.6410595059394837, 0.6417600035667419, 0.6362764716148377, 0.6368034958839417, 0.6328722357749939, 0.6309695959091186, 0.6302428483963013, 0.6318410754203796, 0.6255433201789856, 0.6274259209632873, 0.6235453128814697, 0.624533188343048, 0.6218303561210632, 0.6192445397377014, 0.6183927774429321, 0.6169022202491761, 0.6174201250076294, 0.6130906939506531, 0.6129572987556458, 0.6089445233345032, 0.6089494347572326, 0.6115513205528259, 0.6106194734573365, 0.6058391809463501, 0.6033651232719421, 0.6014425992965698, 0.5986925601959229, 0.5970336437225342, 0.5953821182250977, 0.5899038910865784, 0.5915366530418396, 0.5909907102584839, 0.5883368730545044, 0.5880265712738038, 0.5826764345169068, 0.5800651907920837, 0.5828469634056092, 0.5808552742004395, 0.5775527477264404, 0.5776455163955688, 0.5716110587120056, 0.5720033645629883, 0.5698872327804565, 0.5687103152275086, 0.564617931842804, 0.5634284853935242, 0.5619848370552063, 0.5577646732330322, 0.5562800407409668, 0.5544898509979248, 0.5533891677856445, 0.5540209650993347, 0.5499028205871582, 0.5452433466911316, 0.5458912491798401, 0.5424402832984925, 0.5417778372764588, 0.5385210514068604, 0.5338407158851624, 0.5314013481140136, 0.5319051504135132, 0.5317701101303101, 0.5273302912712097, 0.523728895187378, 0.5226843237876893, 0.5222775220870972, 0.5175944328308105, 0.5150265097618103, 0.5162325501441956, 0.5131064772605896, 0.5101187348365783, 0.509035611152649, 0.5093419194221497, 0.5041785120964051, 0.500725120306015, 0.5000752747058869, 0.49537835717201234, 0.4932944655418396, 0.49943106770515444, 0.48988898992538454, 0.49153866767883303, 0.4873698830604553, 0.4864496886730194, 0.4851084887981415, 0.47973584532737734, 0.4824058175086975, 0.47992509603500366, 0.4817352294921875, 0.47604955434799195, 0.47282408475875853, 0.4712118566036224, 0.471159565448761, 0.46537827253341674, 0.46380215883255005, 0.4607353925704956, 0.46339223384857176, 0.4607803463935852, 0.4598664402961731, 0.4544865071773529, 0.4576539397239685, 0.45128034353256224, 0.4524336874485016, 0.449600476026535, 0.44787943959236143, 0.4451255679130554, 0.44521657228469846, 0.4387153208255768, 0.43602741956710817, 0.4338661193847656, 0.4341223776340485, 0.43191954493522644, 0.4274965226650238, 0.42895522713661194, 0.4284935235977173, 0.4286500871181488, 0.4199178695678711, 0.4243162274360657, 0.4203740119934082, 0.4167612314224243, 0.4166366159915924, 0.41345410943031313, 0.4111986756324768, 0.4102285087108612, 0.4118921935558319, 0.4074997782707214, 0.4049661457538605, 0.4047171413898468, 0.40188629627227784, 0.39905610084533694, 0.40400162935256956, 0.3953538239002228, 0.39634984731674194, 0.3918562948703766, 0.39232141971588136, 0.3897229194641113, 0.3901966869831085, 0.3836003363132477, 0.38671110272407533, 0.3878660500049591, 0.38018781542778013, 0.38155558705329895, 0.37568811178207395, 0.3768800675868988, 0.37845746874809266, 0.37844082713127136, 0.3731359958648682, 0.37332037687301634, 0.3717836201190948, 0.36649123430252073, 0.36615132689476015, 0.3636015892028809, 0.36557931303977964, 0.36219491362571715, 0.3622822999954224, 0.36150419116020205, 0.35833285450935365, 0.3568894624710083, 0.3559043347835541, 0.3554153203964233, 0.3547654986381531, 0.3474212229251862, 0.35240204334259034, 0.3506835877895355, 0.34698343873023985, 0.3439293444156647, 0.34470435976982117, 0.3416585624217987, 0.340946102142334, 0.34230644106864927, 0.3381707489490509, 0.33897278308868406, 0.33834848999977113, 0.3344546914100647, 0.33268582820892334, 0.334499317407608, 0.3314137995243073, 0.33110644221305846, 0.33003464341163635, 0.32739505767822263, 0.32552947998046877, 0.3245895028114319, 0.3291806161403656, 0.32413172721862793, 0.322602254152298, 0.32464598417282103, 0.3205713272094727, 0.3166782796382904, 0.31779786944389343, 0.3161668360233307, 0.3171882390975952, 0.31458413004875185, 0.31337236166000365, 0.3146179974079132, 0.3135745286941528, 0.30889557003974916, 0.30990706086158754, 0.30798940658569335, 0.3062674283981323, 0.3068453907966614, 0.30890060067176817, 0.3058874666690826, 0.30585516095161436, 0.302988201379776, 0.2996947646141052, 0.30228338241577146, 0.29370900988578796, 0.2975171446800232, 0.29377031326293945, 0.2923931896686554, 0.2957789897918701, 0.2936250567436218, 0.2914327383041382, 0.2917690396308899, 0.2943441569805145, 0.2915033042430878, 0.2897997498512268, 0.2881497621536255, 0.28787511587142944, 0.289436537027359, 0.28642587661743163, 0.28621789813041687, 0.28268500566482546, 0.2811238944530487, 0.281514835357666, 0.2849417746067047, 0.2795049548149109, 0.2775432229042053, 0.2785340487957001, 0.2804189383983612, 0.2757151901721954, 0.2768957018852234, 0.27627472281455995, 0.2755573809146881, 0.27389290928840637, 0.26955742239952085, 0.2666537523269653, 0.2740468382835388, 0.2669428884983063, 0.26690876483917236, 0.26778112053871156, 0.26380162835121157, 0.2698311388492584, 0.26677060723304746, 0.2593735337257385, 0.2638850688934326, 0.2654392600059509, 0.26412129402160645, 0.2640481948852539, 0.2630617141723633, 0.26078376173973083, 0.25681253969669343, 0.2574136912822723, 0.2516764849424362, 0.2587470829486847, 0.2524812400341034, 0.25530281066894533, 0.256382417678833, 0.2554089665412903, 0.25342196226119995, 0.2563990980386734, 0.25204046070575714, 0.24850760400295258, 0.24665772616863252, 0.24437613189220428, 0.2502972692251205, 0.2505909830331802, 0.2428719788789749, 0.24688948094844818, 0.242340150475502, 0.23955775797367096, 0.24539999663829803, 0.2429697722196579, 0.2429921269416809, 0.24059223234653473, 0.24142634868621826, 0.24406455159187318, 0.233891561627388, 0.24015357792377473, 0.235608971118927, 0.23443409502506257, 0.2362976312637329, 0.2372667372226715, 0.23447836935520172, 0.23304060399532317, 0.2305395245552063, 0.23254174888134002, 0.23309727609157563, 0.22949831187725067, 0.22838410139083862, 0.2340067833662033, 0.2297674000263214, 0.22922694385051728, 0.2273476839065552, 0.2277003914117813, 0.22307092249393462, 0.22693504393100739, 0.23514971733093262, 0.23120144307613372, 0.22674036026000977, 0.22726834416389466, 0.22149887681007385, 0.2234756290912628, 0.22094789445400237, 0.22635942995548247, 0.22088688910007476, 0.21855133771896362, 0.21917777955532075, 0.21770844459533692, 0.21831004023551942, 0.2195647805929184, 0.21619415879249573, 0.21857227087020875, 0.21708210706710815, 0.21655840277671815, 0.21685988903045655, 0.214352947473526, 0.2147555023431778, 0.2146491974592209, 0.21972895562648773, 0.21527264416217803, 0.2150563895702362, 0.20793136060237885, 0.21404657661914825, 0.20860652923583983, 0.20880300998687745, 0.20651013851165773, 0.20769457519054413, 0.21248324513435363, 0.20821692645549775, 0.20765052735805511, 0.20624474287033082, 0.20448955297470092, 0.20607973039150237, 0.2030279129743576, 0.20032574832439423, 0.20287739038467406, 0.2042225182056427, 0.20121116638183595, 0.20675171315670013, 0.2043721228837967, 0.2035329073667526, 0.20503730773925782, 0.1985655277967453, 0.19636672735214233, 0.19941124618053435, 0.1995382070541382, 0.2065824657678604, 0.19479086995124817, 0.19916917085647584, 0.20219092071056366, 0.19406832456588746, 0.19172239303588867, 0.20295345783233643, 0.19389399886131287, 0.19571409821510316, 0.19099307656288148, 0.20104170143604277, 0.1924921005964279, 0.1930924028158188, 0.19396073818206788, 0.19463623464107513, 0.1920262962579727, 0.1971723109483719, 0.18599725067615508, 0.1880940467119217, 0.18682673573493958, 0.18586811423301697, 0.190034943819046, 0.18726236522197723, 0.18550817370414735, 0.1885744571685791, 0.18477311134338378, 0.18919836282730101, 0.18662963211536407, 0.18861526250839233, 0.17981577515602112, 0.1865627199411392, 0.18429521322250367, 0.1841245859861374, 0.18696214258670807, 0.181106835603714, 0.18307198882102965, 0.17923752665519715, 0.18484840393066407, 0.1800260901451111, 0.1823631703853607, 0.1782495230436325, 0.18056435883045197, 0.1820158690214157, 0.17832959890365602, 0.18022448122501372, 0.1769076406955719, 0.17620199024677277, 0.17701363563537598, 0.17192267775535583, 0.1803453117609024, 0.1815574586391449, 0.1818804234266281, 0.17525420784950257, 0.1710525393486023, 0.1755910873413086, 0.1728103756904602, 0.17401282787322997, 0.1743753284215927, 0.17482672929763793, 0.17378895580768586, 0.17517168819904327, 0.17281855642795563, 0.17426566779613495, 0.17378391921520234, 0.17202742993831635, 0.172214537858963, 0.16982119381427765, 0.1704091638326645, 0.16985401809215545, 0.1644106090068817, 0.17240256071090698, 0.17222126722335815, 0.17154458463191985, 0.169896137714386, 0.17171116769313813, 0.1725539058446884, 0.1686442732810974, 0.17075918316841127, 0.1671447664499283, 0.17011536955833434, 0.1629362404346466, 0.17327404022216797, 0.16426670849323272, 0.16498123705387116, 0.16389111578464508, 0.16464597582817078, 0.15975781977176667, 0.16700405180454253, 0.16723245978355408, 0.1632875233888626, 0.15758995115756988, 0.1633233517408371, 0.15976174175739288, 0.16711192727088928, 0.16222665905952455, 0.15673356652259826, 0.1615104079246521, 0.16096988320350647, 0.16186798512935638, 0.16341196298599242, 0.16060324311256408, 0.15710003077983856, 0.16100322008132933, 0.1573399543762207, 0.1598620146512985, 0.15975046753883362, 0.16431885659694673, 0.17027448117733002, 0.15818414986133575, 0.15723800659179688, 0.15860017538070678, 0.15559089481830596, 0.1565728157758713, 0.15587055683135986, 0.15122653543949127, 0.15462608635425568, 0.14980809092521669, 0.15375995337963105, 0.15588220655918122, 0.1512189269065857, 0.14984691739082337, 0.14941361248493196, 0.15297822654247284, 0.15950638353824614, 0.15202499628067018, 0.14559822678565978, 0.15123581886291504, 0.1524259477853775, 0.15160826444625855, 0.15671898424625397, 0.15423235893249512, 0.14867085516452788, 0.15747858881950377, 0.15175801515579224, 0.15122856497764586, 0.15159013569355012, 0.1544383466243744, 0.1492391347885132, 0.1503131151199341, 0.14903786778450012, 0.15085483193397523, 0.15466199219226837, 0.15322770476341246, 0.1480550706386566, 0.1385466605424881, 0.14891394674777986, 0.14785035252571105, 0.14526988565921783, 0.14534226059913635, 0.14466363489627837, 0.14706396758556367, 0.14120528101921082, 0.1460091084241867, 0.14772810339927672, 0.14381688833236694, 0.13712630271911622, 0.14986304938793182, 0.14339212477207183, 0.1416815310716629, 0.14348958134651185, 0.13652770221233368, 0.14513202011585236, 0.14825793206691742, 0.14509087502956391, 0.1467298299074173, 0.1407012641429901, 0.1388962984085083, 0.14227870106697083, 0.14181072413921356, 0.13866001665592192, 0.13929896354675292, 0.1469472497701645, 0.14412756264209747, 0.13867453932762147, 0.13746672570705415, 0.14230293929576873, 0.13719258308410645, 0.14063676297664643, 0.13866229057312013, 0.13800545930862426, 0.13788993060588836, 0.14463310241699218, 0.13976064324378967, 0.14419484436511992, 0.1388056367635727, 0.1371412307024002, 0.1376705139875412, 0.1383235603570938, 0.1456715315580368, 0.13543813824653625, 0.1367133378982544, 0.13133450448513032, 0.13331273794174195, 0.1359212130308151, 0.1383735716342926, 0.1471706360578537, 0.1421627938747406, 0.13195455223321914, 0.1338447719812393, 0.13398772180080415, 0.12843407094478607, 0.1345748007297516, 0.13941797912120818, 0.1366563230752945, 0.13798755407333374, 0.1370313882827759, 0.13301541656255722, 0.13404672145843505, 0.13313060700893403, 0.1294230490922928, 0.13264285624027253, 0.12815270721912383, 0.13373851180076599, 0.13614576160907746, 0.13183463513851165, 0.13109369874000548, 0.13328999280929565, 0.139630788564682, 0.13735025227069855, 0.12946440577507018, 0.13057711124420165, 0.13243017792701722, 0.1361253470182419, 0.13473691940307617, 0.13370441794395446, 0.12998806834220886, 0.13008223474025726, 0.13394590020179747, 0.13153764009475707, 0.1349288046360016, 0.12991837561130523, 0.13813402652740478, 0.12932673394680022, 0.12598941922187806, 0.1229545533657074, 0.12967358231544496, 0.12868493795394897, 0.13473377227783204, 0.12884509712457656, 0.1279804974794388, 0.13239379823207856, 0.12168091386556626, 0.13165263682603837, 0.1285567194223404, 0.12817369699478148, 0.12784560024738312, 0.12740406543016433, 0.1289936199784279, 0.1354294776916504, 0.124477519094944, 0.1265963777899742, 0.13492341637611388, 0.13163847625255584, 0.1409441590309143, 0.13293739557266235, 0.1235356092453003, 0.1318163365125656, 0.13055321723222732, 0.12428924888372421, 0.12205434143543244, 0.12256444990634918, 0.12750283628702164, 0.12677877843379975, 0.12382966876029969, 0.12816419899463655, 0.13251424133777617, 0.12636959850788115, 0.1288018673658371, 0.13014641404151917, 0.12601160258054733, 0.13100704103708266, 0.12584130764007567, 0.13658686876296997, 0.12309260815382003, 0.12731850147247314, 0.1293118491768837, 0.12431879192590714, 0.13498663008213044, 0.13011651933193208, 0.12700916677713395, 0.12780863791704178, 0.1271502271294594, 0.11455738544464111, 0.11886413097381592, 0.12976876497268677, 0.12944465577602388, 0.1265386313199997, 0.12489277571439743, 0.11897199302911758, 0.12758716493844985, 0.12229951918125152, 0.1260529041290283, 0.1221092090010643, 0.1286407843232155, 0.12704813927412034, 0.12266111075878143, 0.12005497515201569, 0.12169153839349747, 0.1256645902991295, 0.12311744689941406, 0.12279633730649948, 0.12609591484069824, 0.12393861114978791, 0.12196852415800094, 0.1271829605102539, 0.1306256592273712, 0.1287665694952011, 0.12039185166358948, 0.13107773959636687, 0.12604951560497285, 0.13238934725522994, 0.12884465456008912, 0.12382500618696213, 0.1309218853712082, 0.1271306976675987, 0.11875782757997513, 0.12633336782455445, 0.12739910185337067, 0.13207692056894302, 0.12900816947221755, 0.1238527774810791, 0.11933194547891617, 0.11851318925619125, 0.1233484223484993, 0.11564915180206299, 0.1266669064760208, 0.11536342352628708, 0.12126553654670716, 0.12861832082271576, 0.12677924633026122, 0.12331621199846268, 0.12199166715145111, 0.13302005231380462, 0.12942036539316176, 0.12474903464317322, 0.12423294633626938, 0.12980765700340272, 0.11672247052192689, 0.11999582499265671, 0.12024682015180588, 0.11842737942934037, 0.11984259784221649, 0.12630713284015654, 0.11997149884700775, 0.12938983142375945, 0.1262035682797432, 0.11936986595392227, 0.12974754869937896, 0.11813640296459198, 0.1175690084695816, 0.12182997167110443, 0.11895290315151215, 0.1322482481598854, 0.1319554403424263, 0.13057702779769897, 0.11651035547256469, 0.12006730437278748, 0.12385835498571396, 0.12672502249479295, 0.11550682187080383, 0.1192833885550499, 0.1320305734872818, 0.126494836807251, 0.1281367152929306, 0.11519569903612137, 0.12962586283683777, 0.12650318145751954, 0.12137949466705322, 0.11873466670513153, 0.1284814164042473, 0.1224918931722641, 0.12011431455612183, 0.12038775086402893, 0.12307684421539307, 0.12705353051424026, 0.12387856841087341, 0.11318104863166809, 0.11906570047140122, 0.12113993763923644, 0.1184223935008049, 0.12206872552633286, 0.12719803303480148, 0.11910568922758102, 0.12498141825199127, 0.13014511466026307, 0.11782937049865723, 0.12339408099651336, 0.12765323221683503, 0.12402909696102142, 0.11979497969150543, 0.13398427665233612, 0.11763793081045151, 0.12081484645605087, 0.11824582815170288, 0.11277681291103363, 0.12624561488628389, 0.12502786070108413, 0.12117199301719665, 0.1259373664855957, 0.12055346667766571, 0.12530301064252852, 0.12080742716789246, 0.12212508022785187, 0.12527937740087508, 0.1257023885846138, 0.11998225897550582, 0.11682449728250503, 0.12482591569423676, 0.12106436938047409, 0.12457515448331832, 0.12078391164541244, 0.11829369366168976, 0.12330174446105957, 0.1298242285847664, 0.11648019999265671, 0.12206435203552246, 0.12148746401071549, 0.11692259907722473, 0.12547438591718674, 0.12317698001861573, 0.1215407282114029, 0.1270899474620819, 0.12376193851232528, 0.12355725765228272, 0.11282137036323547, 0.11882189065217971, 0.12569351345300675, 0.12206462174654006, 0.11981249004602432, 0.1287853941321373, 0.12867972999811172, 0.12388795912265778, 0.12390552312135697, 0.1212154820561409, 0.12660072594881058, 0.11526273190975189, 0.11945301294326782, 0.1328643649816513, 0.12771696597337723, 0.12385893315076828, 0.12366711795330047, 0.11831426173448563, 0.12140443921089172, 0.12376715391874313, 0.11970955729484559, 0.12003957778215409, 0.12366261780261993, 0.12258183062076569, 0.1287102669477463, 0.1341942459344864, 0.1269646927714348, 0.12453386038541794, 0.12854328155517578, 0.11969149708747864, 0.12732309252023696, 0.12418750673532486, 0.1268414482474327, 0.12991831004619597, 0.11589708775281907, 0.11573772728443146, 0.13191769421100616, 0.1281282678246498, 0.12325600683689117, 0.12777478843927384, 0.12627868354320526, 0.1217359721660614, 0.11708285957574845, 0.12242747247219085, 0.12095043659210206, 0.1260623961687088, 0.1289337992668152, 0.1334674060344696, 0.1299951493740082, 0.11878450661897659, 0.12896520644426346, 0.12491156160831451, 0.13112748116254808, 0.12106771022081375, 0.12100560367107391, 0.11832303255796432, 0.12705953419208527, 0.12536242753267288, 0.13467912673950194, 0.12583642452955246, 0.12811162769794465, 0.12355977445840835, 0.12450924813747406, 0.1317700058221817, 0.12195028215646744, 0.11985982209444046, 0.12620820552110673, 0.12030637711286545, 0.12572734355926513, 0.12484625726938248, 0.12262719124555588]
