Enhancer: E22P1E6
Label: mm_v_all
Padding: True
Batch Size: 256
Learning Rate: 2e-06
Epochs: 1000
Subset: 1.0 (number of training samples: 700)
Weight Decay: 0.01
Optimizer: adam
Coverage: 10
Jiggle: 3
Confusion Matrix: [[0.923469387755102, 0.07653061224489796], [0.9642857142857143, 0.03571428571428571]]
Unnormalized Confusion Matrix: [[181, 15], [27, 1]]
Number of Epochs: 183
Train Losses: [0.695854643980662, 0.6953497131665548, 0.6959092219670614, 0.6933640440305074, 0.6923199693361918, 0.6953426599502563, 0.6959955294926962, 0.6964791218439738, 0.6952347755432129, 0.6925499240557352, 0.6945787072181702, 0.6932345231374105, 0.6969162424405416, 0.6907132863998413, 0.6981757283210754, 0.6930848757425944, 0.6946940620740255, 0.695014496644338, 0.6930040319760641, 0.6949514746665955, 0.6921590566635132, 0.6956819097201029, 0.6933656136194865, 0.693078339099884, 0.6953003803888956, 0.6912203629811605, 0.6933508912722269, 0.6910907626152039, 0.6945799191792806, 0.6929604808489481, 0.692828635374705, 0.6932272712389628, 0.6935833891232809, 0.6928192377090454, 0.6947216590245565, 0.6903743942578634, 0.6945894360542297, 0.697338879108429, 0.6917107105255127, 0.6941723624865214, 0.6966792742411295, 0.6933302879333496, 0.6918621261914571, 0.6942243178685507, 0.6922661463419596, 0.6965669194857279, 0.6952028075853983, 0.6903538107872009, 0.6970786452293396, 0.6933302680651346, 0.6973173220952352, 0.6935216188430786, 0.6933878660202026, 0.6938401063283285, 0.6932333707809448, 0.6946540673573812, 0.6894965370496114, 0.6913514733314514, 0.6917417049407959, 0.6949100295702616, 0.6947766145070394, 0.6909979780515035, 0.6925013264020284, 0.6931294997533163, 0.6928311983744303, 0.6934113105138143, 0.693472663561503, 0.6920715769131979, 0.6955128908157349, 0.690157413482666, 0.69223024447759, 0.6935884952545166, 0.6942764123280843, 0.691454291343689, 0.6943335930506388, 0.6918988823890686, 0.6933117111523946, 0.6911476254463196, 0.6948287089665731, 0.6927977005640665, 0.6926095485687256, 0.6941133340199789, 0.689720352490743, 0.6931763490041097, 0.6926421920458475, 0.6913699905077616, 0.6920396685600281, 0.6940430204073588, 0.693414052327474, 0.6954697171847025, 0.6933526396751404, 0.6905690630276998, 0.6935933430989584, 0.6922179460525513, 0.6924809416135153, 0.6928960482279459, 0.6955630779266357, 0.6937037110328674, 0.6927268902460734, 0.6939213871955872, 0.695093552271525, 0.6945524414380392, 0.6932536760965983, 0.6905504663785299, 0.6937666336695353, 0.6918336947758993, 0.6937771042188009, 0.6917736331621805, 0.6932806173960367, 0.6921766996383667, 0.6921266516049703, 0.6948582132657369, 0.6911863287289938, 0.6912302374839783, 0.6920811136563619, 0.6918925046920776, 0.692785918712616, 0.6913041671117147, 0.6932325959205627, 0.689915120601654, 0.6929802497227987, 0.6916132569313049, 0.6928491393725077, 0.6891979773839315, 0.6913547515869141, 0.6938473780949911, 0.6931164463361105, 0.6896979411443075, 0.6925978660583496, 0.6927876472473145, 0.6927457054456075, 0.6941889723141988, 0.6938443581263224, 0.690264622370402, 0.6924986044565836, 0.695662279923757, 0.69342968861262, 0.6927298108736674, 0.6935637593269348, 0.6926475962003072, 0.6945981582005819, 0.6922991474469503, 0.6940495371818542, 0.6906632383664449, 0.6934415698051453, 0.6945826013882955, 0.6918524305025736, 0.6924838026364645, 0.6909468770027161, 0.6919169624646505, 0.6936780214309692, 0.692195455233256, 0.6917670567830404, 0.6923743089040121, 0.6930903395016988, 0.6912721991539001, 0.6917664806048075, 0.6927350362141927, 0.6932646632194519, 0.6927783687909445, 0.6933446923891703, 0.6908111770947775, 0.6907161474227905, 0.6940100391705831, 0.6924411058425903, 0.6924609939257304, 0.6900542775789896, 0.6926149527231852, 0.692556361357371, 0.6927023927370707, 0.6919127106666565, 0.6944913864135742, 0.6926306287447611, 0.6889849503835043, 0.6934248407681783, 0.6931623816490173, 0.6920534173647562, 0.6919669906298319, 0.6940865516662598, 0.6906234622001648, 0.6938683390617371, 0.6927061279614767, 0.6938300331433614]
Validation Losses: [0.6922379732131958, 0.6887696981430054, 0.6921630501747131, 0.6924075484275818, 0.6932552456855774, 0.6926150918006897, 0.6927539110183716, 0.6920305490493774, 0.6942164301872253, 0.6954873204231262, 0.6914857029914856, 0.6914718151092529, 0.6924453377723694, 0.6941812634468079, 0.693803071975708, 0.6917499303817749, 0.6927862167358398, 0.6932565569877625, 0.6924950480461121, 0.6922267079353333, 0.6921414136886597, 0.6899484395980835, 0.6928471326828003, 0.6926398873329163, 0.6971513032913208, 0.6948646903038025, 0.6917597055435181, 0.6955647468566895, 0.7001333236694336, 0.6942444443702698, 0.6918869018554688, 0.6930906176567078, 0.6944684982299805, 0.693031370639801, 0.6956819295883179, 0.6953572630882263, 0.6957592964172363, 0.691585898399353, 0.6913409233093262, 0.6905538439750671, 0.6927662491798401, 0.6896991729736328, 0.695054292678833, 0.6941937804222107, 0.693027138710022, 0.6934073567390442, 0.6878748536109924, 0.6947537660598755, 0.6903706789016724, 0.6905189156532288, 0.6928990483283997, 0.6957295536994934, 0.6927729249000549, 0.6957001090049744, 0.6894421577453613, 0.6920531988143921, 0.6948100328445435, 0.695952296257019, 0.6927663683891296, 0.6898320913314819, 0.6947292685508728, 0.6907863616943359, 0.6928484439849854, 0.6950420141220093, 0.690411388874054, 0.6932271122932434, 0.6969621181488037, 0.6929108500480652, 0.6929597854614258, 0.6932703852653503, 0.6906991600990295, 0.6916353702545166, 0.6929737329483032, 0.6934662461280823, 0.6959781646728516, 0.6933831572532654, 0.6953176259994507, 0.6953826546669006, 0.6941335797309875, 0.6914409399032593, 0.6912282109260559, 0.6904322504997253, 0.6875318884849548, 0.6922692060470581, 0.6894930005073547, 0.6961613297462463, 0.6962874531745911, 0.6924625635147095, 0.6926829814910889, 0.6960198283195496, 0.6954626441001892, 0.6933919191360474, 0.6957858800888062, 0.6940092444419861, 0.6967838406562805, 0.693885326385498, 0.6941443085670471, 0.6947147846221924, 0.6909118294715881, 0.6941136121749878, 0.6953522562980652, 0.6923851370811462, 0.6957367658615112, 0.6951560974121094, 0.6957008838653564, 0.6920197606086731, 0.6924561262130737, 0.692210853099823, 0.6942482590675354, 0.6928418874740601, 0.6977907419204712, 0.6937389373779297, 0.6958152651786804, 0.6943828463554382, 0.693912148475647, 0.6946005821228027, 0.6922314167022705, 0.6896347403526306, 0.6926689147949219, 0.6926088333129883, 0.6948071122169495, 0.6943206191062927, 0.6919482946395874, 0.690507173538208, 0.6946572661399841, 0.6927012801170349, 0.6930063366889954, 0.6930488348007202, 0.6923031806945801, 0.6957446932792664, 0.6921842694282532, 0.6899291276931763, 0.6963787078857422, 0.694333553314209, 0.6932349801063538, 0.6936089992523193, 0.6938713788986206, 0.6930727362632751, 0.694230854511261, 0.6937307119369507, 0.6921712756156921, 0.696675717830658, 0.6961358189582825, 0.6977006793022156, 0.697108268737793, 0.6941946148872375, 0.6928215622901917, 0.6937341094017029, 0.6941871643066406, 0.6926299929618835, 0.6957725882530212, 0.6949805021286011, 0.6933441162109375, 0.6939254999160767, 0.692404568195343, 0.6963561773300171, 0.6916489005088806, 0.6932066082954407, 0.6950351595878601, 0.694765031337738, 0.6943306922912598, 0.695894181728363, 0.6958784461021423, 0.6913961172103882, 0.6917192935943604, 0.6899836659431458, 0.6911780834197998, 0.6950175762176514, 0.693874180316925, 0.694101095199585, 0.6933614015579224, 0.6934758424758911, 0.6923852562904358, 0.6912116408348083, 0.6949604153633118, 0.6930457353591919, 0.6949800848960876, 0.6951112747192383, 0.693792462348938, 0.6916235089302063, 0.690533459186554, 0.6946402192115784, 0.6909339427947998]
Validation ROC AUC: 0.826086956521739
Validation Confusion Matrix: [[21, 2], [1, 1]]
Validation Precision: 0.3333333333333333
Validation Recall: 0.5
Validation F1 Score: 0.4
Validation Accuracy: 0.88
Test ROC AUC: 0.375
Test Confusion Matrix: [[26, 2], [4, 0]]
Test Precision: 0.0
Test Recall: 0.0
Test F1 Score: 0.0
Test Accuracy: 0.8125
Validation Set Size: 25
Test Set Size: 32
