Enhancer: E23H5
Label: mm_v_all
Padding: True
Batch Size: 256
Learning Rate: 2e-06
Epochs: 1000
Subset: 1.0 (number of training samples: 14896)
Weight Decay: 0.01
Optimizer: adam
Coverage: 3
Jiggle: 3
Confusion Matrix: [[0.8864209994952045, 0.11357900050479555], [0.2542857142857143, 0.7457142857142857]]
Unnormalized Confusion Matrix: [[3512, 450], [178, 522]]
Number of Epochs: 653
Train Losses: [0.6936151132745257, 0.6933783868611869, 0.6932005548881273, 0.6930413094617552, 0.6928479782605576, 0.6928159877405329, 0.693556019815348, 0.6930936655755771, 0.6931031639293089, 0.6928573159848229, 0.6931830796144777, 0.6927207991228266, 0.6928329154596491, 0.6926715616452492, 0.692808173470578, 0.6927668118880967, 0.6931581194117918, 0.6927635265608966, 0.692767209925894, 0.6923869615894253, 0.6927619626966574, 0.6925183655851979, 0.6926253741070375, 0.6925130001569199, 0.6923495308827545, 0.6925178564200967, 0.6926333096067784, 0.692492701239505, 0.6924636515520387, 0.6924244023985782, 0.692229674024097, 0.6921428037902057, 0.6922938076116271, 0.6919516052229929, 0.6924213655924393, 0.6923483246463841, 0.6922674704406221, 0.6923793210821637, 0.6921512009733815, 0.6918551346002999, 0.6919801578683368, 0.6920071739261433, 0.6918258384122686, 0.6919220665753898, 0.6921102980435905, 0.6919201087143462, 0.6919146341792608, 0.6917310478323597, 0.6916749164209528, 0.6916216137045521, 0.691582986863993, 0.6919524427187644, 0.6917997911825018, 0.69170711505211, 0.6915054634466009, 0.691716632600558, 0.691565724752717, 0.6913520037117651, 0.6915268524218414, 0.6912192459833824, 0.6916118072251142, 0.6915454915014364, 0.6913092813249362, 0.6908907769090038, 0.6911968194832236, 0.691228379637508, 0.6914464366638055, 0.6907639341839289, 0.6914459133552293, 0.6907986796508401, 0.6912676489959328, 0.6910938499337536, 0.6910839767779334, 0.6907243112386283, 0.691114655995773, 0.6910953612650855, 0.6908083194393223, 0.6905263591620882, 0.690451149213112, 0.6906262323007746, 0.6902399315672406, 0.6906954100576498, 0.6905575455245325, 0.6906190484257068, 0.6902492612095202, 0.6905669105254998, 0.6902270104925511, 0.690419432470354, 0.6902152552443036, 0.6902985916299335, 0.6903951562057107, 0.6898546996763197, 0.6901557647575767, 0.6901105824163405, 0.6899835740105581, 0.6898307790190487, 0.6900296504214659, 0.6896342261362884, 0.6894435134984679, 0.6897408618765363, 0.6892887667074041, 0.6895482873512526, 0.6896042652049307, 0.6897004640708535, 0.6892920277886472, 0.6895526243468463, 0.6892627346313606, 0.689211186716112, 0.689077867289721, 0.689129053536108, 0.688971930641239, 0.6888046769772546, 0.6889060068938692, 0.6885026430679579, 0.6882779355776512, 0.6882964847451549, 0.6886241779489032, 0.6883609203969018, 0.6882121411420531, 0.6879299767946793, 0.6880290760832318, 0.6880272303597402, 0.6879248770616823, 0.6874039021588988, 0.6879347370842755, 0.6874518333855322, 0.6875397209393777, 0.6875894322233685, 0.6876443806341139, 0.6872160071033543, 0.686848143399772, 0.6866780741740082, 0.686953212245036, 0.6864088005938772, 0.6867292806253595, 0.6865208118648852, 0.6860311677900411, 0.6863245075031862, 0.6859871048038289, 0.6859151983665208, 0.6857819466267602, 0.6860147249900689, 0.6857961042452667, 0.6851516992358838, 0.6853449556787136, 0.6845912943452092, 0.6846605529219417, 0.684572258238065, 0.6848070176981264, 0.6840812887175608, 0.6840042785062628, 0.6841255315279556, 0.6833385916079505, 0.6833134808782804, 0.6836028503159345, 0.6827756873631882, 0.683041438207788, 0.6822792847277754, 0.6821704587693942, 0.6817159915374498, 0.6814187805531389, 0.6819159913871248, 0.6807750857482522, 0.6806633280495465, 0.680508544889547, 0.6799866365174115, 0.679945557804431, 0.6794066813032505, 0.6792133026203867, 0.6789381120164516, 0.6786512277894101, 0.6778632766109401, 0.6769188278812474, 0.6759601861743604, 0.6761501562797417, 0.6762203240798692, 0.67596808833591, 0.6752162313057204, 0.6743086455232006, 0.6741654953714145, 0.6732546778048499, 0.6724007392333726, 0.6714303564217131, 0.6705929465213064, 0.6703500192044145, 0.6703513365680889, 0.6679054599697307, 0.667731211347095, 0.6664257029355583, 0.6651358139716973, 0.664740428075952, 0.6636829254990917, 0.6633348313428588, 0.6608297663219904, 0.660081157239817, 0.6584115664837724, 0.6571157322091571, 0.6562752198364775, 0.6549929451134245, 0.6535269143217701, 0.6518173298593295, 0.6492822948148695, 0.6496040427078635, 0.6467658362146151, 0.645064755011413, 0.6441005892672781, 0.6425666748467138, 0.6409600488210129, 0.6390464043213149, 0.6379708475985769, 0.6366674021138983, 0.6327237274687169, 0.6321919408895201, 0.6291593838546236, 0.6289351097608017, 0.6271504214254476, 0.6249052872092037, 0.6234676211567248, 0.6220080589844008, 0.6200465115450197, 0.6192674798480535, 0.6161584813716048, 0.6145780914920872, 0.613067696660252, 0.610636867709079, 0.6095261745533701, 0.6067159095052945, 0.6056692105228618, 0.6039581783747269, 0.6027174895092592, 0.5996980576191918, 0.5983560075194149, 0.5968533289634576, 0.5958749641806392, 0.5939207359895868, 0.5935907424506495, 0.5889327162403172, 0.5877211366669607, 0.5875809667474132, 0.5846236479484429, 0.5832802269418361, 0.5813870389582747, 0.5799221143884173, 0.5763867840928546, 0.5771927671917414, 0.5757161055581045, 0.5717589168225304, 0.5684737179238918, 0.5691735885911069, 0.5675851389513178, 0.5675971386796337, 0.5649576581130593, 0.5618765990612871, 0.5642130819417662, 0.5606254430140479, 0.5571315349158594, 0.553906579138869, 0.5522587359961817, 0.5527131345312474, 0.5507537429615602, 0.5507771039413194, 0.5507219847986253, 0.5454896870305983, 0.5430046128014386, 0.54183990268384, 0.540718217017287, 0.538142059819173, 0.5357863872738208, 0.5357468825275615, 0.5353725037332309, 0.5342698753890345, 0.5280325826952013, 0.5272982332666042, 0.5267092383514016, 0.5260958211906885, 0.5229508907107984, 0.52397677605435, 0.516152952687215, 0.5177037054199284, 0.5150189990714445, 0.5153683186587641, 0.5090919025873734, 0.5092297327720513, 0.5076774651721373, 0.5093762096712144, 0.5033897520121882, 0.5027073990490477, 0.5007315995329518, 0.5007686483657966, 0.49929101790411995, 0.4958386517177194, 0.49689352764921674, 0.49107397713903655, 0.4896135724197, 0.48618872438446953, 0.487164272090136, 0.48601840714276845, 0.4814760063664388, 0.48234713633181686, 0.47971133710974356, 0.47990660293627596, 0.47633355552867307, 0.4733654684939627, 0.46754710704593333, 0.470949589195898, 0.46997933114989326, 0.464222033145064, 0.4656216042526698, 0.4654638903625941, 0.45924292934142935, 0.45770267460305814, 0.4567230914608907, 0.4584751800965455, 0.44971632351309565, 0.44906339150364116, 0.45044712343458404, 0.447838236719875, 0.44506938225131926, 0.44470789725497617, 0.4431815687882698, 0.44075725442272123, 0.43917501578896734, 0.4397669772980577, 0.43251158120268485, 0.43213177889080373, 0.43233303852000476, 0.4322898978904142, 0.43001960495770986, 0.42649192981800793, 0.4239892676725226, 0.42439461613105517, 0.42327587382268095, 0.41935578645285915, 0.4165240632275404, 0.4154933059619645, 0.4138577671374305, 0.4152152614068177, 0.40980734764519383, 0.41050609996763326, 0.40868871545387525, 0.4028922804331375, 0.4004795268430548, 0.4022118413852433, 0.401300446461823, 0.39879658262608414, 0.39573123596482357, 0.3962360660908586, 0.3927866503343744, 0.3946319555832168, 0.39154611401638745, 0.38566695431531484, 0.3886453989198652, 0.38839855335526546, 0.38494653924036837, 0.38335893921932934, 0.383635187048023, 0.38002105688644666, 0.3770212248220282, 0.3782560855655347, 0.3774067032135139, 0.37211837253328095, 0.3715704133955099, 0.36857946040266654, 0.3674595982341443, 0.3710233038764889, 0.3664609623157372, 0.36354568196555315, 0.3620549177719375, 0.3621788787639747, 0.3591222424628371, 0.36075303009000875, 0.3570227643190804, 0.3557127022137076, 0.35616970365330325, 0.35064347517692435, 0.35259323807085974, 0.35136635576264336, 0.3476117147227465, 0.3457204229750876, 0.34386309223659967, 0.33979522222179476, 0.34659160092725594, 0.33867184287410673, 0.3365530083745213, 0.33854633923304284, 0.3382390676918676, 0.3371951746738563, 0.3352341050818815, 0.33612537586082847, 0.3291289968005681, 0.33135286731235053, 0.32900626528061044, 0.32768551626447906, 0.3278609691029888, 0.32556254530357104, 0.32796338958255317, 0.32157551232030834, 0.3167929997888662, 0.31772732078018834, 0.3226108823792409, 0.31708573789919836, 0.31389818201630804, 0.3196173977043669, 0.314914611941677, 0.31482234647718527, 0.312574094129821, 0.31290041289087067, 0.3107893623537936, 0.30812091392985846, 0.3058081456160141, 0.3028609333402019, 0.3048374152789682, 0.30329554969981565, 0.2996815054093377, 0.30319811833106863, 0.3015533114893962, 0.30244398874751593, 0.29932257432048603, 0.29856541197178726, 0.29562864566253405, 0.2963466361417609, 0.2954575156761428, 0.291927592734159, 0.28910232651031625, 0.2911395157797862, 0.28744730858479517, 0.28827346280469734, 0.28406785706342275, 0.2869719105251765, 0.2872818299269272, 0.28224321694697363, 0.2833492048716141, 0.2828116957413948, 0.27552706457800785, 0.27782907223297376, 0.27905710900233965, 0.27678562271392954, 0.27178063786635964, 0.27545874325905817, 0.2707874800189067, 0.27310998283200344, 0.2696618447869511, 0.27039960910708216, 0.2684409527455346, 0.26607596571162595, 0.26828089381678627, 0.26427186975034617, 0.26603210098662616, 0.267406688150713, 0.26523146487898747, 0.26151409871497394, 0.25815482917478527, 0.2610252226813365, 0.25738033222950113, 0.2616172852152485, 0.2621771321963456, 0.2572573764344393, 0.2534583736274202, 0.2527086805489104, 0.2546604429766283, 0.2543578731306529, 0.2506582620790449, 0.2529515182062731, 0.2496977999048718, 0.25053365048715626, 0.24942938074217005, 0.24754390726655218, 0.24572980429156352, 0.24603733723446475, 0.2446808938757848, 0.24173538740408623, 0.24504801252130734, 0.24168576426425223, 0.2407048319355916, 0.23773214372537904, 0.2363266702425682, 0.24137196247860537, 0.23672110574730373, 0.23863375692044275, 0.2390937575344312, 0.23400407322382522, 0.23475901833025076, 0.23426360775858668, 0.23308950485819477, 0.2339469196937852, 0.23004493647712773, 0.23490646279464333, 0.22903827438920232, 0.23391775635339446, 0.2318670014708729, 0.23215396954851636, 0.22640332680637554, 0.23009697840375415, 0.22790976298057428, 0.22675984592761023, 0.226105576096955, 0.2236106948832334, 0.2238322890410989, 0.22218560162237136, 0.22454666434708287, 0.22079576425633188, 0.22099233254537745, 0.222680109789816, 0.21816928482661813, 0.21761383090989064, 0.21589032977314318, 0.2199746539532128, 0.21459774294141995, 0.21531240793608003, 0.21723270416259766, 0.2144224749783338, 0.21395064789359852, 0.21406180828304613, 0.21384332366919112, 0.2113349414983038, 0.21265843687421185, 0.2078040855920921, 0.2083316165006767, 0.2105826912289959, 0.21210763843382818, 0.21101708028276087, 0.20971388331914353, 0.20488483193567245, 0.20618709416712744, 0.2083048537626105, 0.20431886790162426, 0.20344071267014843, 0.20625552560313273, 0.2007899382861994, 0.2024364047131296, 0.20266878882707176, 0.20230410487975103, 0.20429886094594407, 0.20669012655646113, 0.20132915347309435, 0.20120508766780465, 0.2012747142274501, 0.19993504755577798, 0.2009218529624454, 0.1949830388618728, 0.19372589886188507, 0.19823554031929727, 0.1951136066246841, 0.19888932775642912, 0.19656915129241298, 0.19448984351198553, 0.19335442882473186, 0.19441319749516955, 0.19272134364661525, 0.19510057214963233, 0.1904543936252594, 0.19435338928537854, 0.19246260266182785, 0.19092516373779814, 0.1923411539045431, 0.18713674833208827, 0.1879810882826983, 0.1869235892417067, 0.18512178124007533, 0.1899620398121365, 0.1878688858222153, 0.18886508729498266, 0.18791555777444677, 0.18213683669849978, 0.18713936032885212, 0.182481409634574, 0.18561576660406792, 0.18138716736082303, 0.17997898590766778, 0.18603647917003954, 0.18058787841918106, 0.18056236636840692, 0.18485089934478371, 0.18184305727481842, 0.18456264294810215, 0.17675308201272608, 0.17880550380480492, 0.17657794689728043, 0.17686394816738063, 0.1782045281034405, 0.17858085844476343, 0.17499434518612036, 0.18029754419448013, 0.17664003978341314, 0.17659525169154344, 0.17741304307670916, 0.1754447047488164, 0.1749913346464351, 0.1785514885086124, 0.17242959621599166, 0.17632571620456242, 0.17465698062363316, 0.1728320725388446, 0.17694396487737107, 0.17371205505678208, 0.1732265946723647, 0.17241815490237736, 0.1699976971593954, 0.17179881667686722, 0.16862086042509242, 0.17196269762718072, 0.17415876206705125, 0.16845195525783604, 0.17101671079457817, 0.17169501038931184, 0.16538357355837094, 0.17037573620929555, 0.16585543297104915, 0.16675946848877407, 0.16538196499064817, 0.1612059912186558, 0.16617425038652905, 0.1669951576297566, 0.16158633161399324, 0.16276699014134327, 0.16301648899660273, 0.16782529753143505, 0.16231854411505037, 0.16353713531615371, 0.16396522622997478, 0.16706825211896734, 0.16161631376056348, 0.1678106673693253, 0.1610479865033748, 0.15899460017681122, 0.16425981991371866, 0.16514975034584434, 0.1619309990082757, 0.15998864830550502, 0.16324809698735254, 0.15974414272833679, 0.15895631656808368, 0.16099943081706258, 0.15804545202497708, 0.15648172025458287, 0.15463925569744433, 0.15505475007881553, 0.15955849118151907, 0.16005584597587585, 0.15662674555333994, 0.1581584212638564, 0.15684586662357136, 0.1580078541222265, 0.15629160240039988, 0.15688438764062979, 0.15557185219506087, 0.15175342307252399, 0.15625395158589897, 0.15169427114523062, 0.15714599002720947, 0.15217733168500966, 0.1552358529830383, 0.15661112938897084]
Validation Losses: [0.6932472427686055, 0.6928323149681092, 0.692897625764211, 0.69281986951828, 0.69278644323349, 0.6925360918045044, 0.6927714625994364, 0.6927645881970723, 0.6926416754722595, 0.6925554712613423, 0.6924565196037292, 0.6925874908765157, 0.6925398508707682, 0.6925568819046021, 0.6924697875976562, 0.6924247781435648, 0.6922879139582316, 0.692376705010732, 0.6923075119654337, 0.6922054251035055, 0.6922629356384278, 0.6921924511591594, 0.6920900026957194, 0.6921075542767843, 0.6921993136405945, 0.6922244866689046, 0.6920308470726013, 0.6919166127840678, 0.692074712117513, 0.6919941465059917, 0.6917587478955587, 0.6918801426887512, 0.691853408018748, 0.6918814023335774, 0.6916008353233337, 0.6917399644851685, 0.6916772445042928, 0.691712749004364, 0.6913928786913554, 0.6914310415585836, 0.6914441029230753, 0.6914238492647807, 0.6913942376772563, 0.6912359038988749, 0.6915089964866639, 0.6914074619611105, 0.6911861340204875, 0.6910584727923076, 0.6910058538118998, 0.6909880042076111, 0.690791376431783, 0.6909983992576599, 0.690975813070933, 0.6910394191741943, 0.690976635615031, 0.6907960335413615, 0.6909321784973145, 0.6905887206395467, 0.6909182270367941, 0.6907162825266521, 0.6906984607378642, 0.6907070477803549, 0.6905136505762736, 0.6903801004091898, 0.6905488053957621, 0.6903959711392721, 0.6904412905375162, 0.6903721173604329, 0.6902822971343994, 0.6904694040616354, 0.6901060620943705, 0.6901347557703654, 0.6900855898857117, 0.6899418632189432, 0.6902089913686117, 0.6899799505869547, 0.6899619181950887, 0.6897663235664367, 0.6896919369697571, 0.6896081606547038, 0.6897747437159221, 0.6893363912900289, 0.6897475481033325, 0.6894058982531229, 0.6892406145731608, 0.6893775701522827, 0.6891037305196126, 0.6893803834915161, 0.6889527599016826, 0.6893293261528015, 0.6889273126920065, 0.6889786918958029, 0.6887312928835551, 0.6886125206947327, 0.6888751029968262, 0.688980241616567, 0.6885488589604696, 0.6885011990865072, 0.688781225681305, 0.688257360458374, 0.6883144895235698, 0.6884427150090535, 0.6880771398544312, 0.6882819493611654, 0.6879295508066813, 0.6879804650942485, 0.6881302038828532, 0.6878437479337056, 0.6874598066012064, 0.6873863657315572, 0.6876262982686361, 0.687426745891571, 0.6873557051022847, 0.6874367753664653, 0.6870088338851928, 0.6872577985127767, 0.6868938485781352, 0.686989696820577, 0.6861513137817383, 0.6869314869244894, 0.6861964146296183, 0.6866194128990173, 0.6859330693880717, 0.686027737458547, 0.6856676022211711, 0.685843841234843, 0.6853702624638875, 0.6857418855031331, 0.6853304425875346, 0.6850331544876098, 0.6852422436078389, 0.6850893537203471, 0.6849106152852377, 0.6848367134730021, 0.6845288236935934, 0.6845974882443746, 0.6843702991803488, 0.684713085492452, 0.6840245405832927, 0.6836567958196004, 0.6834273179372151, 0.6838983058929443, 0.6836390535036723, 0.6829959034919739, 0.6829401135444642, 0.6821765740712483, 0.6831703901290893, 0.6823205828666687, 0.682387109597524, 0.6813368360201518, 0.6807944377263387, 0.6810015638669332, 0.6799615939458211, 0.6801050066947937, 0.6810487707455953, 0.6796879768371582, 0.6793293515841167, 0.6799697399139404, 0.6795087416966756, 0.6789189775784811, 0.6782499710718791, 0.6780098080635071, 0.67754598458608, 0.6775828679402669, 0.6774563511212667, 0.677138074239095, 0.6765772024790446, 0.6768044789632162, 0.6752015034357707, 0.6743493795394897, 0.6754705985387166, 0.6734899123509724, 0.673212194442749, 0.6730244318644206, 0.67320423523585, 0.6709368507067363, 0.6716076453526815, 0.6705159147580465, 0.6703628738721211, 0.6698287566502888, 0.6677109797795614, 0.6675082643826803, 0.6669902046521504, 0.6658838748931885, 0.6653778036435445, 0.6646290779113769, 0.6624927560488383, 0.6615699529647827, 0.6605934898058573, 0.6590527574221293, 0.65718648036321, 0.6574286897977193, 0.6549249847730001, 0.6543987154960632, 0.652705176671346, 0.6492492993672688, 0.6486321210861206, 0.648943030834198, 0.6455568671226501, 0.6449562907218933, 0.640510110060374, 0.6383557717005411, 0.6419275403022766, 0.6390986561775207, 0.6356961727142334, 0.6330343842506408, 0.6318719903628032, 0.6284644722938537, 0.628227972984314, 0.6270696759223938, 0.6239768942197164, 0.6224148313204447, 0.6214531024297079, 0.620965286095937, 0.6176908413569132, 0.6123779296875, 0.6131472031275431, 0.6092787504196167, 0.6097580949465434, 0.6079582889874776, 0.606324028968811, 0.6050680200258891, 0.602354888121287, 0.6009446342786153, 0.6015342632929485, 0.594709837436676, 0.5910836537679036, 0.5904688556989034, 0.5881450176239014, 0.5906722744305929, 0.5819401025772095, 0.5862829168637593, 0.5858126918474833, 0.5842120965321859, 0.5760514179865519, 0.5783779740333557, 0.5771870811780294, 0.5723025600115458, 0.5719142079353332, 0.5730904817581177, 0.567780880133311, 0.5616958777109782, 0.5652484019597371, 0.5573657751083374, 0.5635891755421957, 0.5563549478848775, 0.5570497671763103, 0.5593175133069356, 0.5550015807151795, 0.5545191327730815, 0.5505745848019917, 0.5496035099029541, 0.5500956575075785, 0.5469531099001567, 0.5449658354123433, 0.5435479521751404, 0.5400552193323771, 0.5373463948567708, 0.5404701749483745, 0.5395884076754253, 0.536592157681783, 0.5326332807540893, 0.5352812528610229, 0.5314101576805115, 0.5298247774442036, 0.5258086244265239, 0.526923390229543, 0.5245531280835469, 0.5256263454755147, 0.5133176406224569, 0.5163195451100667, 0.5167011121908823, 0.5128712972005208, 0.5194769481817881, 0.5083030064900717, 0.5110379000504811, 0.5061654289563496, 0.5064758916695913, 0.5064230024814605, 0.5001693268616995, 0.4998331586519877, 0.5036941270033518, 0.4997932473818461, 0.49222252368927, 0.495969303448995, 0.49509525497754414, 0.4929025133450826, 0.49524882634480794, 0.4820713738600413, 0.48891462286313375, 0.4884363392988841, 0.48160950740178426, 0.48740766843159994, 0.4779126763343811, 0.4763352711995443, 0.47950209577878317, 0.47776700456937155, 0.4768846611181895, 0.48009040554364524, 0.4773240864276886, 0.4720892985661825, 0.48092597325642905, 0.4708061118920644, 0.47276419401168823, 0.4690972010294596, 0.4679629445075989, 0.4668801347414652, 0.4637761990229289, 0.4609352012475332, 0.4598349352677663, 0.46364979942639667, 0.46177406708399454, 0.4621515035629272, 0.4597325583299001, 0.45171337525049843, 0.45462313493092854, 0.4529674530029297, 0.4519389828046163, 0.4458974103132884, 0.4476123412450155, 0.4473194062709808, 0.4478041013081869, 0.4449049234390259, 0.44038902322451273, 0.44653918544451393, 0.44420469403266905, 0.4363852779070536, 0.4417194306850433, 0.4338387588659922, 0.43227834900220236, 0.4368101119995117, 0.44591547052065533, 0.4294926583766937, 0.42833332816759745, 0.43552212913831073, 0.43583359320958454, 0.42277061541875205, 0.4325468420982361, 0.43058424393335976, 0.43157965739568077, 0.42440162499745687, 0.4305844565232595, 0.4204486588637034, 0.4210686723391215, 0.42564242879549663, 0.4243017097314199, 0.421185032526652, 0.42529637018839517, 0.42028645277023313, 0.4162981907526652, 0.4141096870104472, 0.41487830877304077, 0.4138438204924266, 0.4195562720298767, 0.41418416301409405, 0.41122793157895404, 0.415054710706075, 0.41713263988494875, 0.41085052688916524, 0.4155635118484497, 0.4128111998240153, 0.4067395528157552, 0.4024541099866231, 0.41194321513175963, 0.4122932136058807, 0.40855948130289715, 0.41481947104136146, 0.40915368994077045, 0.40247815450032554, 0.4047173241774241, 0.4096059421698252, 0.3994031270345052, 0.4069386581579844, 0.3934444785118103, 0.4013693888982137, 0.4011043926080068, 0.39696722825368247, 0.39502451618512474, 0.39950859546661377, 0.392438018321991, 0.40087061723073325, 0.39321900606155397, 0.3851357479890188, 0.38733757734298707, 0.39493385354677835, 0.38849444389343263, 0.3911111434300741, 0.3994319538275401, 0.39244001507759096, 0.39209702610969543, 0.39291667540868125, 0.3843097666899363, 0.3845248063405355, 0.3938758571942647, 0.38083714644114175, 0.3845872620741526, 0.3984619776407878, 0.3871154248714447, 0.38787561853726704, 0.38602188030878704, 0.382462348540624, 0.3791752894719442, 0.3800230542818705, 0.3844420572121938, 0.380928768714269, 0.39361021916071576, 0.38758697708447776, 0.3962728142738342, 0.38014897108078005, 0.39488051533699037, 0.3757513960202535, 0.38298808137575785, 0.37076984643936156, 0.3793315609296163, 0.3838312824567159, 0.37817600766817727, 0.3722179412841797, 0.3714839776357015, 0.38501925269762677, 0.37269986470540367, 0.3688247700532277, 0.3878901839256287, 0.3809241970380147, 0.38684625228246056, 0.37149142821629844, 0.3676603575547536, 0.3690268596013387, 0.3861909906069438, 0.3678050756454468, 0.3734405676523844, 0.3691951831181844, 0.3741731723149618, 0.3593325754006704, 0.3786945819854736, 0.371324481566747, 0.3797086477279663, 0.36619751850763954, 0.3712820669015249, 0.37115060091018676, 0.36783103545506796, 0.3789508561293284, 0.3627761642138163, 0.3800721863905589, 0.3801308552424113, 0.37443649768829346, 0.37044657667477926, 0.3794514020284017, 0.3729105095068614, 0.3742504199345907, 0.37321568131446836, 0.3630394478638967, 0.37498926122983295, 0.3602423330148061, 0.3763895610968272, 0.36969119509061177, 0.36561819911003113, 0.37490787903467815, 0.37330395976702374, 0.3630233903725942, 0.3648427208264669, 0.3596023996671041, 0.3681176563103994, 0.3690654496351878, 0.3674832801024119, 0.36788516441980995, 0.3635900139808655, 0.35841125845909116, 0.37006180683771767, 0.35586697260538735, 0.36410159269968667, 0.36124934554100036, 0.3619222601254781, 0.36563767592112223, 0.360889200369517, 0.3617545247077942, 0.3719908515612284, 0.3646317342917124, 0.3588766316572825, 0.3670732279618581, 0.3645285884539286, 0.3579802691936493, 0.3671980857849121, 0.37917115887006125, 0.3626993278662364, 0.3628019471963247, 0.366418053706487, 0.3571035961310069, 0.3542332569758097, 0.36042583783467613, 0.3615424076716105, 0.3527798612912496, 0.37035181125005084, 0.36526084740956627, 0.36670204599698386, 0.362871919075648, 0.37197831471761067, 0.3596079091231028, 0.36745835343996686, 0.3666059652964274, 0.3740877091884613, 0.3609247843424479, 0.3480425775051117, 0.36468464334805806, 0.3665470600128174, 0.36288254261016845, 0.37829731504122416, 0.36263750394185384, 0.36739291151364645, 0.3665112594763438, 0.3553325752417246, 0.3494628568490346, 0.3650827387968699, 0.37874962091445924, 0.37845511436462403, 0.3690980633099874, 0.3654628396034241, 0.3738916714986165, 0.3605448285738627, 0.3762320359547933, 0.3691468934218089, 0.37105449438095095, 0.3601258595784505, 0.36035640637079874, 0.35126843055089313, 0.3639729897181193, 0.3831083158651988, 0.36697720487912494, 0.36869659026463825, 0.3686309119065603, 0.37017160455385845, 0.36206679542859393, 0.3592941462993622, 0.37135607600212095, 0.38347816864649453, 0.3621703644593557, 0.3756013055642446, 0.3580673535664876, 0.3630679408709208, 0.3746482074260712, 0.36203433672587076, 0.3654034038384755, 0.37476858297983806, 0.36583300630251564, 0.3753839294115702, 0.362191766500473, 0.3647019108136495, 0.3528841197490692, 0.3606321374575297, 0.35925914843877155, 0.3642407715320587, 0.37079155445098877, 0.3932010551293691, 0.3379345099131266, 0.3479492167631785, 0.3480555256207784, 0.37726680835088094, 0.36095131039619444, 0.37397386829058327, 0.3584597984949748, 0.37742395997047423, 0.38320636947949727, 0.3802618761857351, 0.3854496280352275, 0.36187116901079813, 0.36669329603513084, 0.3494943102200826, 0.36617548068364464, 0.36259252627690636, 0.3747984786828359, 0.36608564058939613, 0.36528018514315286, 0.36346081097920735, 0.39082754850387574, 0.3722050090630849, 0.3993521392345428, 0.3755778114000956, 0.38437050580978394, 0.36842819054921466, 0.3697076121966044, 0.356076975663503, 0.37143179774284363, 0.372057177623113, 0.4249566356341044, 0.3736345887184143, 0.3654932717482249, 0.3618527670701345, 0.349613618850708, 0.3599797507127126, 0.38001262744267783, 0.3698492387930552, 0.3896902839342753, 0.3825104733308156, 0.3825225353240967, 0.36920535763104756, 0.37714288433392845, 0.3403141379356384, 0.3777313609917959, 0.3718605637550354, 0.35894917050997416, 0.37875651915868125, 0.38706772128740946, 0.3775748511155446, 0.3777768592039744, 0.3656306008497874, 0.394246236483256, 0.38068302075068156, 0.35869351228078206, 0.37318176627159116, 0.37482581933339437, 0.3740278740723928, 0.38253006935119627, 0.3588740905125936, 0.3666951358318329, 0.34966615041097004, 0.3853098491827647, 0.35797765056292213, 0.391821159919103, 0.3799712101618449, 0.3806692759195964, 0.4284233828385671, 0.374529093503952, 0.40306059320767723, 0.36814677715301514, 0.37279703418413795, 0.36243022481600445, 0.3692823926607768, 0.3655496656894684, 0.40207271178563436, 0.38877797524134317, 0.3786257723967234, 0.38223797678947447, 0.3718993067741394, 0.3903648753960927, 0.39413581490516664, 0.38373430371284484, 0.3678105096022288, 0.37705906430880226, 0.4100396951039632, 0.3984621604283651, 0.37169342041015624, 0.352851136525472, 0.36484101017316184, 0.3852927068869273, 0.3756488740444183, 0.3856893499692281, 0.378645114103953, 0.3859923283259074, 0.3633419712384542, 0.37996689081192014, 0.3574132243792216, 0.3831902841726939, 0.37178374926249186, 0.35970126986503603]
Validation ROC AUC: 0.9183298319327731
Validation Confusion Matrix: [[418, 58], [11, 45]]
Validation Precision: 0.4368932038834951
Validation Recall: 0.8035714285714286
Validation F1 Score: 0.5660377358490566
Validation Accuracy: 0.8703007518796992
Test ROC AUC: 0.8886749116607774
Test Confusion Matrix: [[500, 66], [26, 74]]
Test Precision: 0.5285714285714286
Test Recall: 0.74
Test F1 Score: 0.6166666666666667
Test Accuracy: 0.8618618618618619
Validation Set Size: 532
Test Set Size: 666
