Enhancer: E22P1A3
Label: mm_v_all
Padding: True
Batch Size: 256
Learning Rate: 2e-06
Epochs: 1000
Subset: 1.0 (number of training samples: 17864)
Weight Decay: 0.01
Optimizer: adam
Coverage: 10
Jiggle: 3
Confusion Matrix: [[0.8379848628193, 0.1620151371807001], [0.19293078055964655, 0.8070692194403535]]
Unnormalized Confusion Matrix: [[3543, 685], [262, 1096]]
Number of Epochs: 553
Train Losses: [0.6955751648971013, 0.6951922995703561, 0.6926712947232383, 0.6913837134838104, 0.6902196058205196, 0.6892854767186302, 0.6878703917775836, 0.685824944291796, 0.6853876233100891, 0.6837894822869982, 0.6822466450078147, 0.680521331514631, 0.6787691192967551, 0.677028854404177, 0.6750432993684496, 0.6732473645891462, 0.671340411901474, 0.668740782567433, 0.6667631072657448, 0.6640911247049059, 0.6613098961966378, 0.6579051511628288, 0.6557822133813586, 0.6527761919157845, 0.6505510670798166, 0.6481609157153538, 0.6445839967046465, 0.6406127316611153, 0.6378451321806227, 0.6370982927935464, 0.6339108594826289, 0.6313958772591182, 0.6265185611588614, 0.624386716740472, 0.6219148823193141, 0.6183676362037659, 0.6180114362921033, 0.6128871474947248, 0.6122559836932591, 0.6105590275355748, 0.6062792011669704, 0.6055684770856585, 0.6031794922692435, 0.5995541555540902, 0.5984222607953208, 0.5963928180081504, 0.5936936497688293, 0.5918117037841252, 0.5916605821677616, 0.5883198414530073, 0.5873787854399, 0.5862817227840423, 0.5851741995130266, 0.5808359955038344, 0.5795136570930481, 0.5766281144959586, 0.5779021782534463, 0.5741861530712673, 0.57130480664117, 0.5713338647569929, 0.5691011616161892, 0.5649698785373143, 0.5618708431720734, 0.560583119732993, 0.5615762659481593, 0.561798597233636, 0.557002775158201, 0.5547665774822235, 0.5534543480191912, 0.5528524271079472, 0.5503902563026973, 0.5540547370910645, 0.5487650138991219, 0.5497219485895974, 0.5435901522636414, 0.5402966601508005, 0.5433516434260777, 0.5416008085012436, 0.5381474520478929, 0.536627824817385, 0.5381212115287781, 0.5288521575076239, 0.5322374863283975, 0.5301360734871455, 0.5272147174392428, 0.5298754385539464, 0.5318888310875212, 0.526623130270413, 0.529124658874103, 0.5282672652176448, 0.5252559282949992, 0.5284048080444336, 0.5208347363131387, 0.523113163454192, 0.5189858794212341, 0.5209147414990833, 0.5155858614615032, 0.5192357897758484, 0.5185074103730065, 0.5136577308177948, 0.5162118979862758, 0.5152222079890115, 0.5065478444099426, 0.5093225359916687, 0.505823421052524, 0.5088210399661746, 0.508768320935113, 0.5124037533998489, 0.5052613560642515, 0.5062292746135166, 0.5066682236535208, 0.5086061941725867, 0.5030823239258357, 0.5047451483351844, 0.49872890412807463, 0.499154589005879, 0.50164638033935, 0.49710913598537443, 0.49893721895558496, 0.4933526958738055, 0.4977575327668871, 0.49736096092632837, 0.49437620043754577, 0.49812354658331187, 0.491827403647559, 0.4918664076498577, 0.4926377364567348, 0.4927313881261008, 0.4888428113290242, 0.48977293116705756, 0.48944316932133264, 0.48355311155319214, 0.4899878399712699, 0.4835757315158844, 0.4849797308444977, 0.48892022584165845, 0.47707439746175495, 0.48126942941120693, 0.48130410015583036, 0.47481341191700527, 0.47496649154594967, 0.4759393870830536, 0.48228460720607214, 0.4770589113235474, 0.4770965806075505, 0.47319086066314153, 0.47301401155335565, 0.48184270986488886, 0.47228952348232267, 0.4736670587744032, 0.4742166442530496, 0.47640066146850585, 0.4672901030097689, 0.4725752306835992, 0.469018166405814, 0.46540041054998127, 0.4662315057856696, 0.4669840851000377, 0.46625359526702337, 0.46442063791411264, 0.4610893419810704, 0.46280521622725895, 0.46062903021063123, 0.45732456573418206, 0.46090865731239317, 0.4546624239001955, 0.46542718580790926, 0.4603889720780509, 0.45662025511264803, 0.45685766892773766, 0.4534653812646866, 0.4561538760151182, 0.45692700615950993, 0.45445579758712223, 0.4538023067372186, 0.45283956059387753, 0.45015304046017784, 0.451496206011091, 0.44903745523520877, 0.4504277173961912, 0.4473532178572246, 0.4447856720004763, 0.44567165204456877, 0.4499477548258645, 0.441224296603884, 0.44266738593578336, 0.4439103377716882, 0.4477760753461293, 0.4424659149987357, 0.43884018020970483, 0.44293069413730074, 0.4362276771238872, 0.44051798709801265, 0.44053371506077904, 0.43048105878489357, 0.43984129897185736, 0.4325366245848792, 0.4301413812807628, 0.4374485377754484, 0.4255473698888506, 0.43047140836715697, 0.4333730335746493, 0.4281058098588671, 0.4304198571613857, 0.42872425488063265, 0.42225510903767177, 0.4275768867560795, 0.42494302434580666, 0.42432467000825064, 0.4202810581241335, 0.41824094312531607, 0.41945027581283023, 0.42342324044023244, 0.4195909070117133, 0.4223320083958762, 0.4174974433013371, 0.41303618039403645, 0.40646627375057764, 0.4075422350849424, 0.4050833936248507, 0.40317179134913855, 0.41290725001267026, 0.40596380574362617, 0.40877628496715, 0.4053583004644939, 0.4036879135029657, 0.4059856499944414, 0.3973659315279552, 0.4009656084435327, 0.39724223400865283, 0.3989612592118127, 0.4004440950495856, 0.39319390186241693, 0.39255367389747076, 0.3958877393177577, 0.39253400777067454, 0.39528903450284686, 0.39543293927397044, 0.39475061339991435, 0.39329307419913156, 0.3963895904166358, 0.3924003941672189, 0.3895964456456048, 0.3881742417812347, 0.3888160471405302, 0.3842046984604427, 0.39228306582995826, 0.3850983304636819, 0.3792280252490725, 0.3820606763873782, 0.37984882337706427, 0.38295487122876304, 0.3752888479403087, 0.38046446229730335, 0.3728829996926444, 0.37331863726888387, 0.3724967156137739, 0.37889413407870703, 0.37286252890314375, 0.37161017188004086, 0.37096104664461954, 0.3689434149435588, 0.37346922159194945, 0.37058124584811075, 0.36649799602372307, 0.3622416879449572, 0.36623736705098836, 0.3621776163578033, 0.36892309827463965, 0.3699807269232614, 0.3690596056835992, 0.37005433653082165, 0.36078074829919, 0.36775120624474117, 0.3574678851025445, 0.3624562940427235, 0.3699177039521081, 0.35595020268644606, 0.3580570157085146, 0.3590281686612538, 0.36002658264977594, 0.3624432159321649, 0.35572378507682256, 0.3528987292732511, 0.3579447388648987, 0.3596465715340206, 0.35676386143480027, 0.35873410403728484, 0.35098317648683275, 0.35932900139263696, 0.3519532233476639, 0.353418180346489, 0.3525383038180215, 0.3491520234516689, 0.34690228530338835, 0.3476131111383438, 0.34498752313000813, 0.35245594935757774, 0.34929039180278776, 0.35095688487802235, 0.35038335706506457, 0.342008113861084, 0.34589003835405624, 0.33942269342286246, 0.3425009676388332, 0.34234582441193717, 0.33844453692436216, 0.33931621738842555, 0.34123159604413167, 0.34641210990292687, 0.34501329362392424, 0.3396880826779774, 0.33999201016766684, 0.3354824321610587, 0.3370210324014936, 0.34175906692232405, 0.3302585835967745, 0.3370471213545118, 0.33324924920286453, 0.3382548029933657, 0.3352889997618539, 0.3311567336320877, 0.3294380234820502, 0.3300665195499148, 0.3346351883241108, 0.3237016022205353, 0.3267574723277773, 0.33026640585490635, 0.32752890246255056, 0.32970060876437596, 0.3260582732302802, 0.3318594787802015, 0.32299435181277136, 0.32567925112588064, 0.32633956755910604, 0.3263484716415405, 0.3246889923300062, 0.3207985728979111, 0.32128759239401133, 0.3217562449829919, 0.3225072117788451, 0.325238598883152, 0.32220602674143656, 0.31805002008165634, 0.31556184930460796, 0.31902964328016553, 0.3233084095375878, 0.3180856325796672, 0.3152844737683024, 0.3143547466823033, 0.3177543235676629, 0.3150584122964314, 0.3207146344440324, 0.31684465536049433, 0.3147655244384493, 0.32192417681217195, 0.31728978753089904, 0.3155362701841763, 0.30598484660897934, 0.3134955853223801, 0.31004996853215355, 0.31365740810121806, 0.31050362970147816, 0.317213636636734, 0.31544195413589476, 0.30815196867500033, 0.30934256655829295, 0.3025978888784136, 0.30272597074508667, 0.30916217267513274, 0.3049200421997479, 0.3071409408535276, 0.30661777470793045, 0.3031470530799457, 0.30298930002110347, 0.30306710324117114, 0.297774595447949, 0.3017640471458435, 0.302348127748285, 0.30345367469957896, 0.30079163206475124, 0.29696627748864035, 0.29995606711932593, 0.2980022830622537, 0.29760990142822263, 0.2974398134010179, 0.29900101444550925, 0.2966893626110894, 0.301222018471786, 0.2975988296525819, 0.29704713629824775, 0.29426554973636354, 0.2947491094470024, 0.2975847418819155, 0.2985512354544231, 0.2937605151108333, 0.289912035209792, 0.29464545931134906, 0.29276259882109507, 0.2928123127136912, 0.28865351442779813, 0.29021019978182655, 0.2839991045849664, 0.28574037317718776, 0.28989603923899787, 0.2831131996853011, 0.2811718295727457, 0.2863207284893308, 0.28635161625487465, 0.2863804042339325, 0.2822731218167714, 0.28672372379473277, 0.28638210594654084, 0.2755989264164652, 0.2823871604033879, 0.27548245766333174, 0.2779573911002704, 0.28065802795546396, 0.27738765052386694, 0.2718656840068953, 0.2787505799106189, 0.27832519156592234, 0.2792208160672869, 0.27460245830672125, 0.2750674584082195, 0.27406380133969444, 0.2744356625846454, 0.2771876186132431, 0.2721870194588389, 0.2733345410653523, 0.2771083231483187, 0.27681312837771005, 0.278237270457404, 0.27201737761497496, 0.2652977155787604, 0.2728906646370888, 0.27041467768805366, 0.2678237027355603, 0.27199492007493975, 0.260220396731581, 0.26461317666939327, 0.2626833634717124, 0.2652146882244519, 0.26556062655789514, 0.2668861274208341, 0.2731778832418578, 0.26234678796359473, 0.2690117461340768, 0.2635080520595823, 0.2631354485239301, 0.26386137306690216, 0.2630271768995694, 0.26396754149879725, 0.25908428068671907, 0.2645888320037297, 0.2606197159205164, 0.26035046918051585, 0.2562102121966226, 0.2634563546095576, 0.26343977217163356, 0.2582604291183608, 0.25325973417077746, 0.2545646735600063, 0.2534878107053893, 0.25315020020518986, 0.2579448729753494, 0.2554660622562681, 0.25367661246231626, 0.2572453177400998, 0.24836861320904324, 0.26020591067416327, 0.2573693149856159, 0.25361637345382143, 0.2528799361416272, 0.24779955191271646, 0.25743409778390614, 0.25187257187707085, 0.24503055747066224, 0.2532822234289987, 0.24625098534992762, 0.24356701161180225, 0.24398259733404432, 0.2439407936164311, 0.24403576936040605, 0.23807292538029806, 0.23854627864701408, 0.24296943119594028, 0.24920494854450226, 0.242364259489945, 0.2425360592348235, 0.24183498535837447, 0.247353766645704, 0.23687368971960884, 0.24227193487542018, 0.24398210602147238, 0.23870784235852105, 0.23470786660909654, 0.240236183149474, 0.24059059683765685, 0.2373697727918625, 0.23987444298607963, 0.23836118302174977, 0.23616972480501447, 0.23062091661351067, 0.23250924199819564, 0.23233196841818946, 0.23544248810836246, 0.23375098620142257, 0.23678923142807826, 0.2391063683799335, 0.2296596199274063, 0.23467368824141366, 0.23833512429680143, 0.22935589509350912, 0.2273938040648188, 0.23351010169301714, 0.2257279511008944, 0.22865850222962245, 0.2215015505041395, 0.2278560351048197, 0.23300908825227193, 0.23104959045137677, 0.22401531828301294, 0.22072153091430663, 0.2213382124900818, 0.2255164623260498, 0.2183836619768824, 0.22133883578436717, 0.2289891134415354, 0.21869787722826003, 0.2190741045134408, 0.21794497604881014, 0.22351574024983814, 0.22148701825312206, 0.21811651906796864, 0.2196659545813288, 0.22318681180477143, 0.21879770244870866, 0.21716364387954984, 0.21913899800607137, 0.21743331743138178, 0.21615375408104487, 0.21553161250693456, 0.21672832731689726, 0.21207097343036108, 0.21349973274128778, 0.21557864929948534, 0.21473562866449356, 0.21238285217966352, 0.21531711859362465, 0.2151313888175147, 0.21522384541375297, 0.2108328376497541]
Validation Losses: [0.694185776842965, 0.6915753351317512, 0.6924667325284746, 0.6907054086526235, 0.6879736648665534, 0.688768595457077, 0.6852957672542996, 0.6844546960459815, 0.6829693880346086, 0.6818307273917728, 0.680038289891349, 0.6781782309214274, 0.677573604716195, 0.6750983165370094, 0.6737264196077982, 0.6700585087140402, 0.6688321365250481, 0.6662929554780325, 0.6620302630795373, 0.66055761774381, 0.6580700973669688, 0.6559577385584513, 0.6529725359545814, 0.6494718194007874, 0.6459869907961951, 0.6428565581639608, 0.6414948105812073, 0.6375285320811801, 0.6361124548647139, 0.6311673190858629, 0.632050355275472, 0.6256672011481391, 0.6236889892154269, 0.6206004089779324, 0.6178281174765693, 0.6154099636607699, 0.613182458612654, 0.6152191062768301, 0.6079322828186883, 0.6055351661311256, 0.6017010476854112, 0.6018276943100823, 0.6001147660944197, 0.5980667571226755, 0.5950913230578104, 0.5906964672936333, 0.5885766910182105, 0.5906015303399827, 0.5860627094904581, 0.5853252841366662, 0.5796676675478617, 0.5824384325080447, 0.5769817266199324, 0.5811669727166494, 0.5735950436857011, 0.5738710429933336, 0.5671195420953963, 0.574315564499961, 0.5641126069757674, 0.5682845148775313, 0.5590821140342288, 0.5683669414785173, 0.5535194608900282, 0.5552564329571195, 0.5583022965325249, 0.5540712442662981, 0.5578644043869443, 0.5531727969646454, 0.5464117858144972, 0.5464791191948785, 0.5453917218579186, 0.5328396558761597, 0.5506873627503713, 0.5333484295341704, 0.5386813614103529, 0.5397332277562883, 0.5309727754857805, 0.5308245172103246, 0.5292352437973022, 0.5352670699357986, 0.5232221037149429, 0.5342571867836846, 0.5257071819570329, 0.5284594429863824, 0.5187818772262998, 0.5176274958584044, 0.5189779069688585, 0.507819179031584, 0.5183476159969965, 0.5189131531450484, 0.5225537402762307, 0.5118017577462726, 0.5176639242304696, 0.5051100038819842, 0.5169291330708398, 0.5025419592857361, 0.500872736175855, 0.506347033712599, 0.5038810322682062, 0.49736065831449294, 0.49390458067258197, 0.5051194578409195, 0.49626312653223675, 0.49721822142601013, 0.4952237490150664, 0.4997977432277467, 0.4896111289660136, 0.48974266317155624, 0.48585787581072915, 0.497011532386144, 0.4907324231333203, 0.4783150404691696, 0.4783332877688938, 0.486783183283276, 0.4860802772972319, 0.47998499870300293, 0.48750239113966626, 0.4853460093339284, 0.4748104181554582, 0.47098123364978367, 0.4824102305703693, 0.47452839215596515, 0.46957235203848946, 0.47438912755913204, 0.47506333225303227, 0.4724207553598616, 0.4770987298753526, 0.4749894142150879, 0.4671439776817958, 0.46703986989127266, 0.4646567983759774, 0.46259255872832405, 0.4673650612433751, 0.46814558075533974, 0.45230914652347565, 0.45162829094462925, 0.4560248057047526, 0.4543512049648497, 0.46399080918894875, 0.4540751775105794, 0.45703650017579395, 0.45061889787515, 0.45529913902282715, 0.4485934641626146, 0.4539356513155831, 0.4519626299540202, 0.4468957566552692, 0.45146165291468304, 0.44908059802320266, 0.4410742024580638, 0.4458453605572383, 0.4425215505891376, 0.447251761953036, 0.43193644450770485, 0.4407597879568736, 0.4376136163870494, 0.4347330712609821, 0.4353039513031642, 0.44295450879467857, 0.44172652893596226, 0.4368463125493791, 0.4454920341571172, 0.4315609286228816, 0.43998785813649494, 0.4349452025360531, 0.43174581560823655, 0.4276505824592378, 0.4236512862973743, 0.4310578720437156, 0.4275062945153978, 0.4187175995773739, 0.4218156172169579, 0.431000883380572, 0.4199230968952179, 0.43148049381044173, 0.4234998540745841, 0.42046746446026695, 0.41846544212765163, 0.41292790902985466, 0.4132792088720534, 0.4116709546910392, 0.41739216446876526, 0.403127317627271, 0.41387024852964616, 0.4135420471429825, 0.400069288081593, 0.41461672716670567, 0.4074862235122257, 0.4070640653371811, 0.4116064061721166, 0.41465602980719674, 0.40656537148687577, 0.4033360795842277, 0.4148798965745502, 0.39930040968788993, 0.39913971887694466, 0.39790235128667617, 0.389205985599094, 0.3955448650651508, 0.3892967700958252, 0.4037794917821884, 0.3967246645026737, 0.4024425513214535, 0.3826981998152203, 0.38706472019354504, 0.3911369608508216, 0.37631407876809436, 0.39368192354838055, 0.38966788682672715, 0.38402217957708573, 0.3847641365395652, 0.38372062643369037, 0.3846685869826211, 0.37666882740126717, 0.38669724928008187, 0.3783847490946452, 0.37899282740222084, 0.38066575758987004, 0.3826827754577001, 0.37025700675116646, 0.37521735661559635, 0.3771729949447844, 0.3746271944708294, 0.3784351415104336, 0.37714652054839665, 0.37650123569700455, 0.36552220914098954, 0.37751343680752647, 0.3652060048447715, 0.3610653695132997, 0.3689696788787842, 0.36315659516387516, 0.3618776947259903, 0.3692616704437468, 0.35561342868540025, 0.35833312074343365, 0.36784814132584465, 0.36257541014088523, 0.3595057990815904, 0.36727670828501385, 0.3526594522926543, 0.3598689271344079, 0.35936157239807975, 0.3543221238586638, 0.35690023998419446, 0.3541760676436954, 0.34108513759242165, 0.3507433881362279, 0.351204545961486, 0.3529537535376019, 0.34524933165974087, 0.3448122375541263, 0.3513986153735055, 0.3539024127854241, 0.3501386758353975, 0.3454055256313748, 0.33959074318408966, 0.3335074335336685, 0.3421514216396544, 0.3544692330890232, 0.34953804148568046, 0.338056312666999, 0.33701666196187335, 0.33855458431773716, 0.35213183528847164, 0.3409844521019194, 0.3377858151992162, 0.3342563791407479, 0.3431357459889518, 0.3350330673986011, 0.33693869411945343, 0.33811961114406586, 0.33685915999942356, 0.33531882531113094, 0.3389643844630983, 0.3300716016027663, 0.3392304629087448, 0.3329686025778453, 0.3471016933520635, 0.35741520093546975, 0.3379705763525433, 0.33543386227554745, 0.32516258292728, 0.3165181279182434, 0.3404231783416536, 0.34081102245383793, 0.3330455505185657, 0.3347104589144389, 0.3326105558209949, 0.3241243776347902, 0.3198406563864814, 0.34003736409876084, 0.33272112243705326, 0.32689008282290566, 0.33918892840544385, 0.3191887554195192, 0.3358464704619514, 0.3315420233541065, 0.3342491454548306, 0.34114286965794033, 0.33575834665033555, 0.34403841031922233, 0.3275858329402076, 0.33632536563608384, 0.32273028128676945, 0.3185146881474389, 0.3305213815636105, 0.3212305357058843, 0.3185658123758104, 0.32417291071679855, 0.332196917798784, 0.3300628628995683, 0.3114008042547438, 0.319598741001553, 0.3296337243583467, 0.32930755284097457, 0.33103341857592267, 0.3280430883169174, 0.3343166278468238, 0.326143557826678, 0.3131157110134761, 0.32613853613535565, 0.3174581478039424, 0.3236907505326801, 0.31344092388947803, 0.3186872965759701, 0.3217211382256614, 0.3332337919208739, 0.3301608943276935, 0.32003382179472184, 0.31381811367140877, 0.3220824599266052, 0.3232879191637039, 0.32428719765610164, 0.33017244438330334, 0.31375738812817466, 0.32182293633619946, 0.3102807617849774, 0.3264111081759135, 0.3220538679096434, 0.3243200679620107, 0.30681512587600285, 0.3156716724236806, 0.33289752569463515, 0.3201190017991596, 0.3187335282564163, 0.3168008310927285, 0.3209572699334886, 0.3366252962085936, 0.31730291578504777, 0.3230920417441262, 0.3223779516087638, 0.3103612843486998, 0.3389185352457894, 0.3310072190231747, 0.3374108390675651, 0.3265649510754479, 0.3298756231864293, 0.31714198655552334, 0.3388461586501863, 0.317442892326249, 0.32943185832765365, 0.3259330938259761, 0.3062973767518997, 0.32149802810615963, 0.300526683529218, 0.3157266726096471, 0.31917280124293435, 0.3193107462591595, 0.3160114718808068, 0.3226871606376436, 0.3058193905486001, 0.3193923433621724, 0.3246428155236774, 0.32139614555570817, 0.3153236574596829, 0.31817637549506295, 0.31338277955849964, 0.3399651398261388, 0.3161642650763194, 0.3188798477252324, 0.32196525235970813, 0.3084791302680969, 0.32460518346892464, 0.3336408386627833, 0.32387467556529576, 0.3188515156507492, 0.32275057004557717, 0.304550476372242, 0.3299889283047782, 0.306175424820847, 0.3333462526400884, 0.3134453602963024, 0.31064384678999585, 0.3140985055102242, 0.3234890318579144, 0.3113000492254893, 0.3021683651540015, 0.3235831931233406, 0.3302772045135498, 0.32442853848139447, 0.3250393254889382, 0.3138969871732924, 0.32087917625904083, 0.31736502051353455, 0.31597106489870286, 0.3154403732882606, 0.3079592287540436, 0.3430669456720352, 0.32321520315276253, 0.330474391579628, 0.32964343825976056, 0.31555262042416465, 0.31305458810594344, 0.3065097572074996, 0.325498941871855, 0.3198621869087219, 0.3193036847644382, 0.31788473824659985, 0.30864230874511933, 0.3264221101999283, 0.3205878684918086, 0.3094882716735204, 0.31774570213423836, 0.3097766869597965, 0.32389001217153335, 0.3078491563598315, 0.31250520878367954, 0.3007606267929077, 0.33421751028961605, 0.31996262239085305, 0.3208826863103443, 0.33982506891091663, 0.32178517679373425, 0.3247898303800159, 0.3280671255456077, 0.3134956094953749, 0.3236941562758552, 0.32966365416844684, 0.3171457913186815, 0.32431743542353314, 0.31721581021944684, 0.3373403350512187, 0.33547039495574105, 0.3448737892839644, 0.3400925381316079, 0.33090728521347046, 0.3276561465528276, 0.3159804228279326, 0.3296625266472499, 0.31861643824312424, 0.31406377835406196, 0.30024663027789855, 0.31930961045953965, 0.32194944553905064, 0.33286967708004844, 0.3212473756737179, 0.32095984949005973, 0.32271269460519153, 0.31622620671987534, 0.32131192253695595, 0.33399418493111926, 0.33721885912948185, 0.31375584337446427, 0.31456077678336036, 0.33747374680307174, 0.3365395979748832, 0.31919682025909424, 0.31576476991176605, 0.3191596633858151, 0.32221684522098964, 0.3181782704260614, 0.304261800315645, 0.34393177760971916, 0.3159662534793218, 0.3132227435708046, 0.31769077479839325, 0.3127847545676761, 0.32058370610078174, 0.32929695314831203, 0.31801365315914154, 0.3224523580736584, 0.3246871878703435, 0.32329948908752865, 0.33263296551174587, 0.33589540587531197, 0.32480843365192413, 0.3362051116095649, 0.31390729380978477, 0.3174756136205461, 0.3278144250313441, 0.3362908810377121, 0.33041001194053227, 0.3300856633318795, 0.32824568781587815, 0.3132297462887234, 0.3148263022303581, 0.3135598699251811, 0.3246229564150174, 0.34612194034788346, 0.33374889029396904, 0.3338525907860862, 0.3059447060028712, 0.32038232932488125, 0.32484475274880725, 0.34797364473342896, 0.3182540088891983, 0.3515065676636166, 0.33365235726038617, 0.32488567299313015, 0.3240697466664844, 0.33917543126477134, 0.3434572501315011, 0.3251163818769985, 0.3446648120880127, 0.3334764887889226, 0.32359043922689223, 0.3382184033592542, 0.32879647778140175, 0.3307163053088718, 0.34839562243885464, 0.3322118322054545, 0.3288702252838347, 0.34140338169203865, 0.33497416145271725, 0.32707293497191536, 0.3467597679959403, 0.325456612639957, 0.33069566388924915, 0.33261364367273116, 0.34723864164617324, 0.3489388840066062, 0.3448925216992696, 0.3332111934820811, 0.33622734745343524, 0.32113506231043076, 0.3335808590054512, 0.34351809985107845, 0.35815026693873936, 0.3178555501831902, 0.3412267300817702, 0.34021902249919045, 0.34280718283520806, 0.3257512085967594, 0.33014673160182106, 0.340333479974005, 0.3356839103831185, 0.3532956855164634, 0.3396557006571028, 0.3475608171688186, 0.33332935637897915, 0.34545445607768166, 0.335874789290958]
