Enhancer: E22P3F2
Label: mm_v_all
Padding: True
Batch Size: 256
Learning Rate: 2e-06
Epochs: 1000
Subset: 1.0 (number of training samples: 9324)
Weight Decay: 0.01
Optimizer: adam
Coverage: 3
Jiggle: 3
Confusion Matrix: [[0.9104710003892565, 0.08952899961074348], [0.23142857142857143, 0.7685714285714286]]
Unnormalized Confusion Matrix: [[2339, 230], [81, 269]]
Number of Epochs: 408
Train Losses: [0.69389808177948, 0.6932687984930502, 0.6936680062397106, 0.6930865339330725, 0.6932657119390127, 0.6926926712732058, 0.6925987714045757, 0.6919581229622299, 0.6925036053399782, 0.6920986819911648, 0.6912851704133524, 0.6912155908507269, 0.691303462595553, 0.6912284171259081, 0.6907055474616386, 0.6909098705729922, 0.691614964523831, 0.6909383970337946, 0.6908423820057431, 0.690587725188281, 0.6898846304094469, 0.6901236949740229, 0.6895193425384728, 0.6899493513880549, 0.689312219619751, 0.689507320120528, 0.6892997493615022, 0.6888092128006188, 0.689560820927491, 0.6889182570818309, 0.6888581401592976, 0.6887732357592196, 0.688573826003719, 0.6881347427497039, 0.687656544350289, 0.6882450322847109, 0.6873050493163031, 0.6875606920268085, 0.6879108467617551, 0.6876125657880628, 0.6873530938818648, 0.6868273277540464, 0.6867715458612185, 0.6864847476417953, 0.6863467661110131, 0.6859402688773902, 0.685755505755141, 0.6852872339454857, 0.6856322159638276, 0.685199405695941, 0.6850160908054661, 0.6851736178269258, 0.6848308895085309, 0.6840148294294203, 0.685297616430231, 0.6843104120847341, 0.683561039937509, 0.6835440381153209, 0.6836180284216598, 0.6835806949718578, 0.6832177397367116, 0.682275008510899, 0.682677639497293, 0.6828530463012489, 0.6824245227349771, 0.681374155186318, 0.681854602452871, 0.6812640782949086, 0.6811074018478394, 0.680682272524447, 0.6799912162729211, 0.6798832529299969, 0.6808769396833472, 0.679399190722285, 0.6784864889608847, 0.6778095509554889, 0.6792312328879898, 0.6778339985254649, 0.6782243203472447, 0.6771826099705052, 0.6757336468309969, 0.6759245137910586, 0.6758564678398339, 0.6753204046068965, 0.6738708776396674, 0.6742089342426609, 0.6737339061659735, 0.6734238105851251, 0.6726391170475934, 0.672317656310829, 0.6713841493065292, 0.6703547625928312, 0.6709206345919017, 0.6698825745969206, 0.6681206467989329, 0.6685158562015843, 0.6678530187220186, 0.6669105114163579, 0.6675730685929995, 0.6647937346149135, 0.6656918525695801, 0.664239082787488, 0.6642630051922154, 0.6624570956101289, 0.6617290844788423, 0.6599252546155775, 0.6615069879067911, 0.6595620142446982, 0.6586809319418829, 0.6577922556851361, 0.6558006293064839, 0.6584343088639749, 0.655107673761007, 0.6537923812866211, 0.6514049687901059, 0.6530216561781393, 0.6504704968349354, 0.6473203655835744, 0.6489413912231857, 0.6462447546623848, 0.6441013587487711, 0.6475057473053804, 0.6423353053428031, 0.6414874711552182, 0.6424242113087628, 0.6375941730834342, 0.6366838571187612, 0.636182333972003, 0.6361231948878314, 0.6340172806301633, 0.6337649677250836, 0.6286699143615929, 0.6291971335539946, 0.6278929210997917, 0.6279998228356645, 0.6250714015316319, 0.6243112796061748, 0.6204474020648647, 0.6209743457871515, 0.6193850555935422, 0.6150896517006127, 0.6137344192814183, 0.6115342974662781, 0.6123104256552618, 0.609114683963157, 0.6070475755511103, 0.6072323547827231, 0.607359393222912, 0.6037787698410653, 0.5995469624931747, 0.600093074747034, 0.5973641356906375, 0.5947748261529047, 0.5927607852059442, 0.5939216855409983, 0.5916945144936845, 0.588888985079688, 0.586922418426823, 0.5857620738648079, 0.5855148257435979, 0.5813442371987008, 0.5799078071439588, 0.5753267794042021, 0.577598871411504, 0.5797085133758751, 0.5756582537212888, 0.5718119369970786, 0.5673241212561324, 0.5679879075772053, 0.5706301299301354, 0.5690681048341699, 0.5663518341811927, 0.5629845003823977, 0.5603022978112504, 0.560139182451609, 0.5592783786155082, 0.5571898028657243, 0.557933135612591, 0.5549606890291781, 0.5548005603455208, 0.5516762797896927, 0.5516855378408689, 0.552548801576769, 0.5470942162178658, 0.5466799687694859, 0.5436862288294612, 0.5442490658244571, 0.5395036065900648, 0.5416467834163357, 0.5410806520565136, 0.5346917671126288, 0.5357192464776941, 0.5350310947443988, 0.5317590832710266, 0.5361974972325403, 0.528203131379308, 0.5311239168450639, 0.5296414929467279, 0.525023406421816, 0.5312840487505939, 0.5278350855853107, 0.5279545937035535, 0.5277894735336304, 0.520355924561217, 0.5266461775109574, 0.5227761018920589, 0.5161650639933508, 0.5220327715615969, 0.5211720941839991, 0.5202431074670844, 0.5182315481675638, 0.5159999212703189, 0.5132882772265254, 0.5116220454911928, 0.5103829382239161, 0.5142816885097606, 0.5086103951608812, 0.5136711541059855, 0.5101751540158246, 0.509456735205006, 0.5034909796070408, 0.5056163467265464, 0.5082167056766717, 0.5045949252876075, 0.506356931216008, 0.5039476558968827, 0.5045302244457038, 0.5022602637071867, 0.49934387770858973, 0.49928888839644353, 0.49867028400704666, 0.49828675389289856, 0.49343964699152354, 0.4955877573103518, 0.4973848969549746, 0.49452298154702057, 0.49476708753688914, 0.49474650863054637, 0.486439725837192, 0.4915385318768991, 0.4916972703224904, 0.49442512038591746, 0.48966915059734034, 0.49092781946465774, 0.48451497425904144, 0.4907787949652285, 0.4862272610535493, 0.48602483884708303, 0.47653630939689845, 0.48285645327052557, 0.47873392378961716, 0.4793535607892114, 0.477939612156636, 0.48286081890802124, 0.47808087274834915, 0.47717693045332626, 0.47851437894073695, 0.47824813063080246, 0.47648237766446294, 0.47673295075828964, 0.46954420933852326, 0.4688222529114904, 0.4763146912729418, 0.46945649949279994, 0.4709831524539638, 0.46922384806581446, 0.46864628066887726, 0.46700126093787114, 0.4675307370520927, 0.4640912123628565, 0.46962598207834605, 0.4701427342118444, 0.4707092167557897, 0.4680105061144442, 0.4652016952231124, 0.46176898640555303, 0.4631961624364595, 0.4610361416597624, 0.45207093535242854, 0.46498677376154307, 0.4612036645412445, 0.4596165829413646, 0.4573539535741548, 0.45318765575821335, 0.46210702528824676, 0.4562424356872971, 0.45090066258971756, 0.45858274279413996, 0.4550031246365728, 0.45720590771855535, 0.45887449383735657, 0.4529856080944474, 0.45165662829940384, 0.4532560287295161, 0.4506706152413342, 0.44879925653741165, 0.4507238091649236, 0.45223781869218155, 0.44749240617494324, 0.44542257769687754, 0.45034789314141144, 0.44685635615039515, 0.44468866570575816, 0.4499767817355491, 0.44891156860300013, 0.44280093102841767, 0.4437988835412103, 0.44189568468042323, 0.4331780422378231, 0.4449274676877099, 0.4421569568079871, 0.4449246211631878, 0.44338174446209055, 0.4409576622215477, 0.4351119109102198, 0.43814470961287216, 0.43176098933091034, 0.43485964472229416, 0.44278640440992406, 0.4344796626954465, 0.4312000242439476, 0.4348743606258083, 0.4354102796799428, 0.43230449589523107, 0.4311595929635538, 0.4310185466263745, 0.4295690559052132, 0.4251558249061172, 0.4316356053223481, 0.42860654399201675, 0.42584056225982875, 0.4194313738797162, 0.42294740837973516, 0.4302214730430294, 0.4191222883559562, 0.42348731933413325, 0.4236466796011538, 0.4211554229259491, 0.4263417962435129, 0.4241056925541646, 0.4239544320750881, 0.4240535795688629, 0.4221482510502274, 0.41691639858323176, 0.4159259167877403, 0.4150018675907238, 0.4156100903008435, 0.41692163009901306, 0.4121201288055729, 0.416854949416341, 0.40872627013438456, 0.42085954546928406, 0.4082982113232484, 0.40981451401839386, 0.4073081145415435, 0.4016955478771313, 0.41180063260568156, 0.41506469491365794, 0.41002954421816645, 0.40924709874230464, 0.4102683735860361, 0.41000565564310226, 0.4063654783609751, 0.40230053904894236, 0.4064611373720942, 0.39996614246755036, 0.4021324998623616, 0.40143496281391866, 0.39619170652853475, 0.4058916182131381, 0.4034596528555896, 0.394774396677275, 0.40066081527117137, 0.39934279548155294, 0.3972474699084823, 0.39388205876221527, 0.39811190318416906, 0.3994174333843025, 0.40053826651057683, 0.39143812253668503, 0.38956991401878566, 0.3941229098551982, 0.3926700208638165, 0.3964970877041688, 0.3884472476469504, 0.3831767230420499, 0.3886261203804532, 0.38743598235620036, 0.3882422294165637, 0.3761199833573522, 0.3790235648284087, 0.38823772604401047, 0.38894785094905543, 0.38486848409111435, 0.3780554468567307, 0.3839844118904423, 0.3901382000059695, 0.3721266872174031, 0.37519893050193787, 0.3762110399233328, 0.3787898977060576, 0.3726388119362496, 0.3697760145406465, 0.37625766122663346, 0.3740272683066291, 0.38178394130758336, 0.3772456565418759, 0.3713202702032553]
Validation Losses: [0.6926999568939209, 0.6935373604297638, 0.6934253692626953, 0.6928487777709961, 0.6905342102050781, 0.691500186920166, 0.6916857123374939, 0.6909708082675934, 0.691740220785141, 0.6911111354827881, 0.6913725852966308, 0.6910621285438537, 0.6912384688854217, 0.6907696902751923, 0.690726512670517, 0.6904236733913421, 0.6907610416412353, 0.690344363451004, 0.6896025240421295, 0.6901614367961884, 0.6900479912757873, 0.6906388759613037, 0.6896149337291717, 0.6894405901432037, 0.6890974640846252, 0.6897257208824158, 0.6892769455909729, 0.6890420079231262, 0.6891774833202362, 0.6884005129337311, 0.6887545585632324, 0.6885871052742004, 0.6878568589687347, 0.6886891543865203, 0.6883451759815216, 0.6878388047218322, 0.6878184676170349, 0.6872539043426513, 0.6881030797958374, 0.6878013253211975, 0.6876197934150696, 0.6874817073345184, 0.6873076736927033, 0.6870386958122253, 0.6867633283138275, 0.6866621673107147, 0.6866897761821746, 0.687574565410614, 0.6851312339305877, 0.6854660868644714, 0.6860033333301544, 0.6847809255123138, 0.6854671537876129, 0.6848608016967773, 0.6854988515377045, 0.6851815402507782, 0.6845217168331146, 0.6855886220932007, 0.6836241960525513, 0.6840235471725464, 0.6840816557407379, 0.6843284726142883, 0.6830825746059418, 0.6842203378677368, 0.6839156150817871, 0.6828817486763, 0.6828034162521363, 0.6841096937656402, 0.6806848168373107, 0.6820772826671601, 0.6806679546833039, 0.681232213973999, 0.68170645236969, 0.6831183314323426, 0.6835692048072814, 0.6797772884368897, 0.6807008206844329, 0.6802745997905731, 0.6790223836898803, 0.6785581290721894, 0.6787657082080841, 0.6767314493656158, 0.6798591136932373, 0.6788045585155487, 0.6788139879703522, 0.6765809476375579, 0.6783288419246674, 0.6766387701034546, 0.6769464552402497, 0.6726094961166382, 0.675234603881836, 0.6720425903797149, 0.6726895093917846, 0.6710200846195221, 0.6697761356830597, 0.6745477974414825, 0.6738124191761017, 0.6710004150867462, 0.6685188293457032, 0.6648109257221222, 0.6667563021183014, 0.6701673924922943, 0.6691018223762513, 0.6671949744224548, 0.6679975271224976, 0.6664283812046051, 0.6634545803070069, 0.6615744054317474, 0.6651958525180817, 0.6662172019481659, 0.6656207919120789, 0.670183789730072, 0.6631511628627778, 0.6636190950870514, 0.658294290304184, 0.6583023011684418, 0.6581528186798096, 0.6633138954639435, 0.6545634388923645, 0.6568165183067322, 0.6554072678089142, 0.6540509402751923, 0.6486632883548736, 0.6530666768550872, 0.6494642198085785, 0.6564649820327759, 0.6491959095001221, 0.6441223382949829, 0.6497795879840851, 0.6513102769851684, 0.6428799450397491, 0.6376618564128875, 0.6418145835399628, 0.6387136042118072, 0.6384600281715394, 0.6365758061408997, 0.6399869799613953, 0.6386802017688751, 0.6298016548156739, 0.632123464345932, 0.6250750780105591, 0.6302258670330048, 0.6260817110538482, 0.6285942435264588, 0.6255451917648316, 0.6200746595859528, 0.625797837972641, 0.6246184527873992, 0.6256507515907288, 0.6189451277256012, 0.6148932993412017, 0.6247477769851685, 0.6138440549373627, 0.6151718020439148, 0.616704523563385, 0.6060284435749054, 0.6121479630470276, 0.6095780849456787, 0.6040520250797272, 0.6055758893489838, 0.602070939540863, 0.5942804515361786, 0.6118275642395019, 0.6047339856624603, 0.6104981303215027, 0.6020584881305695, 0.6009260952472687, 0.5989968180656433, 0.5933999717235565, 0.6005402565002441, 0.5885680079460144, 0.5944478988647461, 0.5927984833717346, 0.5816471725702286, 0.5813201248645783, 0.5882546842098236, 0.5896441102027893, 0.5935632228851319, 0.5905345499515533, 0.5804462492465973, 0.5818617403507232, 0.5842301785945893, 0.5721701323986054, 0.5802280485630036, 0.5819284558296204, 0.5854251563549042, 0.5866905868053436, 0.5882510662078857, 0.5862655699253082, 0.584879320859909, 0.5720231890678406, 0.5844656527042389, 0.5743955969810486, 0.5711833655834198, 0.5708385407924652, 0.5725460231304169, 0.5621618568897248, 0.5796818852424621, 0.5665424644947052, 0.5809693932533264, 0.5647091507911682, 0.5742119073867797, 0.5690301954746246, 0.5607206881046295, 0.55972860455513, 0.5603628158569336, 0.5628649055957794, 0.5775685489177704, 0.5670197665691376, 0.5696913540363312, 0.5706555187702179, 0.5577761828899384, 0.5542087435722352, 0.5560989201068878, 0.566286152601242, 0.5741209149360657, 0.5571518838405609, 0.5570351004600524, 0.5653008043766021, 0.5649035990238189, 0.5625322163105011, 0.5580335199832916, 0.5617197334766388, 0.5534197926521301, 0.5588612198829651, 0.5818146765232086, 0.5699426829814911, 0.5733147025108337, 0.5572135627269745, 0.5603760242462158, 0.5781986236572265, 0.5434494405984879, 0.5583253681659699, 0.5551961362361908, 0.5531916558742523, 0.5519028961658478, 0.5643569886684418, 0.551749873161316, 0.5447741955518722, 0.5615356683731079, 0.5443648517131805, 0.5332030266523361, 0.5324349194765091, 0.5828965067863464, 0.5396027863025665, 0.5451202511787414, 0.5623592913150788, 0.5401754319667816, 0.5543837964534759, 0.545891460776329, 0.5446936011314392, 0.5472387790679931, 0.5527347207069397, 0.5348203867673874, 0.5390315532684327, 0.5382497668266296, 0.5461589276790619, 0.5717577636241913, 0.5592352092266083, 0.560591059923172, 0.5392774939537048, 0.5421231210231781, 0.5223683267831802, 0.5471741378307342, 0.55177141726017, 0.5506893873214722, 0.5409113109111786, 0.5555094242095947, 0.5459605515003204, 0.5365604490041733, 0.5388414740562439, 0.5468563139438629, 0.535009241104126, 0.534111374616623, 0.5380700945854187, 0.533700829744339, 0.5470122694969177, 0.5516934633255005, 0.5542336463928222, 0.5588764369487762, 0.5451295256614686, 0.5459625959396363, 0.5324946820735932, 0.5426544368267059, 0.545868894457817, 0.5405875653028488, 0.544224351644516, 0.5417323052883148, 0.5416251927614212, 0.5534903466701507, 0.5357845097780227, 0.5410352230072022, 0.525875037908554, 0.5611947238445282, 0.5270832866430283, 0.5249870836734771, 0.5502571940422059, 0.5527335286140442, 0.5496170938014984, 0.5201674669981002, 0.5364631742238999, 0.5399138748645782, 0.5586612939834594, 0.5501593053340912, 0.553804561495781, 0.5513942122459412, 0.5505346775054931, 0.5177234798669815, 0.569969642162323, 0.5461548209190369, 0.5320285350084305, 0.5324296981096268, 0.5324944317340851, 0.5431842744350434, 0.5334183126688004, 0.5525516331195831, 0.5634007215499878, 0.5278243064880371, 0.5616066932678223, 0.5344299346208572, 0.5464234799146652, 0.5377109050750732, 0.542474341392517, 0.5551818907260895, 0.5425985902547836, 0.5502025604248046, 0.5261730790138245, 0.5688789427280426, 0.5409664988517762, 0.5296602010726928, 0.541028892993927, 0.5506767332553864, 0.5502178966999054, 0.5452694892883301, 0.5355565756559372, 0.5616068243980408, 0.5449970602989197, 0.5480459213256836, 0.5496273070573807, 0.5469306826591491, 0.5398155182600022, 0.5311941802501678, 0.5549800813198089, 0.536834329366684, 0.5275787651538849, 0.5745144009590148, 0.532673853635788, 0.5387945652008057, 0.5770584911108017, 0.5428571850061417, 0.5418158411979676, 0.5306699216365814, 0.5688811004161834, 0.575639134645462, 0.5398707777261734, 0.5379180282354354, 0.5335786700248718, 0.5595594763755798, 0.5294056951999664, 0.5503264129161834, 0.5361771821975708, 0.5438724398612976, 0.5633581548929214, 0.5637495636940002, 0.5466737657785415, 0.5474372208118439, 0.5600491166114807, 0.5465011268854141, 0.5427370458841324, 0.5555009722709656, 0.5516179382801056, 0.5590634047985077, 0.5388823747634888, 0.5347900569438935, 0.5393370389938354, 0.5542479813098907, 0.5224807798862457, 0.5213391005992889, 0.5473025381565094, 0.5475848078727722, 0.5275991231203079, 0.5450418323278428, 0.5339892625808715, 0.5351247012615203, 0.5401240974664688, 0.5462573289871215, 0.5750394463539124, 0.563547569513321, 0.5287115395069122, 0.5449733316898346, 0.5557505130767822, 0.5537201523780823, 0.5817770719528198, 0.545976996421814, 0.5591198861598968, 0.5685167193412781, 0.5441600620746613, 0.5397667407989502, 0.5282079547643661, 0.5446239829063415, 0.557564115524292, 0.5741053819656372, 0.5776576399803162, 0.5265240848064423, 0.5652564406394959, 0.5639519810676574, 0.5703161537647248, 0.5554145395755767]
