Enhancer: E22P3B4
Label: mm_v_all
Padding: True
Batch Size: 256
Learning Rate: 2e-06
Epochs: 1000
Subset: 1.0 (number of training samples: 9296)
Weight Decay: 0.01
Optimizer: adam
Coverage: 10
Jiggle: 3
Confusion Matrix: [[0.8208051300320627, 0.1791948699679373], [0.47959183673469385, 0.5204081632653061]]
Unnormalized Confusion Matrix: [[2304, 503], [47, 51]]
Number of Epochs: 352
Train Losses: [0.6932637675388439, 0.69348998327513, 0.6931756299895209, 0.6929089346447507, 0.6929063168731896, 0.693017117075018, 0.6928876155131573, 0.6928192473746635, 0.6924763112454801, 0.6931237207876669, 0.6923190790253717, 0.692699754560316, 0.6918391392037675, 0.6921227526020359, 0.6923117154353374, 0.6917839742995597, 0.6915235390534272, 0.6916125610068038, 0.6913813996959377, 0.6909464903779932, 0.6918704767484922, 0.6911835573815011, 0.6910305345380628, 0.6911105513572693, 0.6910519519367734, 0.6907838260805285, 0.6903609134055473, 0.6908850025486302, 0.6903153400163393, 0.6904407659092465, 0.6900631817611488, 0.6901509117435765, 0.6898410980765884, 0.6901935645051904, 0.6896573111817643, 0.6897885960501593, 0.6891983167545216, 0.689363144539498, 0.6896203917426031, 0.6890926570505709, 0.6891543381922954, 0.6888809477960741, 0.6888434677510649, 0.6885326230848158, 0.6879975779636486, 0.6881031651754637, 0.6882254674627974, 0.6878840407809695, 0.6875079290286915, 0.6876070322217168, 0.6869459909361761, 0.6873592605461946, 0.6868362942257443, 0.686691393723359, 0.6868128099957028, 0.6863990651594626, 0.6863961348662505, 0.6864047098804165, 0.6858503351340423, 0.6859655074171118, 0.6859813429213859, 0.6854250559935698, 0.6860118894963652, 0.6852594775122565, 0.6855202623315759, 0.6848796042236122, 0.685612715579368, 0.6845627555976043, 0.6839898276973415, 0.6836401465776805, 0.6835475660659172, 0.6832145597483661, 0.6825242123088321, 0.6831094977017995, 0.6833069872211766, 0.6830775818309268, 0.6823346389306558, 0.6814233016323399, 0.6813485912374548, 0.6819081242020065, 0.681532626216476, 0.6812094047262862, 0.6812264387672012, 0.6807012622420853, 0.6804025479265161, 0.679731235310838, 0.679309190930547, 0.6791856530550364, 0.6795096445727993, 0.6786723845713848, 0.6781053591418911, 0.6779873838295808, 0.6777111340213466, 0.6764365225224882, 0.67593890911824, 0.6765321928101617, 0.6768182886613382, 0.6745621336473001, 0.6737859812942711, 0.6745819932705647, 0.6736594003600043, 0.6732646855148109, 0.6717099337964445, 0.6713241225964314, 0.6716201466483038, 0.6708024820765933, 0.6707902083525786, 0.6690527071823945, 0.6684275269508362, 0.6677386986242758, 0.6673861580926019, 0.665679665836128, 0.6676003707421793, 0.664219128118979, 0.6650180687775483, 0.6640009139035199, 0.6625714785343891, 0.6630822259026605, 0.6632913238293415, 0.6623396116334039, 0.662248656556413, 0.6597351141878076, 0.658750738646533, 0.6600236941028286, 0.6598452764588434, 0.6575710499608839, 0.6572371914580062, 0.6579252062617121, 0.6574235912915822, 0.6557411374272527, 0.6565111875534058, 0.6549090163127796, 0.6537690871470684, 0.6535611200977016, 0.6528526850648828, 0.6520006962724634, 0.6515302045925243, 0.6532208033510156, 0.6483592149373647, 0.6496753676517589, 0.6488274045892664, 0.6482963932527078, 0.6486930831058605, 0.6463002514194798, 0.6464619588207554, 0.646957679374798, 0.6447088009602314, 0.6466039499721011, 0.6444893978737496, 0.645255899107134, 0.6419737226254231, 0.6423956639057881, 0.6427180654293781, 0.6428569120329779, 0.6416713289312415, 0.6390263937615059, 0.639781607163919, 0.6391064009150943, 0.6390529436034125, 0.6415437701586131, 0.637365731033119, 0.6378884106068998, 0.6364017257819304, 0.640638576971518, 0.6355151099127692, 0.6352061935373254, 0.6356558042603571, 0.6324477276286563, 0.6346392744296306, 0.6318555699812399, 0.6307660566793906, 0.6309624265980076, 0.6321048543259904, 0.6304890094576655, 0.6344957335575206, 0.6313725806571342, 0.629186889609775, 0.6323715077864157, 0.6301072626500517, 0.6265622812348444, 0.6321965472118275, 0.6279944841926163, 0.6311339607109895, 0.6231587690276068, 0.6248282935168292, 0.6254247426986694, 0.6257386207580566, 0.6219638473278767, 0.6227358644073074, 0.6202539978800593, 0.6176794574067399, 0.6222829190460412, 0.6221322594462214, 0.6211520272332269, 0.6186843466114353, 0.6201454078828966, 0.621373890219508, 0.6189831350300763, 0.6163923982027415, 0.6173898239393492, 0.6231129717182469, 0.6151961571461445, 0.6163648721334096, 0.6198879238721486, 0.6153737854313206, 0.6179691826975023, 0.6163053238714064, 0.6112905273566375, 0.6162495274801512, 0.6127515660749899, 0.6116933017163664, 0.6171692738661895, 0.613222407328116, 0.6101101379136782, 0.611017252947833, 0.6145182413023871, 0.614228013399485, 0.6135797323407354, 0.6107431795146014, 0.6100590792862145, 0.6113096765569739, 0.6130270329681603, 0.6143005973583943, 0.6123919776968054, 0.6046214377557909, 0.6039330927101342, 0.605128125564472, 0.6037422080297727, 0.6078217722274162, 0.60771117822544, 0.6076170399382308, 0.602472265024443, 0.6000956796311043, 0.5976124550845172, 0.6062047868161589, 0.6045288749643274, 0.6044304209786493, 0.6035947606370256, 0.6009527251527116, 0.6006368720853651, 0.5947045893282503, 0.5989251330092147, 0.5975521416277498, 0.6025266582901413, 0.5980328595316088, 0.5971075699136064, 0.5915797497775104, 0.5967393533603566, 0.5945534255053546, 0.5956337016982001, 0.598696852052534, 0.5955175628533235, 0.5977929959426055, 0.5930507392496676, 0.5935718562151935, 0.5961148368345724, 0.5923278412303409, 0.5871509909629822, 0.5886719307383975, 0.5914596013120703, 0.5840046695760779, 0.5911181069709159, 0.5897470825427288, 0.5884080513103588, 0.5852404591199514, 0.5859404528463209, 0.5870765963116208, 0.5859939085470663, 0.581397981257052, 0.5854442119598389, 0.5853409299979339, 0.5806466904846398, 0.5887922499630902, 0.5820854322330372, 0.5798919571412576, 0.5821169260385874, 0.5854850620836825, 0.5823162488035254, 0.5755182552982021, 0.5793560163394825, 0.5794473338771511, 0.5816809003417557, 0.5781809188224174, 0.5760359506349306, 0.5755779759303944, 0.5769852109857507, 0.5705675724390391, 0.5703613645321614, 0.5706023815515879, 0.5719397390210951, 0.5712511217271959, 0.5682923084980732, 0.5685101956934542, 0.5688154810183758, 0.5678778274639232, 0.5664054960817904, 0.5716133407644324, 0.5670198669304719, 0.5625267495980134, 0.5622412852338843, 0.569282008183969, 0.5672367666218732, 0.556079808119181, 0.5624825165078446, 0.5590342798748532, 0.5586899132341951, 0.55837290029268, 0.5585800489863834, 0.5579777746587187, 0.5615492076487154, 0.5548607771461075, 0.5542054321314838, 0.5507055827089258, 0.5535520895107372, 0.5470820061258368, 0.5521864939380337, 0.5542216172089448, 0.552365378753559, 0.5523109806550516, 0.5455621770910315, 0.5459106049022159, 0.5454862874907416, 0.5454605382841986, 0.5471854435430991, 0.5435491349246051, 0.5417298142974442, 0.5433721123514949, 0.5418327281603942, 0.5408062073024543, 0.5331489065208951, 0.5353957092439806, 0.5373249037845714, 0.5359837243685851, 0.5373594470926233, 0.5259980913755056, 0.5320635558785619, 0.5300142297873626, 0.5280688880263148, 0.5251440494447142, 0.5288317324341955, 0.519972133475381, 0.5188732284146387, 0.5160358411234778, 0.5241090679490888, 0.521313306447622, 0.5180072075611836, 0.5143020676599966, 0.5110343847725842, 0.5085120789102606, 0.5132720091858426, 0.5139702558517456, 0.5112349068796312]
Validation Losses: [0.6926153659820556, 0.6920877456665039, 0.6913747131824494, 0.6908258020877838, 0.6911847233772278, 0.6911614418029786, 0.6909782707691192, 0.6910278975963593, 0.6902126908302307, 0.6897281646728516, 0.6899861693382263, 0.6897224426269531, 0.6889119029045105, 0.6887727618217468, 0.6894004762172699, 0.689002537727356, 0.6885046601295471, 0.6884342491626739, 0.6888021409511567, 0.6880114555358887, 0.6878590524196625, 0.6871680855751038, 0.6881911754608154, 0.6869759976863861, 0.6870373129844666, 0.6872146427631378, 0.6867774903774262, 0.6868127048015594, 0.6863746166229248, 0.6858501732349396, 0.6857462406158448, 0.6858617544174195, 0.6847794353961945, 0.6843441367149353, 0.684182631969452, 0.6845698297023773, 0.684325110912323, 0.6846903920173645, 0.6836508929729461, 0.6837233364582062, 0.6837143123149871, 0.6831980228424073, 0.6834027707576752, 0.6824043571949006, 0.6820433139801025, 0.6829628467559814, 0.6820045173168182, 0.6809598267078399, 0.6808789789676666, 0.6796190857887268, 0.6803913712501526, 0.6804437816143036, 0.6794736564159394, 0.6795820593833923, 0.6777641832828522, 0.6785723090171814, 0.6789429068565369, 0.6780313551425934, 0.6776629984378815, 0.677488136291504, 0.6781760692596436, 0.6768920123577118, 0.6758160173892975, 0.6755377113819122, 0.6769105911254882, 0.6751742780208587, 0.6754086375236511, 0.6754905760288239, 0.6742474973201752, 0.6749196112155914, 0.6738320112228393, 0.674297821521759, 0.6739149749279022, 0.6718289315700531, 0.6725469112396241, 0.6726354479789733, 0.6710188567638398, 0.6711708426475524, 0.66767458319664, 0.6704707443714142, 0.6670471072196961, 0.6683151841163635, 0.6689689934253693, 0.6676205158233642, 0.671895545721054, 0.6671969771385193, 0.6673625230789184, 0.6682441174983978, 0.6664999663829804, 0.6652646660804749, 0.6626858413219452, 0.6657126188278198, 0.6631864190101624, 0.6651841163635254, 0.6610375583171845, 0.6636412441730499, 0.6622782409191131, 0.6625191628932953, 0.6635709524154663, 0.6619331300258636, 0.6590602695941925, 0.6575463771820068, 0.6563665926456451, 0.6556316137313842, 0.6562555491924286, 0.6532121360301971, 0.6518905758857727, 0.6503665268421173, 0.6516153395175934, 0.6536116540431977, 0.6498089134693146, 0.653697258234024, 0.6506439447402954, 0.6470836400985718, 0.6463290512561798, 0.6502277970314025, 0.6487265884876251, 0.6451302707195282, 0.6407618045806884, 0.6461613118648529, 0.6426826000213623, 0.647516918182373, 0.6398722290992737, 0.6435894250869751, 0.6382981896400451, 0.6427655518054962, 0.6429373979568481, 0.636849868297577, 0.6360510051250458, 0.6358707785606384, 0.6327596843242645, 0.6368377506732941, 0.6270563244819641, 0.6253561437129974, 0.6319845795631409, 0.6391351819038391, 0.6322991788387299, 0.6350106358528137, 0.6349518597126007, 0.630377197265625, 0.6326375603675842, 0.6228672802448273, 0.6308858752250671, 0.6266192078590394, 0.6274533987045288, 0.6265625715255737, 0.6256723165512085, 0.631293100118637, 0.6316183745861054, 0.6171753168106079, 0.6353556275367737, 0.625611674785614, 0.6293591082096099, 0.6267990350723267, 0.6208586513996124, 0.6269080102443695, 0.6276368021965026, 0.6206138730049133, 0.6163444101810456, 0.6273481607437134, 0.6242631435394287, 0.6109265148639679, 0.6219302117824554, 0.6238756477832794, 0.6194809138774872, 0.6190623104572296, 0.6210305988788605, 0.6229142367839813, 0.6196627378463745, 0.6223966896533966, 0.6151025056838989, 0.6173176884651184, 0.613687127828598, 0.610032832622528, 0.6181104779243469, 0.6114772439002991, 0.6176091611385346, 0.6130386292934418, 0.6153841257095337, 0.6301131188869477, 0.6220758020877838, 0.6131194174289704, 0.6207741916179657, 0.6153816103935241, 0.6117082059383392, 0.616401094198227, 0.6072478950023651, 0.6051785945892334, 0.607549649477005, 0.6099569797515869, 0.6042162001132965, 0.6089948773384094, 0.6165470004081726, 0.6267209708690643, 0.6091983497142792, 0.613770866394043, 0.6099454998970032, 0.6070256352424621, 0.6194292724132537, 0.6061600327491761, 0.6203138530254364, 0.6060179114341736, 0.6015962302684784, 0.6194519579410553, 0.6087150514125824, 0.6076472997665405, 0.5989494055509568, 0.6005797922611237, 0.6145583987236023, 0.6157035052776336, 0.6117278158664703, 0.6009016335010529, 0.6096110761165618, 0.6205476880073547, 0.6063546359539032, 0.6125323951244355, 0.6145139694213867, 0.6096502542495728, 0.60832479596138, 0.5971594750881195, 0.6163353800773621, 0.6136144161224365, 0.6083416700363159, 0.5968096315860748, 0.6011366605758667, 0.6236156702041626, 0.6225147843360901, 0.6272130370140075, 0.5908307075500489, 0.6095033645629883, 0.6161152184009552, 0.6174579322338104, 0.6183893382549286, 0.6084426760673523, 0.6052335858345032, 0.6172632575035095, 0.603415060043335, 0.611535906791687, 0.610569953918457, 0.6055168032646179, 0.5937231093645096, 0.6170264840126037, 0.5999635994434357, 0.6116442143917084, 0.6104662716388702, 0.6006924271583557, 0.6127492308616638, 0.6127524495124816, 0.605034226179123, 0.6232215642929078, 0.6046017050743103, 0.5844339191913605, 0.619940561056137, 0.6107430040836335, 0.6007258713245391, 0.6154992401599884, 0.6272520065307617, 0.5907363176345826, 0.6094606399536133, 0.6141933381557465, 0.6111318290233612, 0.6040208160877227, 0.6134083688259124, 0.610748165845871, 0.6083519518375397, 0.6354084372520447, 0.5981313467025757, 0.6094780564308167, 0.6027763187885284, 0.6018940150737763, 0.6062860906124115, 0.6038069248199462, 0.6069604933261872, 0.6069716811180115, 0.6170154213905334, 0.6109313011169434, 0.6168704688549042, 0.6139006912708282, 0.6103776216506958, 0.6075291693210602, 0.5982532441616059, 0.6124053120613098, 0.610689502954483, 0.6095709681510926, 0.6067443549633026, 0.6035956859588623, 0.6188322007656097, 0.6060324668884277, 0.5978968143463135, 0.6098168015480041, 0.6037043988704681, 0.6177699267864227, 0.6095644950866699, 0.6230763912200927, 0.6139001607894897, 0.6090940266847611, 0.6025195837020874, 0.6122955501079559, 0.6005217134952545, 0.6144192755222321, 0.5950391232967377, 0.6051200807094574, 0.617334645986557, 0.5900081902742386, 0.6174688220024109, 0.6094367206096649, 0.6204537749290466, 0.6150397062301636, 0.6006299078464508, 0.6099912106990815, 0.6152379035949707, 0.6168720543384552, 0.6299088835716248, 0.5955892860889435, 0.6111847698688507, 0.6129840016365051, 0.6225597620010376, 0.6076536297798156, 0.6262135148048401, 0.6292979776859283, 0.6158145487308502, 0.6154933929443359, 0.6253307640552521, 0.6240898072719574, 0.6115720331668854, 0.6056256592273712, 0.6131588220596313, 0.6235945701599122, 0.6143698513507843, 0.623748916387558, 0.6164157330989838, 0.6193477809429169, 0.6137749493122101, 0.6190535485744476, 0.6307162702083587, 0.6155954122543335, 0.6298875510692596, 0.6095880568027496, 0.6140890300273896, 0.6168493509292603, 0.6134651362895965, 0.6075377523899078, 0.601670891046524, 0.6119491338729859, 0.6193508863449096, 0.6073666870594024, 0.6183553159236908, 0.6218773305416108, 0.6133735954761506, 0.6109999656677246, 0.6163806676864624, 0.5932770609855652]
