Enhancer: E22P3G3
Label: mm_v_all
Padding: True
Batch Size: 256
Learning Rate: 2e-06
Epochs: 1000
Subset: 1.0 (number of training samples: 7700)
Weight Decay: 0.01
Optimizer: adam
Coverage: 3
Jiggle: 3
Confusion Matrix: [[0.8221024258760108, 0.1778975741239892], [0.379746835443038, 0.620253164556962]]
Unnormalized Confusion Matrix: [[1525, 330], [210, 343]]
Number of Epochs: 722
Train Losses: [0.698831565918461, 0.6976340874548881, 0.695847878533025, 0.6960681503818881, 0.6962986011658946, 0.6971087417294902, 0.6949988199818519, 0.6958128636883151, 0.6951468202375597, 0.6956050645920538, 0.6941055443979078, 0.6952013873284862, 0.6944722552453318, 0.6933404495639186, 0.6942984884785067, 0.6937905838412624, 0.6938191844571021, 0.694179319566296, 0.6946296461166874, 0.6940597872580251, 0.6936854566297224, 0.6944458234694696, 0.6930434376962723, 0.693362784001135, 0.693815085195726, 0.6932894395243737, 0.6924139088199984, 0.6933045579541114, 0.6927011493713625, 0.6924914044718589, 0.6932692643134825, 0.6927873299967858, 0.6929472857905973, 0.6935952286566457, 0.6932276525805073, 0.6926788283932593, 0.6930904080790858, 0.6925394477382782, 0.6921066314943375, 0.6927961841706307, 0.6925510667985485, 0.6929637635907819, 0.6928417586511181, 0.6924787009915998, 0.6919936518515309, 0.6928436833043252, 0.693277205190351, 0.6922989141556525, 0.6926926047571244, 0.692418679114311, 0.6927230088941513, 0.6924085693974649, 0.6925971546480733, 0.6926887554507102, 0.6921980919376496, 0.6924059660203995, 0.6918573725608087, 0.6921312482126297, 0.6929958366578625, 0.6920597591707783, 0.6922354294407752, 0.6924103786868434, 0.6924431266323212, 0.6920833414600741, 0.6924233321220644, 0.6919092439836071, 0.691326625885502, 0.6917808594242219, 0.6915921568870544, 0.6914789542075126, 0.6918881593212005, 0.6918930565157244, 0.6922592136167711, 0.6922646357167151, 0.6919794697915355, 0.6917727897244115, 0.6921407003556529, 0.6912973196275772, 0.6917112661946204, 0.691617819570726, 0.6921119651486797, 0.6915806647269956, 0.6918465552791473, 0.6914451141511241, 0.6916685661961955, 0.691527901157256, 0.6916355990594433, 0.6914113452357631, 0.6912069532179064, 0.6914177440827892, 0.6914540279296136, 0.6911302554991937, 0.6912243058604579, 0.691906257983177, 0.6915772922577397, 0.6911986508677083, 0.6910778918573933, 0.6904560404439126, 0.6906727437050112, 0.6907351343862472, 0.6909819937521412, 0.6916365104336892, 0.6908068695375996, 0.6905014899469191, 0.6909173996217789, 0.6912141749935765, 0.6911316071787188, 0.6911937152185748, 0.6907606663242463, 0.690001251236085, 0.69034146301208, 0.6912561885772213, 0.6903158810830885, 0.6905892375976809, 0.6903314532772187, 0.6900587216500313, 0.6908364507459825, 0.6910273855732333, 0.6904023058952824, 0.6902823986545685, 0.6896215773397877, 0.6903495846256134, 0.6900387810122582, 0.6904166167782199, 0.6900755878417723, 0.6906314799862523, 0.6905503657556349, 0.6902241014665172, 0.6907371263350209, 0.6897907718535392, 0.689802929278343, 0.689852399210776, 0.6898090454839891, 0.6903509439960602, 0.6902198753049297, 0.6905283735644433, 0.6895019700450282, 0.689687519304214, 0.6901434083138743, 0.690262786803707, 0.6901157709860033, 0.6895127546402716, 0.6901532892257937, 0.6892287019760378, 0.6896515623215707, 0.6894475913816883, 0.690228441069203, 0.688808023929596, 0.6895661757838342, 0.6890448158787142, 0.689772455923019, 0.6883759998506115, 0.6900143950216232, 0.6894623406471745, 0.6894822582121818, 0.6889204690533299, 0.6891086351486945, 0.6890458887623202, 0.6890727070070082, 0.6883931294564278, 0.6889800544708006, 0.6887599883540985, 0.6889797814430729, 0.6883266741229642, 0.6887887581702201, 0.6890429700574567, 0.689106616281694, 0.6885774693181438, 0.6881200555832155, 0.6890955259723048, 0.6878591545166508, 0.6880813837051392, 0.6890202856832935, 0.6886642825218939, 0.6881879145099271, 0.6881725884252979, 0.6881207400752652, 0.6883945003632577, 0.6889446685391087, 0.6883106923872425, 0.6879712266306723, 0.6879876371352903, 0.6877105101462333, 0.688050506576415, 0.6876221722172152, 0.6876058020899373, 0.6871409435426036, 0.6874876387657658, 0.6876558584551657, 0.6881181616936961, 0.6874489265103494, 0.6873601309714779, 0.6878165122001402, 0.6872798262103912, 0.6877000562606319, 0.6874493129791752, 0.6867079504074589, 0.6872884131246998, 0.6867130725614486, 0.6869681708274349, 0.686251078882525, 0.6867756170611228, 0.6864187525164697, 0.6874268804827044, 0.6873520612716675, 0.6868389691075971, 0.6867914161374492, 0.6861326175351297, 0.6865402498552876, 0.6856731061012514, 0.6865847514521691, 0.6860165865190567, 0.6853311696360188, 0.6858132750757279, 0.6860345928899704, 0.6853584416450993, 0.6860913288208746, 0.6865271156834017, 0.6843110611361842, 0.6854273292326158, 0.6856428788554284, 0.6852429393799074, 0.6856735425610696, 0.6854103322952024, 0.6843171042780722, 0.6850129173647973, 0.6858362670867674, 0.6849265290844825, 0.685384617697808, 0.6857023989000628, 0.6848174871936921, 0.6850058224893385, 0.6850501741132429, 0.6837083466591374, 0.6836206240038718, 0.6846297287171886, 0.6835044141738645, 0.6842540002638294, 0.684329004056992, 0.6834854214422165, 0.6843689295553392, 0.6841963587268707, 0.6844379152021101, 0.6832328304167716, 0.6841837071603344, 0.6840358626457953, 0.6833194763429703, 0.6832525672451142, 0.6826109943851348, 0.6838856897046489, 0.6822118836064492, 0.684074544137524, 0.6824586103039403, 0.6822263271577896, 0.6817988849455311, 0.682662881189777, 0.6817871466759713, 0.6826676630204723, 0.6813849710649059, 0.6819529264203964, 0.6826714450313199, 0.6811599596854179, 0.6818899281563298, 0.6817114276270713, 0.6810256934935047, 0.6811852416684551, 0.6812410700705743, 0.6808051582305662, 0.6814546469719179, 0.6801525200566938, 0.6805631614500477, 0.68035465094351, 0.6820774366778712, 0.6804747792982286, 0.6796473303148823, 0.679374102623232, 0.680119889397775, 0.6797811619697078, 0.68039039258034, 0.6793987770234385, 0.6793887980522648, 0.679379561255055, 0.6790856219107105, 0.6791175930730758, 0.6790097278933371, 0.679332685086035, 0.6789622287596425, 0.678169640802568, 0.678394325317875, 0.678765433449899, 0.6774307239440179, 0.678344976517462, 0.6784960723692371, 0.6770331898043233, 0.6775264047807262, 0.6781476082340363, 0.6778489658909459, 0.6771436660520492, 0.6774774366809476, 0.677730792953122, 0.6776723900148945, 0.6762495944576878, 0.6760769178790431, 0.6762051620791035, 0.6757528685754345, 0.6764425693019744, 0.6757950379002479, 0.676226387100835, 0.6758089834643949, 0.6778960035693261, 0.6744375171199921, 0.6758041900973166, 0.6752652622038319, 0.6742047359866481, 0.6759069677322141, 0.6733151981907506, 0.6746852686328273, 0.6743249450960467, 0.6755232676382987, 0.6739119618169723, 0.6754510441134053, 0.6743113360097331, 0.6728609608065698, 0.6735570642255968, 0.6725192223825762, 0.6720678306395008, 0.6738717767500109, 0.6729634423409739, 0.6711490577267062, 0.6717333466775955, 0.6729558129464427, 0.6713668915533251, 0.671171244113676, 0.6712294009424025, 0.6721508829824386, 0.6692943842180313, 0.6694699045150511, 0.6697910985639018, 0.6702207788344352, 0.6689018934003769, 0.6700641993553408, 0.668535917035995, 0.6695185438279183, 0.6692114818480707, 0.6690522797646061, 0.6682252480137733, 0.6690582152335874, 0.667954554480891, 0.6676148522284723, 0.6671060477533648, 0.6673730880983414, 0.6669861097489634, 0.6670778355290813, 0.6660729954319615, 0.6665318723647825, 0.6678959227377369, 0.6642436385154724, 0.6685861387560444, 0.6661567822579415, 0.6661446075285634, 0.6663386168018464, 0.6654046600864779, 0.6650139093399048, 0.6652030656414647, 0.6648448801809742, 0.6637211999585552, 0.6641777177010814, 0.6614038348197937, 0.665958498754809, 0.6616269042415004, 0.6627543068701222, 0.6641476519646183, 0.663612957923643, 0.6611375231896678, 0.6625751852989197, 0.6609826664770803, 0.6611614688750236, 0.6622403917774078, 0.6606308221817017, 0.6610712466701385, 0.6612898630480613, 0.660892621163399, 0.6623449171743085, 0.6583830944953426, 0.6587261845988612, 0.6589087113257377, 0.6590282609385829, 0.6581229779028124, 0.6581938920482513, 0.6582362921007218, 0.6572805470035922, 0.6578188192459845, 0.658256673043774, 0.6570895410353138, 0.6580517118976962, 0.6544427198748435, 0.654099545171184, 0.6574590763738078, 0.657198557930608, 0.6547060166635821, 0.6540427515583653, 0.6534936081978583, 0.6554653125424539, 0.6532609193555771, 0.6534641404305735, 0.6553540152888144, 0.6512511218747785, 0.652730405330658, 0.6544831741240716, 0.6494720039829132, 0.6517725336936212, 0.6511157078127707, 0.6516627707789021, 0.651302904851975, 0.6523915144705004, 0.6506268189799401, 0.6481271193873498, 0.6451277348303026, 0.6487058035788997, 0.6449339082164149, 0.6458675034584538, 0.6481868759278329, 0.6470999544666659, 0.6498413547392814, 0.649659400986087, 0.6469434269012944, 0.6463495781344752, 0.642615468271317, 0.6455248863466324, 0.6427245601530998, 0.6450842522805736, 0.6441982350041789, 0.6459352277940319, 0.6460683691886163, 0.6460368729406788, 0.6434144531526873, 0.642594285549656, 0.6394567739578986, 0.6422492419519732, 0.6401802262952251, 0.642003107455469, 0.6405884200526822, 0.6361491872418311, 0.638537185807382, 0.637649493832742, 0.6413515748516205, 0.6374579783408872, 0.638982972791118, 0.63560543329485, 0.6366430655602486, 0.6363523217939562, 0.6368560118059958, 0.6363873962433108, 0.6331775649901359, 0.6335909116652704, 0.6340287289311809, 0.632011482792516, 0.6361753209944694, 0.6297763489907787, 0.629969177707549, 0.6287131098008925, 0.6298262476921082, 0.6324952360122434, 0.6320111501601434, 0.6292827686955852, 0.6276468250059313, 0.6268601225268456, 0.6303728069028547, 0.628232438718119, 0.6275343702685449, 0.6227003297498149, 0.6253500600014964, 0.6236463785171509, 0.6230306856093868, 0.6233094276920441, 0.6231819525841744, 0.6227849894954313, 0.6234611330493804, 0.6207058410490712, 0.6166870305615086, 0.6201110924443891, 0.6184202394177837, 0.6174936409919493, 0.6159053041088965, 0.6172165812984589, 0.6143234333684368, 0.6167303323745728, 0.6117788822420182, 0.6098558633558212, 0.6151736917034272, 0.6157371517150633, 0.612639400266832, 0.6112786781403327, 0.6129932807337853, 0.6087701916694641, 0.6144073567082805, 0.6063959848496222, 0.6075270579707238, 0.6107857957963021, 0.6084508165236442, 0.6089604439273957, 0.6093083081706878, 0.6103595245269037, 0.6002276828212123, 0.6060865021521046, 0.6014198430122868, 0.6039723330928434, 0.6054083378084244, 0.6020374028913437, 0.6003073069357103, 0.5994943207310092, 0.6000615204534223, 0.5987100043604451, 0.6054131734755731, 0.598339032742285, 0.595092152395556, 0.5923892701825788, 0.5940929016759319, 0.5923592390552643, 0.5938134847148773, 0.5945677238125955, 0.5958835232642389, 0.5962529855389749, 0.5898179027342028, 0.5853417342708956, 0.5873520854980715, 0.5928254319775489, 0.5868561767762707, 0.5881999211926614, 0.5892784557034892, 0.5899025317161314, 0.5810734841131395, 0.5842118667018029, 0.5876286895044388, 0.5857790497041517, 0.5881702265431804, 0.5837995717602391, 0.5841786515328192, 0.5833488183636819, 0.5808092144227797, 0.5794865892779443, 0.5811689572949563, 0.5758812427520752, 0.5770404800291984, 0.5790480490653745, 0.576069216574392, 0.5759977025370444, 0.5757268109629231, 0.5754684671278922, 0.5760578263190484, 0.5777286617986618, 0.575106636170418, 0.5725430134804018, 0.5688760040267822, 0.5692299412142846, 0.5684594723486132, 0.5679831524049083, 0.5700851736530181, 0.572402834892273, 0.5713225564649028, 0.5671774302759478, 0.5651327583097643, 0.568890517757785, 0.5704207131939549, 0.564866800462046, 0.5636834136901363, 0.5620411749809019, 0.5615947304233428, 0.5610884504933511, 0.5586094837034902, 0.5607076979452564, 0.5623958303082374, 0.5571238571597684, 0.5611266782206874, 0.5587081659224725, 0.5577108744652041, 0.5546774941105996, 0.5573342000284502, 0.5521706794538805, 0.5558877298908849, 0.5540573481590517, 0.5502777464928166, 0.5507189458416354, 0.5532614723328622, 0.5483611197240891, 0.5457983862969183, 0.5503647039013524, 0.5464986505046967, 0.5448000411833486, 0.5432375361842494, 0.5477529764175415, 0.5441872112212642, 0.5419909511843035, 0.5490750920388007, 0.5423190632174092, 0.537117350486017, 0.5439465603520793, 0.545169424626135, 0.5416468747200505, 0.5365547470508083, 0.5337076783180237, 0.5348536862481025, 0.5407102588684328, 0.5357695654515298, 0.5387023783499195, 0.5351717645122159, 0.5296693771116195, 0.531652775502974, 0.5355215091859141, 0.531734695357661, 0.5304434741697004, 0.5307808595318948, 0.5343119905840966, 0.524956731065627, 0.525394743488681, 0.5250704653801457, 0.5207657756343964, 0.5251610586720128, 0.5281895514457456, 0.5266679544602672, 0.5229907631874084, 0.5243258649303068, 0.5202688180631206, 0.5227818075687655, 0.5197707106990199, 0.5207068314475398, 0.5183745238088793, 0.515113397952049, 0.5202748131367468, 0.5212978422641754, 0.5185912491813782, 0.515808702476563, 0.5129559741866204, 0.5110204152522548, 0.5142926400707614, 0.5146669149398804, 0.5158985708990405, 0.5051988699743825, 0.5094240519308275, 0.50861815964022, 0.5098316102258621, 0.5073576684921018, 0.5063090728175256, 0.5103975669030221, 0.5077623734551091, 0.5109123222289547, 0.49814972281455994, 0.5074945246019671, 0.5047023315583506, 0.5019264240418712, 0.5046977814166776, 0.49799239347057955, 0.5093386836590306, 0.4975475880407518, 0.4966649528472654, 0.49752111108072344, 0.49600753476542814, 0.49660131912077626, 0.49641269253146264, 0.4969626501683266, 0.496250509254394, 0.49347050920609503, 0.49710219329403293, 0.4930903027134557, 0.48668898305585306, 0.49267164930220575, 0.4920152146970072, 0.4907327025167404, 0.4937217043292138, 0.4838098681742145, 0.4896798566464455, 0.48544981114325986, 0.4873645055678583, 0.48071169949346976, 0.4821475705792827, 0.48477168237009355, 0.48051315642172293, 0.481074143801966, 0.4826271928125812, 0.4799059754417789, 0.4803033192311564, 0.4754492371313034, 0.48069989873516944, 0.4813228595641352, 0.47972287477985504, 0.48234967743196794, 0.4785358848110322, 0.47611055066508634, 0.47378563015691694, 0.47613333598259955, 0.46799965539286215, 0.47530512463661934, 0.46953578437528304, 0.47035422152088535, 0.47700751020062354, 0.4690537673811759, 0.46848692624799665, 0.46455381474187296, 0.4693181812763214, 0.4671639886594588, 0.4733148938225162, 0.468362073744497, 0.46714422683562, 0.4574132254046778, 0.46408202378980573, 0.4662733933617992, 0.46020405619375165, 0.45664945052516076, 0.4624818986462009, 0.46163922740567115, 0.4698544288835218, 0.45758606253131745, 0.4603777018285567, 0.45371758937835693, 0.46169059122762374, 0.45298876877753963, 0.45893727771697507, 0.4500675970508206, 0.45526366849099437, 0.4508730221179224, 0.454830982992726, 0.4563760046036013]
Validation Losses: [0.6935850754380226, 0.6953885182738304, 0.6993791982531548, 0.6976514607667923, 0.6992637813091278, 0.695789135992527, 0.6963049918413162, 0.6959736347198486, 0.6969749629497528, 0.6947116702795029, 0.6925764754414558, 0.6963786780834198, 0.6952192187309265, 0.6939445286989212, 0.6915258094668388, 0.6940464302897453, 0.6957229301333427, 0.6943502798676491, 0.6924980729818344, 0.6950962767004967, 0.6943578869104385, 0.6923946440219879, 0.6931673586368561, 0.6934039667248726, 0.6937321946024895, 0.6937885209918022, 0.6945543214678764, 0.693047322332859, 0.6934987530112267, 0.6929513812065125, 0.6931081265211105, 0.6938599720597267, 0.6932190433144569, 0.6930385157465935, 0.693322017788887, 0.6936948820948601, 0.6920431181788445, 0.6932188272476196, 0.6920049339532852, 0.6922935768961906, 0.692782960832119, 0.6931281238794327, 0.6920490562915802, 0.6934249624609947, 0.6924276202917099, 0.6921940967440605, 0.6924389973282814, 0.6928984746336937, 0.693301610648632, 0.6923936009407043, 0.6925797909498215, 0.6922312676906586, 0.6920827627182007, 0.6924793869256973, 0.692744180560112, 0.6921082511544228, 0.6929279640316963, 0.6923384219408035, 0.6926067098975182, 0.6925970017910004, 0.6925924941897392, 0.6924826055765152, 0.6922345608472824, 0.6926406249403954, 0.6921391561627388, 0.6926467567682266, 0.6924575343728065, 0.6924373134970665, 0.6925127729773521, 0.6924845799803734, 0.6920782327651978, 0.6922663450241089, 0.6918800100684166, 0.6926257982850075, 0.6921918019652367, 0.6922806724905968, 0.6920600607991219, 0.6922086179256439, 0.692096084356308, 0.6921236887574196, 0.6919291764497757, 0.6924201548099518, 0.6919241026043892, 0.6921623721718788, 0.6917318999767303, 0.6920358464121819, 0.6919639706611633, 0.691778302192688, 0.6917727440595627, 0.6920403689146042, 0.6921313628554344, 0.6922373026609421, 0.6922570392489433, 0.6920034140348434, 0.6919597089290619, 0.6918620020151138, 0.6914967894554138, 0.6919618546962738, 0.6921365931630135, 0.6917650699615479, 0.6921007335186005, 0.6912605985999107, 0.6918294727802277, 0.6917624473571777, 0.6920983120799065, 0.6910189241170883, 0.6918364614248276, 0.6922300234436989, 0.6913662254810333, 0.691669225692749, 0.6912021264433861, 0.6913757026195526, 0.6914599388837814, 0.6917328014969826, 0.6915677413344383, 0.6918749511241913, 0.6918606460094452, 0.6912127733230591, 0.6918483078479767, 0.6911422461271286, 0.6919969394803047, 0.6913641765713692, 0.6916120201349258, 0.6907761842012405, 0.6912456378340721, 0.6915623992681503, 0.6915107890963554, 0.691028967499733, 0.6910023987293243, 0.691891111433506, 0.6915573328733444, 0.6916408613324165, 0.6913161426782608, 0.6914128586649895, 0.6912336722016335, 0.690983735024929, 0.6906518638134003, 0.69117471575737, 0.690779909491539, 0.6910564079880714, 0.6913812011480331, 0.6915365532040596, 0.6911389455199242, 0.6904812008142471, 0.6905848756432533, 0.6906880438327789, 0.6905652731657028, 0.690033808350563, 0.6899749487638474, 0.6909264773130417, 0.6909336671233177, 0.6897718012332916, 0.6910272836685181, 0.6911888942122459, 0.6902830526232719, 0.6903858482837677, 0.6905923411250114, 0.6904903203248978, 0.6899917423725128, 0.6902925297617912, 0.6905620992183685, 0.6903872862458229, 0.6906831786036491, 0.6906804218888283, 0.6908209025859833, 0.6900816410779953, 0.6911011263728142, 0.6906460374593735, 0.6898010522127151, 0.6908705309033394, 0.6903304606676102, 0.6908646896481514, 0.6907226219773293, 0.6904531195759773, 0.6896376237273216, 0.6898099184036255, 0.6904080882668495, 0.6893051788210869, 0.6899632513523102, 0.6901548579335213, 0.6906556561589241, 0.6894174590706825, 0.6895737424492836, 0.6897744536399841, 0.6897116601467133, 0.6908914595842361, 0.6907179579138756, 0.6909076943993568, 0.6904449015855789, 0.6888546869158745, 0.6900068521499634, 0.6896571144461632, 0.6891083046793938, 0.6899710521101952, 0.6894661784172058, 0.6897661536931992, 0.6895345970988274, 0.6886121332645416, 0.6891253590583801, 0.6896788626909256, 0.6887610778212547, 0.6898137256503105, 0.689075343310833, 0.6892658472061157, 0.6886317804455757, 0.688901424407959, 0.6892824396491051, 0.6881841495633125, 0.689306803047657, 0.6893949508666992, 0.6890733614563942, 0.6877772510051727, 0.6889673098921776, 0.6875777989625931, 0.6889717131853104, 0.6888632774353027, 0.6882688626646996, 0.6891079321503639, 0.6886627972126007, 0.6885678023099899, 0.6879555806517601, 0.6880726143717766, 0.6884755045175552, 0.6891596466302872, 0.6880287602543831, 0.6869813576340675, 0.6888211891055107, 0.6882240176200867, 0.6884905621409416, 0.6886016577482224, 0.6873975545167923, 0.6887440383434296, 0.6882016137242317, 0.6871124655008316, 0.6874362751841545, 0.6873812302947044, 0.6873661875724792, 0.687152087688446, 0.6864948347210884, 0.6864322647452354, 0.6873004660010338, 0.6871858984231949, 0.685954138636589, 0.687409907579422, 0.6869481801986694, 0.6870701238512993, 0.6871878206729889, 0.6877428814768791, 0.6857274547219276, 0.6857261434197426, 0.6863923072814941, 0.687087208032608, 0.6873248443007469, 0.6856600418686867, 0.6857219636440277, 0.6860960647463799, 0.6868568807840347, 0.6862841695547104, 0.6867490708827972, 0.6866932064294815, 0.6862302720546722, 0.6852338463068008, 0.6865938827395439, 0.6854637339711189, 0.6866620406508446, 0.6856553927063942, 0.6865551024675369, 0.6852240338921547, 0.6862313523888588, 0.6864977404475212, 0.6851744055747986, 0.6859225407242775, 0.6870040223002434, 0.6842168420553207, 0.683969184756279, 0.6842321157455444, 0.6852297708392143, 0.68448406457901, 0.6833616942167282, 0.6843484565615654, 0.6862874031066895, 0.6833186596632004, 0.6843299716711044, 0.684256948530674, 0.6851296201348305, 0.685744009912014, 0.6848239228129387, 0.6849736273288727, 0.6839625835418701, 0.6856358200311661, 0.685030110180378, 0.6840314790606499, 0.683447889983654, 0.6832272708415985, 0.6859515234827995, 0.6842100769281387, 0.6848516017198563, 0.6844621747732162, 0.683351956307888, 0.6826051473617554, 0.6858424544334412, 0.6821735352277756, 0.6842241063714027, 0.6819853782653809, 0.6836472079157829, 0.6840452924370766, 0.6830448731780052, 0.6815538555383682, 0.682103656232357, 0.6807591393589973, 0.6800081506371498, 0.6813511326909065, 0.6843355894088745, 0.682795837521553, 0.6825938075780869, 0.68079524487257, 0.6831869781017303, 0.681541308760643, 0.6845512166619301, 0.6816967204213142, 0.6794633269309998, 0.6827618256211281, 0.6791659519076347, 0.6809211447834969, 0.6824077740311623, 0.684464268386364, 0.680062897503376, 0.6832957193255424, 0.6799968928098679, 0.6818416193127632, 0.6819171756505966, 0.6799682900309563, 0.6800909414887428, 0.6798611655831337, 0.6797834932804108, 0.6809677705168724, 0.680804580450058, 0.6805070489645004, 0.6809006333351135, 0.6773771122097969, 0.678970143198967, 0.6806755214929581, 0.6766555607318878, 0.6802889332175255, 0.6806242540478706, 0.679051585495472, 0.6817964091897011, 0.677805632352829, 0.6771862283349037, 0.6773647218942642, 0.6764163970947266, 0.6787677183747292, 0.6779225841164589, 0.6754142791032791, 0.6783325970172882, 0.6799451485276222, 0.6797288209199905, 0.6762274131178856, 0.6785574480891228, 0.6794976145029068, 0.6743739396333694, 0.677108608186245, 0.6768569871783257, 0.6783357411623001, 0.6784964799880981, 0.6797385215759277, 0.6771361902356148, 0.6749170646071434, 0.6767407655715942, 0.6769877374172211, 0.6740936413407326, 0.6770139262080193, 0.6765123158693314, 0.676447905600071, 0.6747822761535645, 0.6707811877131462, 0.6745333522558212, 0.6709714829921722, 0.677040345966816, 0.6732777282595634, 0.6764693781733513, 0.6739812567830086, 0.6751726418733597, 0.6735582575201988, 0.6755412295460701, 0.6739619895815849, 0.673761785030365, 0.6741064041852951, 0.6753649041056633, 0.6722660809755325, 0.6787040680646896, 0.6697054803371429, 0.6735325828194618, 0.6746651381254196, 0.6765353307127953, 0.6721595972776413, 0.6722836270928383, 0.6703696697950363, 0.6670733168721199, 0.6727355346083641, 0.669671855866909, 0.6719517484307289, 0.6736366897821426, 0.6723993197083473, 0.6650583893060684, 0.6701748222112656, 0.6683199852705002, 0.6716329678893089, 0.668688677251339, 0.6710206866264343, 0.6720795407891273, 0.6678545475006104, 0.6708575636148453, 0.6674202382564545, 0.6641104146838188, 0.6718483716249466, 0.6710449531674385, 0.6708697229623795, 0.6737224012613297, 0.6663913577795029, 0.6663170456886292, 0.6677531525492668, 0.6656835824251175, 0.6706964075565338, 0.6674400269985199, 0.666907362639904, 0.67055244743824, 0.668049581348896, 0.6705624759197235, 0.6653398275375366, 0.6685676127672195, 0.6686880141496658, 0.6697316616773605, 0.6635581701993942, 0.6625342592597008, 0.6688666343688965, 0.6624755188822746, 0.6648112535476685, 0.6674138009548187, 0.665394201874733, 0.661514163017273, 0.6669882461428642, 0.6562595963478088, 0.6673827990889549, 0.6682906746864319, 0.6676575392484665, 0.6674982905387878, 0.6602184921503067, 0.6679559648036957, 0.6641491204500198, 0.6633168384432793, 0.6628710851073265, 0.6602471321821213, 0.6678273603320122, 0.6665357649326324, 0.6548504680395126, 0.6711279451847076, 0.6640772596001625, 0.6635772734880447, 0.6524861082434654, 0.6575388237833977, 0.6646225675940514, 0.6626419425010681, 0.6676283776760101, 0.6650538817048073, 0.6619779095053673, 0.6629581227898598, 0.6580835208296776, 0.6543309763073921, 0.662378653883934, 0.6606019884347916, 0.6603413447737694, 0.6522646769881248, 0.6591542884707451, 0.6606014370918274, 0.6638579443097115, 0.6649597883224487, 0.6565156057476997, 0.6571802347898483, 0.6555273085832596, 0.657584473490715, 0.656532846391201, 0.6593359559774399, 0.6559644415974617, 0.6502294093370438, 0.6537366732954979, 0.6562224924564362, 0.6559650152921677, 0.6613316461443901, 0.6545027792453766, 0.6507342606782913, 0.6597586795687675, 0.6547508090734482, 0.6594222038984299, 0.650056928396225, 0.6561109498143196, 0.6568458452820778, 0.6505154818296432, 0.6525048166513443, 0.6580208763480186, 0.6547200754284859, 0.6493207737803459, 0.6506625041365623, 0.637169636785984, 0.6522378548979759, 0.6541848108172417, 0.6514125764369965, 0.6538393348455429, 0.6489025503396988, 0.6538013741374016, 0.64943016320467, 0.6420308649539948, 0.6529649868607521, 0.6493649929761887, 0.6488886475563049, 0.6528171822428703, 0.652411088347435, 0.6476110070943832, 0.6468982100486755, 0.6436843350529671, 0.6513530313968658, 0.6459784880280495, 0.6498759537935257, 0.6483984291553497, 0.6473750993609428, 0.6349077746272087, 0.6514815911650658, 0.653324156999588, 0.6477676033973694, 0.644099622964859, 0.6528607532382011, 0.6445611193776131, 0.6434036046266556, 0.6437187194824219, 0.6375703290104866, 0.6500556543469429, 0.6441749557852745, 0.6455038264393806, 0.6439946293830872, 0.639919601380825, 0.631477028131485, 0.6394574642181396, 0.6450381651520729, 0.6358061209321022, 0.6366417855024338, 0.6412081196904182, 0.6461963728070259, 0.6425385773181915, 0.6528585776686668, 0.6438613682985306, 0.6402906104922295, 0.6389536336064339, 0.6338560953736305, 0.6434841528534889, 0.6441311612725258, 0.640468031167984, 0.6420751139521599, 0.6446243301033974, 0.6349004879593849, 0.6424239426851273, 0.6379227563738823, 0.6418363079428673, 0.6487342044711113, 0.6346941217780113, 0.6456372961401939, 0.6358406096696854, 0.6393181905150414, 0.6282810270786285, 0.625761054456234, 0.6352724507451057, 0.6419840976595879, 0.6374343559145927, 0.6340457946062088, 0.6327487379312515, 0.645312674343586, 0.6385112628340721, 0.6322094202041626, 0.6306197792291641, 0.6499938666820526, 0.6240398958325386, 0.6240966320037842, 0.6367754489183426, 0.6312648206949234, 0.630768395960331, 0.6468769758939743, 0.6281522512435913, 0.6326262801885605, 0.6344660371541977, 0.6291579231619835, 0.6386286094784737, 0.6290537640452385, 0.629008986055851, 0.6427363231778145, 0.6273620575666428, 0.6319610103964806, 0.6376702412962914, 0.6327603682875633, 0.6282322704792023, 0.6367624700069427, 0.6336236447095871, 0.633101187646389, 0.6375338137149811, 0.6347092911601067, 0.6306915357708931, 0.6259182840585709, 0.6288908794522285, 0.6283798366785049, 0.6286309733986855, 0.6268860846757889, 0.6355709359049797, 0.6363374292850494, 0.6302089989185333, 0.6254621595144272, 0.618648573756218, 0.6212954893708229, 0.6362997069954872, 0.6399572715163231, 0.6249920800328255, 0.6345114707946777, 0.6169839128851891, 0.6171348765492439, 0.609291285276413, 0.6310856863856316, 0.6266074776649475, 0.6212431192398071, 0.6214395835995674, 0.6348695084452629, 0.6356270834803581, 0.630925714969635, 0.6466807499527931, 0.623232901096344, 0.6199798360466957, 0.6277863904833794, 0.6456395834684372, 0.619975283741951, 0.6319117397069931, 0.6324269101023674, 0.6362143829464912, 0.634660392999649, 0.6391231119632721, 0.6110291033983231, 0.6280251294374466, 0.6231316924095154, 0.6340494379401207, 0.6219850778579712, 0.6419314593076706, 0.6274303272366524, 0.6180660575628281, 0.6290359273552895, 0.6366868615150452, 0.6351243108510971, 0.631134033203125, 0.622846819460392, 0.6213101223111153, 0.6281202509999275, 0.6374195590615273, 0.6230930760502815, 0.6248745024204254, 0.6244126632809639, 0.6263650134205818, 0.6339588537812233, 0.6192878857254982, 0.6256115585565567, 0.6196019649505615, 0.6219846457242966, 0.6217366755008698, 0.6233635917305946, 0.6255282685160637, 0.62270887196064, 0.6195802614092827, 0.6277639046311378, 0.6327736228704453, 0.6228725165128708, 0.6213350966572762, 0.6208256036043167, 0.6220334395766258, 0.6337287724018097, 0.6212842464447021, 0.626970149576664, 0.6388831213116646, 0.6107916906476021, 0.6310029253363609, 0.6268636882305145, 0.6165098026394844, 0.6218916103243828, 0.6276905313134193, 0.6324083507061005, 0.6203454881906509, 0.6336695626378059, 0.6213938891887665, 0.619536355137825, 0.6190653964877129, 0.6335957571864128, 0.6302025020122528, 0.6260634884238243, 0.6255012005567551, 0.618447333574295, 0.6178598999977112, 0.6299937665462494, 0.6312688738107681, 0.6314261108636856, 0.6222636699676514, 0.6322892382740974, 0.6504443809390068, 0.6317992731928825, 0.6336224898695946, 0.6321243271231651, 0.6285985037684441, 0.6121465116739273, 0.6295938417315483, 0.6297226101160049, 0.6325879022479057, 0.6126075014472008, 0.6279478669166565, 0.6291751191020012, 0.6361351758241653, 0.6284583956003189, 0.6261899247765541, 0.6289262548089027, 0.6357686445116997, 0.6152477636933327, 0.6334754526615143]
Validation ROC AUC: 0.6885886120440522
Validation Confusion Matrix: [[164, 53], [29, 30]]
Validation Precision: 0.3614457831325301
Validation Recall: 0.5084745762711864
Validation F1 Score: 0.4225352112676056
Validation Accuracy: 0.7028985507246377
Test ROC AUC: 0.7813231430618581
Test Confusion Matrix: [[218, 47], [28, 51]]
Test Precision: 0.5204081632653061
Test Recall: 0.6455696202531646
Test F1 Score: 0.576271186440678
Test Accuracy: 0.7819767441860465
Validation Set Size: 276
Test Set Size: 344
