Enhancer: E22P1E6
Label: mm_v_all
Padding: True
Batch Size: 256
Learning Rate: 2e-06
Epochs: 1000
Subset: 1.0 (number of training samples: 700)
Weight Decay: 0.01
Optimizer: adam
Coverage: 10
Jiggle: 3
Confusion Matrix: [[0.0, 1.0], [0.0, 1.0]]
Unnormalized Confusion Matrix: [[0, 196], [0, 28]]
Number of Epochs: 121
Train Losses: [0.6934215625127157, 0.7038212219874064, 0.6975852449735006, 0.7031393249829611, 0.7118161718050638, 0.7017227212587992, 0.7050765554110209, 0.7053384582201639, 0.7053518295288086, 0.705809473991394, 0.6998168627421061, 0.7023603916168213, 0.6948813001314799, 0.6946653922398885, 0.7100215554237366, 0.708335260550181, 0.7113561034202576, 0.7025863528251648, 0.6989627679189047, 0.6948920289675394, 0.6924308141072592, 0.7018624146779379, 0.7028488914171854, 0.7057089606920878, 0.7089823484420776, 0.703735331694285, 0.6998907923698425, 0.6979255278905233, 0.700186570485433, 0.6983273426691691, 0.7005510131518046, 0.7076217532157898, 0.7068623503049215, 0.6923978924751282, 0.6932658751805624, 0.7012486259142557, 0.7033138672510783, 0.6965884566307068, 0.6907733877499899, 0.700170894463857, 0.7010318040847778, 0.7029545505841573, 0.7020849188168844, 0.7040180166562399, 0.7023144165674845, 0.7027132113774618, 0.7060603896776835, 0.6966127951939901, 0.6970299283663431, 0.7047961155573527, 0.7011622587839762, 0.6945726871490479, 0.6956945061683655, 0.7013574441274008, 0.6993370254834493, 0.700626810391744, 0.7089788913726807, 0.6978674928347269, 0.6979469458262125, 0.6876223285992941, 0.7012809912363688, 0.6934253374735514, 0.7036940256754557, 0.7069770693778992, 0.7012648185094198, 0.6955535014470419, 0.6975159843762716, 0.7027139067649841, 0.7054824630419413, 0.6960281332333883, 0.6990999778111776, 0.6992138028144836, 0.7007012367248535, 0.7016387184460958, 0.7036403218905131, 0.7015228470166525, 0.7003910342852274, 0.6996110280354818, 0.6991161902745565, 0.690152664979299, 0.6951989928881327, 0.6969957947731018, 0.6942271590232849, 0.7073391278584799, 0.6997799674669901, 0.6985311706860861, 0.7008221745491028, 0.7004596392313639, 0.7012399633725485, 0.6897707382837931, 0.6919283469518026, 0.6990343530972799, 0.6924928228060404, 0.6956854859987894, 0.7013846039772034, 0.6975759267807007, 0.7045008540153503, 0.7015462517738342, 0.6987883845965067, 0.6982554395993551, 0.6930040319760641, 0.6948731541633606, 0.6930012702941895, 0.6982141335805258, 0.6980936328570048, 0.6991051634152731, 0.6978093584378561, 0.7004227439562479, 0.6966527501742045, 0.6977948943773905, 0.7012472152709961, 0.701036254564921, 0.697796106338501, 0.693269948164622, 0.7030234734217325, 0.6937735279401144, 0.6961898605028788, 0.6948174436887106, 0.690163274606069, 0.6932164231936137, 0.6972856720288595]
Validation Losses: [0.6925570964813232, 0.69341641664505, 0.6958288550376892, 0.6930651068687439, 0.6959298253059387, 0.6973334550857544, 0.6865510940551758, 0.7000770568847656, 0.6933065056800842, 0.694135844707489, 0.6998898983001709, 0.6961017847061157, 0.6917890906333923, 0.7001348733901978, 0.6987228393554688, 0.715174674987793, 0.7020148634910583, 0.6887934803962708, 0.6944459080696106, 0.7027015089988708, 0.6797778010368347, 0.6986489295959473, 0.7102137207984924, 0.7004695534706116, 0.6927692294120789, 0.7131463885307312, 0.6958953142166138, 0.6837013363838196, 0.7273114919662476, 0.6932544708251953, 0.7065761685371399, 0.7194334268569946, 0.7028467655181885, 0.7165809869766235, 0.7079184055328369, 0.7170676589012146, 0.6938489079475403, 0.6993811726570129, 0.7008792757987976, 0.6880394220352173, 0.7058393955230713, 0.7043115496635437, 0.6890899538993835, 0.7153463959693909, 0.6931731104850769, 0.7017583250999451, 0.6848458647727966, 0.700498640537262, 0.6975592374801636, 0.692338228225708, 0.6910839676856995, 0.7022194862365723, 0.6970266103744507, 0.6998972296714783, 0.7112590670585632, 0.7007038593292236, 0.7084623575210571, 0.6992227435112, 0.6946280002593994, 0.6982080340385437, 0.6817064881324768, 0.708063542842865, 0.6878215074539185, 0.709265947341919, 0.7052192687988281, 0.6817469596862793, 0.6867349147796631, 0.7013672590255737, 0.6995419859886169, 0.6892421245574951, 0.7071385979652405, 0.6903828382492065, 0.7180313467979431, 0.6834700703620911, 0.7020806670188904, 0.6927081346511841, 0.6928818225860596, 0.7042394876480103, 0.6996184587478638, 0.7153237462043762, 0.7050318121910095, 0.6997776627540588, 0.6894828677177429, 0.7071300148963928, 0.7008548974990845, 0.6883552074432373, 0.6992288827896118, 0.717194139957428, 0.7037507891654968, 0.6904327273368835, 0.6983216404914856, 0.709850013256073, 0.6972429752349854, 0.7121608257293701, 0.6912869215011597, 0.6975265145301819, 0.698457658290863, 0.6968492865562439, 0.6954377293586731, 0.7064456939697266, 0.7020204067230225, 0.7020077109336853, 0.6944413185119629, 0.7066975831985474, 0.6955613493919373, 0.6924260258674622, 0.7026646733283997, 0.694672703742981, 0.6982317566871643, 0.7064304947853088, 0.7104941010475159, 0.7016434669494629, 0.7011680603027344, 0.69132000207901, 0.6899044513702393, 0.6940847635269165, 0.7037433385848999, 0.7037895321846008, 0.7068077921867371, 0.7000300288200378, 0.704721212387085]
