Enhancer: E25B3
Label: mm_v_all
Padding: True
Batch Size: 256
Learning Rate: 2e-06
Epochs: 1000
Subset: 1.0 (number of training samples: 112)
Weight Decay: 0.01
Optimizer: adam
Coverage: 10
Jiggle: 3
Confusion Matrix: [[0.0, 1.0], [nan, nan]]
Unnormalized Confusion Matrix: [[0, 42], [0, 0]]
Number of Epochs: 103
Train Losses: [0.6888403296470642, 0.6895678639411926, 0.706420361995697, 0.7045097947120667, 0.6953029036521912, 0.7058201432228088, 0.6912079453468323, 0.6850946545600891, 0.6959974765777588, 0.7022820115089417, 0.6893297433853149, 0.7006599307060242, 0.6998441815376282, 0.6907678246498108, 0.6970106363296509, 0.7019800543785095, 0.7086893916130066, 0.6966918110847473, 0.7036449313163757, 0.7057320475578308, 0.6857625842094421, 0.6746553778648376, 0.6944812536239624, 0.7066303491592407, 0.6703721880912781, 0.6962723135948181, 0.6761138439178467, 0.7027345895767212, 0.6964638233184814, 0.6851294636726379, 0.6890078186988831, 0.697952389717102, 0.710703432559967, 0.6987017393112183, 0.6882474422454834, 0.7098959684371948, 0.6833155155181885, 0.6991851925849915, 0.7261579632759094, 0.6999938488006592, 0.6956979632377625, 0.6880077123641968, 0.6740981936454773, 0.7012345790863037, 0.7054798603057861, 0.6915169954299927, 0.7088417410850525, 0.6899887323379517, 0.7156165242195129, 0.6783758401870728, 0.7050408124923706, 0.6918842792510986, 0.6966569423675537, 0.6972949504852295, 0.6948396563529968, 0.6996507048606873, 0.6990684270858765, 0.6942487955093384, 0.7067354917526245, 0.6917001605033875, 0.713023841381073, 0.6873374581336975, 0.6919143795967102, 0.7037753462791443, 0.7011001706123352, 0.6736385822296143, 0.701923131942749, 0.696969747543335, 0.6847836971282959, 0.7171632647514343, 0.6845565438270569, 0.7043577432632446, 0.7039660215377808, 0.7096651792526245, 0.6988961696624756, 0.6963636875152588, 0.6919284462928772, 0.6891406774520874, 0.7023056149482727, 0.7130264043807983, 0.6933759450912476, 0.6976781487464905, 0.6945730447769165, 0.691618800163269, 0.6909681558609009, 0.6915675401687622, 0.7198905348777771, 0.705650269985199, 0.6981894969940186, 0.6919047832489014, 0.6894893050193787, 0.7027604579925537, 0.6954177021980286, 0.7017573714256287, 0.6967964768409729, 0.7001699805259705, 0.6951439380645752, 0.6954103708267212, 0.6947214007377625, 0.6910141110420227, 0.6986822485923767, 0.682807207107544, 0.703362762928009]
Validation Losses: [0.7498263120651245, 0.7474799156188965, 0.7455772161483765, 0.7463241815567017, 0.7483628988265991, 0.7514865398406982, 0.7548044919967651, 0.7582570910453796, 0.7609930634498596, 0.7640531659126282, 0.7668100595474243, 0.7697140574455261, 0.7727454304695129, 0.7756104469299316, 0.7784487009048462, 0.7815170288085938, 0.7845014333724976, 0.7871505618095398, 0.79020094871521, 0.7930150032043457, 0.795907735824585, 0.7990509271621704, 0.8017343878746033, 0.8045923709869385, 0.8078004121780396, 0.8111951351165771, 0.8136728405952454, 0.8161435723304749, 0.8194795846939087, 0.8208755254745483, 0.8225825428962708, 0.8243495225906372, 0.8261740803718567, 0.828065812587738, 0.829535722732544, 0.8304498791694641, 0.8306100368499756, 0.830658495426178, 0.8309177756309509, 0.8306569457054138, 0.8307867646217346, 0.8319504857063293, 0.8308013081550598, 0.8315947651863098, 0.8318068385124207, 0.8296980857849121, 0.8295661211013794, 0.8272733688354492, 0.8266825079917908, 0.826242208480835, 0.8250653147697449, 0.822239100933075, 0.8215531706809998, 0.8201804161071777, 0.8172455430030823, 0.8167152404785156, 0.8154170513153076, 0.8123319149017334, 0.8116665482521057, 0.8085718750953674, 0.8083536624908447, 0.8082278370857239, 0.8065690398216248, 0.8052754402160645, 0.8054285049438477, 0.8025683760643005, 0.8031623959541321, 0.8034561276435852, 0.8008385896682739, 0.8011033535003662, 0.8009145259857178, 0.8005041480064392, 0.7988718152046204, 0.798588216304779, 0.7991113066673279, 0.7967033386230469, 0.7990409731864929, 0.7987663149833679, 0.7966224551200867, 0.7971051931381226, 0.7978723645210266, 0.7967851161956787, 0.7963320016860962, 0.7952995300292969, 0.7960056066513062, 0.7949211597442627, 0.7951886653900146, 0.7964627742767334, 0.7947137355804443, 0.7954869866371155, 0.7942301034927368, 0.7936429381370544, 0.7945668697357178, 0.7941479086875916, 0.7929002046585083, 0.7927139401435852, 0.7945398688316345, 0.793712854385376, 0.7925253510475159, 0.7924972772598267, 0.7920132279396057, 0.792436420917511, 0.7922277450561523]
