Enhancer: E22P2F4
Label: mm_v_all
Padding: True
Batch Size: 256
Learning Rate: 2e-06
Epochs: 1000
Subset: 1.0 (number of training samples: 217651)
Weight Decay: 0.01
Optimizer: adam
Coverage: 1
Jiggle: 3
Confusion Matrix: [[0.8324059878382801, 0.16759401216171987], [0.19813402889245585, 0.8018659711075441]]
Unnormalized Confusion Matrix: [[48322, 9729], [1975, 7993]]
Number of Epochs: 178
Train Losses: [0.6932005146835721, 0.6922279140363709, 0.6916201342286851, 0.6907719146070693, 0.6897471730633432, 0.6882955333881177, 0.6867058985942119, 0.6841799525060329, 0.6806997891458585, 0.6760798079146622, 0.669297476352732, 0.6609718253973929, 0.649472136825288, 0.6362777261980552, 0.6199133272877031, 0.6035415434949406, 0.5884890501703695, 0.5745616552412299, 0.5616618079668486, 0.5477534342736671, 0.5361093076779896, 0.5236431266740402, 0.5132921876344221, 0.5018389291894982, 0.4939539003876485, 0.4836731384629789, 0.4731502849192793, 0.4673381604333042, 0.4586134772533255, 0.45061277373136843, 0.44294878469230703, 0.4370010395728043, 0.43057315207396213, 0.4264878856169211, 0.4196215037663591, 0.4149192896628912, 0.41043379591158496, 0.40724026106219174, 0.4035490649007042, 0.3987574018406672, 0.3963934214989251, 0.39390793404203744, 0.3908359017201232, 0.38739928844812754, 0.3854187502844213, 0.3844044452618488, 0.381654503062525, 0.37903152096285525, 0.37610998637667836, 0.37386353991566756, 0.3743596433822753, 0.3708178468582633, 0.3719366578742004, 0.3687854648757065, 0.3674534786531984, 0.3669738140040363, 0.365302709659034, 0.3621700740518917, 0.3615937657768102, 0.3620123564496584, 0.3603924697070228, 0.3586730046852215, 0.3583114776502065, 0.35703210212229003, 0.3556960193236762, 0.35416034389326634, 0.3542550151552633, 0.3523752112226116, 0.3506917809907754, 0.3493612325989962, 0.3504999595159089, 0.3487731643134923, 0.3491026657938817, 0.3466790354910244, 0.34789559928006486, 0.34338360664146905, 0.3446492204654931, 0.34342424223061596, 0.3421284740595924, 0.3432750160489603, 0.3421738622611614, 0.3407040721661336, 0.3395942459025198, 0.3393267616892253, 0.3389911810603741, 0.3376863998405802, 0.33851919348595705, 0.3369570507391079, 0.3360850021996033, 0.3359547453537391, 0.33483891309918584, 0.3328569116799728, 0.3345090808515403, 0.3334986541231987, 0.33221869604918147, 0.33221907719321875, 0.33283560813243745, 0.33095416580748194, 0.330792127323767, 0.3308392267074484, 0.3300077699991567, 0.3294893675664337, 0.32810635255380466, 0.3310977687356615, 0.32885992695105765, 0.32719242791661646, 0.32596077613278646, 0.32642058322488493, 0.32697972516965923, 0.3248070514510297, 0.3274319219883404, 0.3252812252411691, 0.32601972876858626, 0.3248738294727794, 0.32421633839327074, 0.3225621137544775, 0.3219557895503509, 0.32196936799272385, 0.32088299661209385, 0.32208846383383355, 0.3229657680531646, 0.3207016400248688, 0.3193908420278659, 0.31818203029215125, 0.3192171306643727, 0.3195548109036075, 0.31904139288303857, 0.3183593463883697, 0.3169201382038596, 0.3181183913899925, 0.31650836720239683, 0.3171990986926575, 0.31690215899857455, 0.31791496290863613, 0.3155040495649208, 0.3144911814975683, 0.31618653666819024, 0.3145109453051407, 0.31321873604270745, 0.3132028132151773, 0.3149409575341871, 0.3136547085085991, 0.3128038843356064, 0.3116645845031906, 0.310729659664785, 0.3109647031396312, 0.30938452280856465, 0.3112295996638499, 0.31227347618964807, 0.31059334706405634, 0.3100928691173132, 0.3081098774800429, 0.3112938950225693, 0.3093675693669975, 0.31048645602690206, 0.3095913866642079, 0.3083109498444231, 0.3077765733844105, 0.30763453173371236, 0.3084415079528941, 0.3064166275055512, 0.3070334574835841, 0.30716863428663843, 0.3058905903201826, 0.30722229151201863, 0.30564072110047774, 0.303797633558967, 0.30644050905903414, 0.3053952104091364, 0.30399231243217595, 0.3056139695763448, 0.30456218349317266, 0.30363258208147087, 0.30360831453363146, 0.3067126514523626, 0.30276751885963243, 0.30324831970920296, 0.3024755326722399]
Validation Losses: [0.6922394423417642, 0.6914551884915348, 0.6905429925717098, 0.6895742077782681, 0.6883254062401857, 0.6865492404346735, 0.6846343790981132, 0.6810686582690674, 0.6768654229495447, 0.6708866198297957, 0.6620310265133639, 0.6517838790942806, 0.6389341802104538, 0.622684012836134, 0.6053993522841046, 0.5886244203003359, 0.5737910774392141, 0.5591434271122928, 0.5432115057264695, 0.5297920379280484, 0.5162650478277968, 0.5059331140607736, 0.4931787175471794, 0.4861822759321598, 0.4741611251249, 0.4637346604900181, 0.46043473789949374, 0.4477996703044909, 0.4390780427646189, 0.4331919602664983, 0.42921715918840936, 0.41853425368456776, 0.4196420705094584, 0.4100452033286923, 0.4070472883786394, 0.40513881159500337, 0.4033991346057032, 0.39985463680795663, 0.3961516943336093, 0.3941441683422232, 0.3919506212915053, 0.3875059234984044, 0.38413440481597827, 0.38454671169110866, 0.38435468441443826, 0.38109818996398104, 0.3798429625974575, 0.3789713409305179, 0.3825223338156239, 0.3780515111388175, 0.3766603909188033, 0.37786339818032133, 0.37580548653580215, 0.3774091511824881, 0.3761469243277966, 0.375265552264424, 0.37580750399911905, 0.3726437571742725, 0.3747397332404141, 0.3741015608601727, 0.37188222794465614, 0.367622778169426, 0.37009297164393146, 0.37109572688738507, 0.36891547321153917, 0.37824150038437104, 0.3681753007738803, 0.3699698015837602, 0.3721318568142367, 0.3671032675834889, 0.3689859654981765, 0.3676657500401349, 0.3685977317637681, 0.36523649558215077, 0.3668171760621765, 0.36781101089687973, 0.3661486498067077, 0.36422315016039103, 0.36750580545322437, 0.36651919425373347, 0.3698212416239188, 0.3697434134886298, 0.3691083490848541, 0.370753051949219, 0.3721994731068051, 0.3684249453141656, 0.37236151323072225, 0.36822424766043543, 0.3673994240346649, 0.37042661549899497, 0.37204699449136225, 0.3706446746145616, 0.3685619114710132, 0.3735759809543269, 0.3713078136455285, 0.3705492035044191, 0.37006769493711944, 0.368240496082485, 0.3722749822576281, 0.3701767595441129, 0.36914064151020676, 0.37068960742211676, 0.3741530437424709, 0.36980388198100345, 0.37169891805715966, 0.3703233949455297, 0.3743012460744437, 0.37411961575069336, 0.37576173560720094, 0.3730987290821165, 0.3715312875492472, 0.37311860471264297, 0.36701725752140996, 0.3740484103070738, 0.3705863136920571, 0.3714259805533808, 0.370143818323601, 0.3730400047951461, 0.3682911929110406, 0.36853212062182, 0.3736370618634381, 0.37715780077405936, 0.37409140400483576, 0.37460827225810484, 0.3755802159578028, 0.37634200543305124, 0.3768106826314344, 0.3713904364567967, 0.3708720439476586, 0.37203916627476474, 0.375191910725804, 0.3738655257672771, 0.3696462713496786, 0.3721845638304249, 0.37670393644923894, 0.37480319022012987, 0.37353028392008214, 0.37124428992540065, 0.36990084236776327, 0.3786215919284194, 0.37502929652240913, 0.3778425464887574, 0.37562089290977085, 0.3740734415994564, 0.3813642392136122, 0.37913149245468103, 0.3727043504726159, 0.3776836763245399, 0.3803532140355715, 0.37376391202071463, 0.3742771408927273, 0.37545312108568185, 0.3743167970102158, 0.3789676991706723, 0.38095574675591337, 0.3753174617536751, 0.3804026572077487, 0.38479505920074353, 0.3758026378255495, 0.3801484531919721, 0.37700357627420916, 0.37531723075069734, 0.3838216245454242, 0.37522548059342614, 0.37743010431388174, 0.37844228940390645, 0.37573552831237866, 0.37572834399384514, 0.37783912803645425, 0.37890659251683195, 0.38008315994146286, 0.37757062324335877, 0.37526689798619267, 0.3789141848333565, 0.3763230235224039, 0.37875788690338674, 0.37831431921099273, 0.3789288919296623]
Validation ROC AUC: 0.9097447349835532
Validation Confusion Matrix: [[5409, 1253], [190, 922]]
Validation Precision: 0.4239080459770115
Validation Recall: 0.829136690647482
Validation F1 Score: 0.5609978703985397
Validation Accuracy: 0.81438127090301
Test ROC AUC: 0.9049033840642642
Test Confusion Matrix: [[6828, 1465], [272, 1152]]
Test Precision: 0.44019870080244555
Test Recall: 0.8089887640449438
Test F1 Score: 0.5701559020044543
Test Accuracy: 0.8212411238036431
Validation Set Size: 7774
Test Set Size: 9717
