Enhancer: E22P1E6
Label: mm_v_all
Padding: True
Batch Size: 256
Learning Rate: 2e-06
Epochs: 1000
Subset: 1.0 (number of training samples: 8029)
Weight Decay: 0.01
Optimizer: adam
Coverage: 1
Jiggle: 3
Confusion Matrix: [[0.8839285714285714, 0.11607142857142858], [0.42036124794745483, 0.5796387520525451]]
Unnormalized Confusion Matrix: [[1683, 221], [256, 353]]
Number of Epochs: 758
Train Losses: [0.6955536995083094, 0.6951957065612078, 0.6939019914716482, 0.6936161834746599, 0.6928436439484358, 0.6957664750516415, 0.6932369917631149, 0.693486325442791, 0.6929058954119682, 0.6929186247289181, 0.6927367616444826, 0.6931306552141905, 0.6931449435651302, 0.6933479178696871, 0.6934844218194485, 0.6926486399024725, 0.6924956198781729, 0.6928908918052912, 0.6932527590543032, 0.6924855355173349, 0.6928569469600916, 0.6934627424925566, 0.6927178781479597, 0.6923816446214914, 0.6928692776709795, 0.6924633253365755, 0.692325571551919, 0.6926181130111217, 0.6926934961229563, 0.6923526022583246, 0.6916334684938192, 0.6922768726944923, 0.6927893329411745, 0.6924195438623428, 0.6920502334833145, 0.6914588026702404, 0.6920493673533201, 0.6922899018973112, 0.6918738503009081, 0.6921032220125198, 0.6917754486203194, 0.6919699497520924, 0.6913779806345701, 0.6922203470021486, 0.6920194625854492, 0.6915701739490032, 0.6916220765560865, 0.6913710031658411, 0.6916332840919495, 0.6917460635304451, 0.6913779154419899, 0.6911016516387463, 0.6912486664950848, 0.6913612373173237, 0.6915985643863678, 0.6910616029053926, 0.6909427288919687, 0.6915125586092472, 0.6917021535336971, 0.691529443487525, 0.6909870933741331, 0.6911879684776068, 0.6912554502487183, 0.69111486710608, 0.6908833421766758, 0.6909285448491573, 0.6909697651863098, 0.6908897254616022, 0.6902338620275259, 0.6906897332519293, 0.6906595900654793, 0.6901909429579973, 0.6908046640455723, 0.6909216661006212, 0.6903770640492439, 0.6901409439742565, 0.6908959299325943, 0.6900793500244617, 0.6897877901792526, 0.6904935073107481, 0.6904532536864281, 0.6900892239063978, 0.6907661408185959, 0.6897498313337564, 0.6901512108743191, 0.6900447998195887, 0.689862847328186, 0.6898323837667704, 0.6893124915659428, 0.6891257129609585, 0.6894861441105604, 0.6900573186576366, 0.6892326325178146, 0.689428023993969, 0.6896193344146013, 0.6890166830271482, 0.6892651841044426, 0.6895912326872349, 0.6892890520393848, 0.6887629851698875, 0.6892737410962582, 0.6888426728546619, 0.6891713552176952, 0.6890674028545618, 0.688882689923048, 0.6889507006853819, 0.6889667138457298, 0.688484562560916, 0.6887757293879986, 0.6889165304601192, 0.6891636028885841, 0.6884230244904757, 0.6886553261429071, 0.6884905006736517, 0.6882009375840425, 0.6882808487862349, 0.6882295664399862, 0.6890999656170607, 0.6885878965258598, 0.6874623633921146, 0.6881161276251078, 0.6879757922142744, 0.6877768784761429, 0.6877781189978123, 0.6885170005261898, 0.6873650960624218, 0.6872404627501965, 0.6874801553785801, 0.687477296218276, 0.6875588614493608, 0.6871760003268719, 0.6875397432595491, 0.6869901083409786, 0.6872209962457418, 0.6868956964462996, 0.6864122878760099, 0.6870703026652336, 0.6864251270890236, 0.6867851670831442, 0.6867066472768784, 0.6869629994034767, 0.6863934099674225, 0.6860172972083092, 0.685777897015214, 0.6861741486936808, 0.6861597895622253, 0.6853700559586287, 0.6863786838948727, 0.6861277967691422, 0.6859519220888615, 0.6849775221198797, 0.6855770219117403, 0.6854890193790197, 0.6855018399655819, 0.6852696388959885, 0.6851164326071739, 0.6849061660468578, 0.684603126719594, 0.6850252766162157, 0.6846739016473293, 0.6844390761107206, 0.6844327170401812, 0.6847341228276491, 0.6851544864475727, 0.6836778167635202, 0.6838829666376114, 0.6833818592131138, 0.6832894757390022, 0.6840738840401173, 0.6840435490012169, 0.6837334763258696, 0.6835751812905073, 0.6822621002793312, 0.6836654394865036, 0.6823333278298378, 0.6829841826111078, 0.6826089769601822, 0.6825372073799372, 0.6819017361849546, 0.6820397321134806, 0.6818691343069077, 0.6823049765080214, 0.682505639269948, 0.6813590880483389, 0.6811056267470121, 0.6806857045739889, 0.6803315598517656, 0.680125754326582, 0.6796577367931604, 0.6804294530302286, 0.6799397375434637, 0.6802828535437584, 0.6793951857835054, 0.6801088061183691, 0.6792942192405462, 0.6785546168684959, 0.6779070794582367, 0.6788939386606216, 0.6777169071137905, 0.6777217220515013, 0.6775321457535028, 0.6772434078156948, 0.6785771735012531, 0.6787233967334032, 0.6765126101672649, 0.6758596953004599, 0.6772003546357155, 0.6766781322658062, 0.6758640501648188, 0.6763348076492548, 0.6761097442358732, 0.6760437227785587, 0.6758582070469856, 0.6754851192235947, 0.6750419903546572, 0.6748059522360563, 0.6730088870972395, 0.6737666223198175, 0.6746834851801395, 0.6737745106220245, 0.6732321754097939, 0.6738309003412724, 0.6719735581427813, 0.6713181715458632, 0.6734527051448822, 0.6714549101889133, 0.6710342392325401, 0.6721661742776632, 0.6696859747171402, 0.670603321865201, 0.6709487941116095, 0.6705938633531332, 0.6686801109462976, 0.6681202761828899, 0.6683003753423691, 0.6670346818864346, 0.6677393764257431, 0.6664968095719814, 0.6672388073056936, 0.6669991407543421, 0.666351554915309, 0.6659476794302464, 0.666113318875432, 0.6641653012484312, 0.6645183879882097, 0.6635342370718718, 0.6631711758673191, 0.6621375754475594, 0.6627573985606432, 0.6631238516420126, 0.6617868989706039, 0.6607010141015053, 0.6608539596199989, 0.6595490574836731, 0.659280912950635, 0.6596826817840338, 0.6598793566226959, 0.6572787314653397, 0.6558354627341032, 0.6563944704830647, 0.6561939604580402, 0.6549638751894236, 0.6539763174951077, 0.656063275411725, 0.6548923570662737, 0.6538293268531561, 0.653812762349844, 0.6541778333485126, 0.6528060380369425, 0.6508483048528433, 0.650860020890832, 0.6491499915719032, 0.6494039390236139, 0.6493955422192812, 0.6481180600821972, 0.6466461531817913, 0.6457297094166279, 0.6450641751289368, 0.6447356641292572, 0.643811896443367, 0.6457969266921282, 0.6423799954354763, 0.6405489165335894, 0.6438410058617592, 0.6393115557730198, 0.6390221416950226, 0.6406445913016796, 0.6388353276997805, 0.6395932529121637, 0.6374190282076597, 0.6351729854941368, 0.6365770027041435, 0.6363367605954409, 0.6351466774940491, 0.635605139657855, 0.6335182078182697, 0.6350986361503601, 0.6337551772594452, 0.6301662158221006, 0.6304268538951874, 0.6287797912955284, 0.6308217328041792, 0.6296232491731644, 0.6270963698625565, 0.629141079261899, 0.6276487428694963, 0.6267325226217508, 0.6241549681872129, 0.6207396257668734, 0.6237407177686691, 0.6229605972766876, 0.6189433056861162, 0.6183481831103563, 0.6203280165791512, 0.6164617650210857, 0.6169556025415659, 0.6160578299313784, 0.6195500008761883, 0.6172628290951252, 0.6178875379264355, 0.6158591732382774, 0.6154019646346569, 0.6140563357621431, 0.6129241716116667, 0.6129945367574692, 0.6112477090209723, 0.6112460419535637, 0.6130498442798853, 0.608142601326108, 0.6092453394085169, 0.6071441695094109, 0.6072338260710239, 0.6066237911581993, 0.6084443032741547, 0.6040088515728712, 0.6035687178373337, 0.6018779575824738, 0.6006688959896564, 0.6036171577870846, 0.601784810423851, 0.5987509060651064, 0.5982713792473078, 0.6008515562862158, 0.5947475489228964, 0.5927926767617464, 0.596459349617362, 0.5999433491379023, 0.5957493577152491, 0.5904909428209066, 0.5928592532873154, 0.5893630497157574, 0.5903470180928707, 0.590127557516098, 0.5899739842861891, 0.5876528732478619, 0.5876340214163065, 0.5884580332785845, 0.5862449984997511, 0.5857600495219231, 0.5866311099380255, 0.5848234426230192, 0.5872853025794029, 0.5812861900776625, 0.581777973100543, 0.5829639434814453, 0.5797972679138184, 0.574018057435751, 0.5790100414305925, 0.5724977068603039, 0.5727814044803381, 0.5777607839554548, 0.5723672974854708, 0.5740225557237864, 0.5725620817393064, 0.5709637142717838, 0.5717124491930008, 0.568254055455327, 0.5676504988223314, 0.5675735622644424, 0.5709684882313013, 0.566194785758853, 0.5679617151618004, 0.5644740294665098, 0.5687375701963902, 0.5647257380187511, 0.5633276756852865, 0.5573585778474808, 0.5603541843593121, 0.5630135014653206, 0.5572267230600119, 0.5547011103481054, 0.5553537029772997, 0.5591797661036253, 0.5544072054326534, 0.5516049042344093, 0.5542185977101326, 0.5522469636052847, 0.5494753085076809, 0.551786296069622, 0.5496161952614784, 0.5456612668931484, 0.5432702656835318, 0.5464114863425493, 0.543359886854887, 0.5452738273888826, 0.5440537873655558, 0.5443748310208321, 0.5447416380047798, 0.5450838729739189, 0.5406251307576895, 0.5408754609525204, 0.5409733839333057, 0.5400538966059685, 0.5346651207655668, 0.5357414986938238, 0.5330780651420355, 0.5365846119821072, 0.532600874081254, 0.5293767461553216, 0.5331700872629881, 0.5278985807672143, 0.5309781562536955, 0.5278082862496376, 0.5272583328187466, 0.5327333081513643, 0.5255161803215742, 0.5249267844483256, 0.5211327830329537, 0.5246310662478209, 0.523018941283226, 0.5219816267490387, 0.5215262034907937, 0.5205794908106327, 0.5174959413707256, 0.5116794649511576, 0.5121069019660354, 0.5124338017776608, 0.5140352454036474, 0.5128231709823012, 0.5102612236514688, 0.5137475663796067, 0.5077486075460911, 0.5096583589911461, 0.5092555144801736, 0.5064871609210968, 0.5048454888164997, 0.5076569048687816, 0.5055904295295477, 0.5025113159790635, 0.5050517162308097, 0.5050649242475629, 0.4997914293780923, 0.50145030207932, 0.5006720880046487, 0.49617569521069527, 0.5020438795909286, 0.4993018349632621, 0.49365239031612873, 0.49926256109029055, 0.4908664347603917, 0.4898803858086467, 0.4923235159367323, 0.4859597980976105, 0.4887884072959423, 0.4811499211937189, 0.48722233064472675, 0.48850490897893906, 0.48482687678188086, 0.48738603107631207, 0.4876206647604704, 0.4829917661845684, 0.4859277354553342, 0.4793948996812105, 0.48026238568127155, 0.4844578457996249, 0.47405226342380047, 0.4766643112525344, 0.4804008137434721, 0.47469974774867296, 0.47796454280614853, 0.47397460136562586, 0.473220681771636, 0.4721929430961609, 0.4726994866505265, 0.4706762619316578, 0.46911493223160505, 0.4692778838798404, 0.46890163887292147, 0.4692455092445016, 0.4624230396002531, 0.4646793380379677, 0.46318628173321486, 0.4604680882766843, 0.4657130893319845, 0.4588664788752794, 0.4586674068123102, 0.4602911015972495, 0.45827331487089396, 0.4494454562664032, 0.457729103974998, 0.4542914032936096, 0.4526716619729996, 0.45590739976614714, 0.4478490650653839, 0.4468841478228569, 0.4494227431714535, 0.45298696029931307, 0.44665351044386625, 0.4480939134955406, 0.4459130987524986, 0.44412853568792343, 0.4456957811489701, 0.4457741230726242, 0.4426012057811022, 0.4402814731001854, 0.44243399519473314, 0.43547865375876427, 0.4387444742023945, 0.4345523379743099, 0.43452618177980185, 0.43168141040951014, 0.4343421747907996, 0.42863030452281237, 0.43300161696970463, 0.4321656124666333, 0.4353122916072607, 0.43244219943881035, 0.42848504427820444, 0.4273839443922043, 0.42516685649752617, 0.4280795343220234, 0.42705840338021517, 0.41977933142334223, 0.42357282619923353, 0.4162387019023299, 0.42027938179671764, 0.4203087780624628, 0.4156435839831829, 0.4155906643718481, 0.4150729710236192, 0.41705284267663956, 0.41503394208848476, 0.40982956252992153, 0.40647857170552015, 0.4127676486968994, 0.4159449590370059, 0.41175052989274263, 0.4082321347668767, 0.40765561629086733, 0.4073310326784849, 0.4090121276676655, 0.40691090282052755, 0.40424496587365866, 0.40401743818074465, 0.40322218369692564, 0.4033054243773222, 0.3973537404090166, 0.4010695116594434, 0.40330708120018244, 0.4002721542492509, 0.39959583058953285, 0.39608472865074873, 0.39697738736867905, 0.3967828080058098, 0.39349212497472763, 0.3908965392038226, 0.39438242465257645, 0.39385121781378984, 0.3888084664940834, 0.3886164026334882, 0.38774340599775314, 0.3878359058871865, 0.3885978637263179, 0.3889316227287054, 0.3888468584045768, 0.38385858479887247, 0.38189275935292244, 0.3825566293671727, 0.3836469268426299, 0.38477748446166515, 0.38469212874770164, 0.37844931054860353, 0.380070224404335, 0.3803946580737829, 0.3759618289768696, 0.37394184805452824, 0.3741984274238348, 0.3756525497883558, 0.37323090247809887, 0.373991915024817, 0.374909576959908, 0.36667545046657324, 0.37121686059981585, 0.37119852285832167, 0.36694788094609976, 0.36896886583417654, 0.36480215191841125, 0.3676401795819402, 0.3654824774712324, 0.3641659067943692, 0.36445043236017227, 0.36569489911198616, 0.35753966495394707, 0.3623587964102626, 0.3603128679096699, 0.36163475923240185, 0.35589570738375187, 0.3572531631216407, 0.35858686175197363, 0.35821826104074717, 0.3532604966312647, 0.35261206422001123, 0.35295725148171186, 0.35692006070166826, 0.3528305059298873, 0.3511850666254759, 0.3482703361660242, 0.35313065722584724, 0.35100675467401743, 0.3466385109350085, 0.34357668086886406, 0.34182069823145866, 0.3432083670049906, 0.35019742138683796, 0.3430575458332896, 0.3412502398714423, 0.339510889723897, 0.3469963641837239, 0.34138523135334253, 0.33838563691824675, 0.34070315305143595, 0.34198957681655884, 0.33740899059921503, 0.3361205281689763, 0.33400036208331585, 0.3338746875524521, 0.3287786915898323, 0.3375488128513098, 0.32956437952816486, 0.3324406472966075, 0.3307246370241046, 0.3304770141839981, 0.3298984104767442, 0.3263842798769474, 0.3274661796167493, 0.3306960193440318, 0.3249347545206547, 0.3282947735860944, 0.32633715495467186, 0.33021007012575865, 0.32055169623345137, 0.3243071613833308, 0.32604963798075914, 0.3228924488648772, 0.3179145250469446, 0.32257706858217716, 0.3165785325691104, 0.3214170327410102, 0.31774286460131407, 0.3141691852360964, 0.31873286981135607, 0.31301183719187975, 0.3127520317211747, 0.31995748076587915, 0.31135333701968193, 0.3089591674506664, 0.311382289044559, 0.31007828656584024, 0.31062416918575764, 0.30892873648554087, 0.31007448118180037, 0.309624538756907, 0.3129915902391076, 0.30849738605320454, 0.3104132413864136, 0.3082278994843364, 0.3045095019042492, 0.30374390725046396, 0.30442413967102766, 0.3057018341496587, 0.30426822137087584, 0.3040495924651623, 0.3022153824567795, 0.30187080800533295, 0.297820121049881, 0.3016223069280386, 0.296292208135128, 0.3013672325760126, 0.29616186674684286, 0.2991264285519719, 0.2976890653371811, 0.296883512288332, 0.296551420353353, 0.2947205938398838, 0.2963735135272145, 0.29442824982106686, 0.2919296296313405, 0.29212434124201536, 0.2920515388250351, 0.29211039654910564, 0.29103692527860403, 0.28582096192985773, 0.28933398611843586, 0.2893149284645915, 0.2879423899576068, 0.28402892872691154, 0.28753131814301014, 0.28407591208815575, 0.28328598011285067, 0.28910212963819504, 0.28623821400105953, 0.28274913504719734, 0.28692864440381527, 0.28754645958542824, 0.2860402436926961, 0.2806567307561636, 0.2832479444332421, 0.2808242212049663, 0.28083382826298475, 0.2790546305477619, 0.2805345831438899, 0.2828932972624898, 0.27559731528162956, 0.27335638040676713, 0.2801754120737314, 0.274688309058547, 0.2732180180028081, 0.27525345841422677, 0.27215702924877405, 0.2743952050805092, 0.27695645205676556, 0.2695152824744582, 0.272515713237226, 0.27180615067481995, 0.26983790285885334, 0.26993316831067204, 0.26739095943048596, 0.27198257157579064, 0.26865703891962767, 0.265849526040256, 0.2699621901847422, 0.266935205552727, 0.2623637090437114, 0.2661947528831661, 0.2643264043144882, 0.2682325807400048, 0.26554708322510123, 0.2638095426373184, 0.2653615898452699, 0.26683801133185625, 0.2577200550585985, 0.26429444551467896, 0.2596695860847831, 0.2635365417227149, 0.2555989222601056, 0.26245842734351754, 0.2552225384861231, 0.25846678484231234]
Validation Losses: [0.6973956897854805, 0.6962738186120987, 0.6952940821647644, 0.6949110701680183, 0.6956014782190323, 0.6938839554786682, 0.694226361811161, 0.6939167529344559, 0.6944681629538536, 0.6936382576823235, 0.6933948993682861, 0.6930862292647362, 0.694236159324646, 0.6933627277612686, 0.6934501156210899, 0.6934606283903122, 0.6932413950562477, 0.693769060075283, 0.6920629143714905, 0.6930122673511505, 0.692667081952095, 0.6929189637303352, 0.6921836957335472, 0.6928920298814774, 0.6929682940244675, 0.6927929818630219, 0.693032793700695, 0.692570760846138, 0.6920488402247429, 0.6923872381448746, 0.6926240995526314, 0.6924803256988525, 0.6922525390982628, 0.692798487842083, 0.6919704526662827, 0.6920526400208473, 0.6920522749423981, 0.6921390071511269, 0.6921647563576698, 0.6921484619379044, 0.6921912133693695, 0.6921010836958885, 0.692816823720932, 0.6916641667485237, 0.6920287683606148, 0.6920614615082741, 0.6918777301907539, 0.6918662413954735, 0.6920445933938026, 0.6917790696024895, 0.6922383084893227, 0.6908852383494377, 0.6919268667697906, 0.6919235661625862, 0.6914287731051445, 0.6910074427723885, 0.6908362284302711, 0.6911879703402519, 0.6913433745503426, 0.6914646402001381, 0.6912818998098373, 0.690612867474556, 0.6907128766179085, 0.6913920938968658, 0.691128134727478, 0.6909335777163506, 0.6915844827890396, 0.690971776843071, 0.6905638426542282, 0.6916581392288208, 0.6906203404068947, 0.6910728141665459, 0.6910525187849998, 0.6907601729035378, 0.6907588019967079, 0.6907635256648064, 0.6909319087862968, 0.6906032785773277, 0.69045490026474, 0.6911094412207603, 0.6903074383735657, 0.6912809461355209, 0.6903178244829178, 0.6903599500656128, 0.6905612945556641, 0.6903998553752899, 0.6906589046120644, 0.6902700364589691, 0.689358688890934, 0.6902648136019707, 0.6897292956709862, 0.6901924759149551, 0.6898906975984573, 0.6902681514620781, 0.6902770847082138, 0.6897836700081825, 0.6900072768330574, 0.6897718161344528, 0.68995301425457, 0.6896406561136246, 0.6894504204392433, 0.6895257160067558, 0.6893920227885246, 0.689246691763401, 0.689851276576519, 0.6895880401134491, 0.6894126087427139, 0.6892082840204239, 0.6899467259645462, 0.6889146193861961, 0.6891570836305618, 0.6896295323967934, 0.6895235553383827, 0.6887248978018761, 0.6889422312378883, 0.6893618404865265, 0.689089797437191, 0.6884954422712326, 0.6884296461939812, 0.6895424574613571, 0.6887920796871185, 0.6886953637003899, 0.6895036846399307, 0.6896275356411934, 0.6884905695915222, 0.6893394142389297, 0.6888455674052238, 0.6889553815126419, 0.6885329782962799, 0.6888963207602501, 0.6891578212380409, 0.6877386197447777, 0.6880064755678177, 0.6887183412909508, 0.6880609467625618, 0.6879524439573288, 0.6878079026937485, 0.6875818073749542, 0.6881033182144165, 0.6876945495605469, 0.687369205057621, 0.6871379464864731, 0.6876185610890388, 0.6871894299983978, 0.6869401410222054, 0.6877197325229645, 0.6872508749365807, 0.6873226836323738, 0.68693657964468, 0.6864475086331367, 0.6869839057326317, 0.6876617521047592, 0.6879007369279861, 0.6858623027801514, 0.6864973306655884, 0.6861945539712906, 0.6870884969830513, 0.6870604977011681, 0.6872039884328842, 0.6861033737659454, 0.6855246275663376, 0.685184895992279, 0.6856856569647789, 0.6871603652834892, 0.6851227134466171, 0.6849513947963715, 0.6857077106833458, 0.6858560368418694, 0.6860762238502502, 0.684881903231144, 0.6850267052650452, 0.6840628907084465, 0.6830039471387863, 0.6849210038781166, 0.6846702843904495, 0.6842916309833527, 0.6842014342546463, 0.6840142980217934, 0.6838082522153854, 0.6829160749912262, 0.6839325726032257, 0.6829455718398094, 0.6844380646944046, 0.6838304921984673, 0.6828958466649055, 0.6830302104353905, 0.6817629337310791, 0.6824698895215988, 0.6817256063222885, 0.6828557401895523, 0.6833232417702675, 0.6823702678084373, 0.6818827465176582, 0.6824483126401901, 0.6818044483661652, 0.6811798363924026, 0.6826587095856667, 0.6819824129343033, 0.6832129135727882, 0.6825909242033958, 0.6807445138692856, 0.6827914640307426, 0.6815680712461472, 0.6793338134884834, 0.6792925596237183, 0.6782949343323708, 0.6805242449045181, 0.6808211877942085, 0.6787395402789116, 0.6811377927660942, 0.6789037957787514, 0.6785285174846649, 0.6786361113190651, 0.6763833463191986, 0.6781227812170982, 0.6783332005143166, 0.6778090447187424, 0.6771849766373634, 0.6765729859471321, 0.6782659813761711, 0.6779604703187943, 0.6767531260848045, 0.6782043650746346, 0.6761445254087448, 0.6784675270318985, 0.6779577285051346, 0.6759277582168579, 0.6761127561330795, 0.6771287098526955, 0.6780116707086563, 0.6760875359177589, 0.6740629598498344, 0.6720860302448273, 0.6724606528878212, 0.6756399646401405, 0.6745223701000214, 0.672944463789463, 0.673288606107235, 0.6750218272209167, 0.6731116399168968, 0.6743632405996323, 0.6713351830840111, 0.6697729229927063, 0.6693056598305702, 0.6709405407309532, 0.6696926355361938, 0.6713924407958984, 0.6697924360632896, 0.6701139956712723, 0.6710093840956688, 0.6690071299672127, 0.669337809085846, 0.6683465242385864, 0.6690662354230881, 0.6684146597981453, 0.6669209748506546, 0.6678393632173538, 0.6654087901115417, 0.6663685217499733, 0.6633018404245377, 0.6666634455323219, 0.6646579876542091, 0.6648088246583939, 0.6613032445311546, 0.6635535657405853, 0.6647166833281517, 0.6642276272177696, 0.6630106270313263, 0.6590164676308632, 0.6615274325013161, 0.6618875414133072, 0.6586815342307091, 0.663245439529419, 0.6619771867990494, 0.6616770252585411, 0.6625325381755829, 0.6561562120914459, 0.6569006741046906, 0.6575114578008652, 0.6585486456751823, 0.6518330425024033, 0.6594617590308189, 0.6575944051146507, 0.6531201973557472, 0.6604416072368622, 0.6514229029417038, 0.6530943587422371, 0.6549447774887085, 0.6590926796197891, 0.6607112362980843, 0.6507412493228912, 0.6509335711598396, 0.6583928242325783, 0.6543541178107262, 0.6494516730308533, 0.6484716162085533, 0.651074230670929, 0.6534932404756546, 0.6494817584753036, 0.6496154293417931, 0.6507454514503479, 0.6471139714121819, 0.6540902554988861, 0.6446902081370354, 0.6454923823475838, 0.6452359035611153, 0.6474468633532524, 0.6480865553021431, 0.6427022218704224, 0.642358809709549, 0.6399174630641937, 0.6423179507255554, 0.6375859007239342, 0.6404082700610161, 0.6390772834420204, 0.6465432941913605, 0.6429312154650688, 0.6331564411520958, 0.6456058919429779, 0.6447367370128632, 0.6431771740317345, 0.6384076848626137, 0.6369608268141747, 0.6354840770363808, 0.6426816433668137, 0.6359229683876038, 0.6353168338537216, 0.6404710784554482, 0.6366603374481201, 0.6407153531908989, 0.629567839205265, 0.6336491480469704, 0.6428170502185822, 0.6305184066295624, 0.6381693184375763, 0.6337558850646019, 0.6287711188197136, 0.6313297897577286, 0.6299646496772766, 0.6369340866804123, 0.635832667350769, 0.6344157308340073, 0.6236757040023804, 0.6286503747105598, 0.6327689290046692, 0.6235798820853233, 0.6354618668556213, 0.6251818910241127, 0.6231459230184555, 0.6295753717422485, 0.6229289099574089, 0.631067655980587, 0.6232665032148361, 0.6299536675214767, 0.6250960230827332, 0.6251255944371223, 0.6269868165254593, 0.6169353574514389, 0.6212305873632431, 0.6254933848977089, 0.6272694990038872, 0.6223069354891777, 0.623321957886219, 0.6181740388274193, 0.6157204285264015, 0.6187995672225952, 0.6157503426074982, 0.6211336851119995, 0.6155689582228661, 0.616176649928093, 0.6139320731163025, 0.6144857406616211, 0.6150912493467331, 0.6124085336923599, 0.6134952381253242, 0.6054092794656754, 0.612371988594532, 0.6159065961837769, 0.6138034760951996, 0.612543560564518, 0.6069212555885315, 0.6132193356752396, 0.6123194843530655, 0.6136546060442924, 0.6027466729283333, 0.6005945205688477, 0.6037477180361748, 0.6204005256295204, 0.6000634878873825, 0.6040545180439949, 0.6133335307240486, 0.6018761768937111, 0.6004316657781601, 0.6085061728954315, 0.6013587862253189, 0.6206924542784691, 0.5996933281421661, 0.5942715033888817, 0.5861638560891151, 0.5902238860726357, 0.6054197698831558, 0.5903461799025536, 0.5992955639958382, 0.5972615331411362, 0.5929916203022003, 0.5918638706207275, 0.5914226099848747, 0.5966537892818451, 0.5884163454174995, 0.5930138677358627, 0.6027294918894768, 0.5910772010684013, 0.604024164378643, 0.5902233049273491, 0.5913999676704407, 0.5929121151566505, 0.5938593596220016, 0.584669291973114, 0.5784082114696503, 0.5936072543263435, 0.5880445688962936, 0.5891074612736702, 0.5895501747727394, 0.5881803035736084, 0.5856737345457077, 0.5906339660286903, 0.5867740660905838, 0.5946605578064919, 0.5836598798632622, 0.5860964730381966, 0.5944805070757866, 0.5807402580976486, 0.5845958217978477, 0.5754282101988792, 0.5752389430999756, 0.5744335427880287, 0.5770926252007484, 0.581304669380188, 0.5778026133775711, 0.5833445340394974, 0.5776864886283875, 0.5760724395513535, 0.5872796922922134, 0.5754738003015518, 0.5821180865168571, 0.565117709338665, 0.5652849599719048, 0.5774190425872803, 0.5814019665122032, 0.5666143447160721, 0.5667144879698753, 0.5688596144318581, 0.5697636306285858, 0.5678904876112938, 0.5756522715091705, 0.572181761264801, 0.561708390712738, 0.5753352493047714, 0.5667041540145874, 0.574268527328968, 0.5588635504245758, 0.5711992830038071, 0.5700968354940414, 0.5666676834225655, 0.5772746726870537, 0.5699881538748741, 0.5696311071515083, 0.563328318297863, 0.5794060081243515, 0.5651319548487663, 0.5848191678524017, 0.5591663047671318, 0.5732094869017601, 0.5785236209630966, 0.5552868843078613, 0.5579962432384491, 0.5769755989313126, 0.5614089146256447, 0.5684885531663895, 0.5620267614722252, 0.5595834627747536, 0.5559810698032379, 0.5614133253693581, 0.5745808184146881, 0.5652539357542992, 0.5611389428377151, 0.5532266944646835, 0.5721055194735527, 0.5521397739648819, 0.5474483147263527, 0.5585548281669617, 0.5560149550437927, 0.5661674588918686, 0.5521871596574783, 0.5426461696624756, 0.5624912828207016, 0.5649289414286613, 0.5592056140303612, 0.561652235686779, 0.5500789731740952, 0.5626237168908119, 0.5537173897027969, 0.5519389286637306, 0.5584746673703194, 0.5590553730726242, 0.5572757422924042, 0.5415821522474289, 0.5565035790205002, 0.5562707483768463, 0.5515668988227844, 0.5527219772338867, 0.5541451200842857, 0.5492479875683784, 0.5484176278114319, 0.5693643763661385, 0.5631167143583298, 0.5494245439767838, 0.5565738454461098, 0.5423402786254883, 0.5493063405156136, 0.5527113080024719, 0.5539505854249, 0.5559264943003654, 0.5508839040994644, 0.5520771145820618, 0.5481347888708115, 0.5334859490394592, 0.5400498360395432, 0.5315727591514587, 0.5413430109620094, 0.542567789554596, 0.5488221943378448, 0.54923165589571, 0.5504900515079498, 0.5344469770789146, 0.5412974804639816, 0.5478140786290169, 0.5474177747964859, 0.5330653488636017, 0.5498696565628052, 0.5400929823517799, 0.537727877497673, 0.5450149178504944, 0.5420869588851929, 0.5487978085875511, 0.5478837713599205, 0.5379242300987244, 0.5285714492201805, 0.5363706722855568, 0.5454607680439949, 0.5494569763541222, 0.5432715937495232, 0.530693918466568, 0.5447663366794586, 0.5506985485553741, 0.5480480790138245, 0.5234268456697464, 0.5524644926190376, 0.5392573699355125, 0.5387214049696922, 0.545213982462883, 0.5454061105847359, 0.5329166278243065, 0.540880061686039, 0.538464043289423, 0.543836697936058, 0.5506192222237587, 0.537814624607563, 0.5329609550535679, 0.5383853726089001, 0.5330927483737469, 0.5349917337298393, 0.5441872328519821, 0.5328788496553898, 0.5273084715008736, 0.5302478112280369, 0.5372542962431908, 0.5411147028207779, 0.5548415705561638, 0.5369838550686836, 0.525858212262392, 0.5474152751266956, 0.5312741920351982, 0.5290773138403893, 0.5410188585519791, 0.5201801508665085, 0.5150076672434807, 0.5433142259716988, 0.5469597354531288, 0.5377193316817284, 0.5365877375006676, 0.5375596433877945, 0.5424951985478401, 0.5322476550936699, 0.5286245122551918, 0.5352355949580669, 0.5410783737897873, 0.5386523902416229, 0.53114840015769, 0.5161362625658512, 0.5324781388044357, 0.5418478772044182, 0.5289814434945583, 0.5333204418420792, 0.5399933680891991, 0.5401335060596466, 0.5166217163205147, 0.5314726382493973, 0.5280960127711296, 0.5288291350007057, 0.5210695564746857, 0.5286597348749638, 0.5171248838305473, 0.536545641720295, 0.51853933557868, 0.5236614346504211, 0.5404109135270119, 0.5297291129827499, 0.5246256329119205, 0.5221579223871231, 0.5445292852818966, 0.5265202149748802, 0.5188059285283089, 0.5290554240345955, 0.5460902750492096, 0.5212873741984367, 0.543255552649498, 0.5451891198754311, 0.5447246395051479, 0.5305086150765419, 0.529996782541275, 0.5428914688527584, 0.5441050454974174, 0.5355320274829865, 0.5403572991490364, 0.5247122347354889, 0.5496176779270172, 0.5195837765932083, 0.5200793854892254, 0.5567985251545906, 0.5123668871819973, 0.5425374358892441, 0.5482227206230164, 0.5401201769709587, 0.5143426284193993, 0.5267677791416645, 0.5245348066091537, 0.5350873880088329, 0.5508584454655647, 0.5103631019592285, 0.5445718914270401, 0.5518586449325085, 0.5166985020041466, 0.5367358177900314, 0.5466217175126076, 0.5543683916330338, 0.5403046980500221, 0.506449218839407, 0.5457055047154427, 0.5312050059437752, 0.5416003987193108, 0.5374418571591377, 0.5455686002969742, 0.5242430157959461, 0.5392770245671272, 0.5196023508906364, 0.5545600429177284, 0.5308671295642853, 0.5336161740124226, 0.5426678135991096, 0.5610653162002563, 0.5272233374416828, 0.5520553141832352, 0.5412225089967251, 0.5325477980077267, 0.5512784346938133, 0.5343000814318657, 0.5439212396740913, 0.5469014346599579, 0.5312792100012302, 0.5567164495587349, 0.5355249270796776, 0.5344004966318607, 0.5690245777368546, 0.5645829364657402, 0.5360212214291096, 0.5520633868873119, 0.5260223262012005, 0.5341637022793293, 0.5428565889596939, 0.5323527976870537, 0.5558489114046097, 0.5470225438475609, 0.5424281693994999, 0.5451207011938095, 0.5294541418552399, 0.5200379379093647, 0.5579474195837975, 0.5307923257350922, 0.5290875770151615, 0.5435214415192604, 0.5454590991139412, 0.5484028235077858, 0.5227064713835716, 0.5150357857346535, 0.5595598146319389, 0.524668425321579, 0.5457616560161114, 0.5553275756537914, 0.5500097051262856, 0.5548086166381836, 0.5285249054431915, 0.5361292585730553, 0.5586311742663383, 0.5207446552813053, 0.5656577348709106, 0.5479560606181622, 0.5428430587053299, 0.5513337180018425, 0.5281534977257252, 0.5376929566264153, 0.5492622777819633, 0.5357510894536972, 0.5384633094072342, 0.570834569633007, 0.5494603551924229, 0.5635358914732933, 0.5761195793747902, 0.5742593482136726, 0.5334774442017078, 0.5674569010734558, 0.5410636328160763, 0.5459407158195972, 0.5442713350057602, 0.5403340980410576, 0.5560192540287971, 0.5497913584113121, 0.5531056076288223, 0.5418089404702187, 0.5565176196396351, 0.5694799870252609, 0.5388883203268051, 0.5635463297367096, 0.5426507778465748, 0.5513876751065254, 0.56040308624506, 0.5675150081515312, 0.5757442936301231, 0.583955429494381, 0.5608502998948097, 0.5279740579426289, 0.5691534951329231, 0.5405595675110817, 0.532836377620697, 0.5608916878700256, 0.5534995347261429, 0.5540376529097557, 0.553828738629818]
Validation ROC AUC: 0.8118238993710691
Validation Confusion Matrix: [[190, 22], [34, 41]]
Validation Precision: 0.6507936507936508
Validation Recall: 0.5466666666666666
Validation F1 Score: 0.5942028985507246
Validation Accuracy: 0.8048780487804879
Test ROC AUC: 0.7914131169709263
Test Confusion Matrix: [[244, 28], [38, 49]]
Test Precision: 0.6363636363636364
Test Recall: 0.5632183908045977
Test F1 Score: 0.5975609756097561
Test Accuracy: 0.8161559888579387
Validation Set Size: 287
Test Set Size: 359
