Enhancer: E22P1E6
Label: mm_v_all
Padding: True
Batch Size: 256
Learning Rate: 2e-06
Epochs: 1000
Subset: 1.0 (number of training samples: 1939)
Weight Decay: 0.01
Optimizer: adam
Coverage: 3
Jiggle: 3
Confusion Matrix: [[1.0, 0.0], [1.0, 0.0]]
Unnormalized Confusion Matrix: [[518, 0], [91, 0]]
Number of Epochs: 123
Train Losses: [0.6980150565505028, 0.7001223191618919, 0.6955209746956825, 0.7008958831429482, 0.7050723284482956, 0.7010421752929688, 0.699128620326519, 0.6998332068324089, 0.7016459181904793, 0.6990528181195259, 0.7001588195562363, 0.6968571469187737, 0.700784832239151, 0.7002958357334137, 0.7003643587231636, 0.6938433051109314, 0.6961458697915077, 0.7007723301649094, 0.6950982213020325, 0.6965261995792389, 0.695157416164875, 0.6953700482845306, 0.69458919018507, 0.6947246193885803, 0.6977025419473648, 0.6978626251220703, 0.6955236196517944, 0.6950017139315605, 0.6995877251029015, 0.6977336257696152, 0.6968635469675064, 0.6952952668070793, 0.6957446709275246, 0.6963848546147346, 0.6958651766180992, 0.6994474902749062, 0.6970528066158295, 0.6954404786229134, 0.6939669102430344, 0.6971509531140327, 0.698134645819664, 0.6944271475076675, 0.693601667881012, 0.6975352540612221, 0.6956294625997543, 0.6960044726729393, 0.6961587890982628, 0.6944218501448631, 0.6968114078044891, 0.6950488314032555, 0.694747693836689, 0.6950177252292633, 0.6955927386879921, 0.694918118417263, 0.6933613643050194, 0.6906417459249496, 0.6950141564011574, 0.6913578286767006, 0.6924145519733429, 0.6939413771033287, 0.6935587003827095, 0.6929112821817398, 0.692751906812191, 0.6928683221340179, 0.6941311210393906, 0.6942182406783104, 0.6936989203095436, 0.6940677240490913, 0.6909469068050385, 0.6935927718877792, 0.6929565444588661, 0.6934645101428032, 0.6941344290971756, 0.6928321197628975, 0.6936189234256744, 0.6906614303588867, 0.6929138824343681, 0.6925491020083427, 0.6929386556148529, 0.6912488639354706, 0.6922841742634773, 0.6926273331046104, 0.6945315450429916, 0.6929537430405617, 0.6935939639806747, 0.6900494024157524, 0.6921008974313736, 0.6931956112384796, 0.6926832795143127, 0.6921364516019821, 0.6923767402768135, 0.693281926214695, 0.6919218152761459, 0.6920560970902443, 0.694666750729084, 0.6936197429895401, 0.6920680552721024, 0.6910592541098595, 0.6930065453052521, 0.6917542442679405, 0.6925535351037979, 0.6913087218999863, 0.6920245066285133, 0.6923266723752022, 0.6913478523492813, 0.6923994272947311, 0.6925351023674011, 0.6902797594666481, 0.6938672810792923, 0.6936930045485497, 0.6933515071868896, 0.6922750174999237, 0.6915206387639046, 0.6912392303347588, 0.6924050375819206, 0.6930554658174515, 0.6921271309256554, 0.6930193528532982, 0.692378468811512, 0.6920520514249802, 0.6919857710599899, 0.6934744417667389, 0.6928197145462036]
Validation Losses: [0.6942378878593445, 0.6942586302757263, 0.6989129781723022, 0.6966752707958221, 0.6969451606273651, 0.6959274113178253, 0.6993605494499207, 0.6995218396186829, 0.7067590057849884, 0.6992943286895752, 0.6988458633422852, 0.6955529451370239, 0.6973852217197418, 0.6964294910430908, 0.6949781179428101, 0.7019522488117218, 0.6900288462638855, 0.6908025741577148, 0.698542445898056, 0.6994132995605469, 0.6961794197559357, 0.696665346622467, 0.6837978363037109, 0.6938312947750092, 0.6982019543647766, 0.6926249861717224, 0.6955606341362, 0.6975325644016266, 0.6935038566589355, 0.6919687688350677, 0.6944270730018616, 0.6943970322608948, 0.6953145563602448, 0.691299170255661, 0.6946178078651428, 0.6945270597934723, 0.6994225084781647, 0.6994732618331909, 0.692490965127945, 0.696124404668808, 0.6925275921821594, 0.6941205263137817, 0.6978559195995331, 0.6971336603164673, 0.6932717561721802, 0.6959060728549957, 0.6900390684604645, 0.6937089264392853, 0.6903629899024963, 0.6956687569618225, 0.6926592290401459, 0.6920556724071503, 0.6986232697963715, 0.69187992811203, 0.6932299435138702, 0.6958247721195221, 0.692798912525177, 0.6961587071418762, 0.6920816004276276, 0.6944235861301422, 0.6928059458732605, 0.6927476823329926, 0.6944111585617065, 0.6960966289043427, 0.692864865064621, 0.6967115104198456, 0.6942425966262817, 0.6944272518157959, 0.6947720348834991, 0.6951601505279541, 0.6961444914340973, 0.6917965412139893, 0.6925987005233765, 0.695335179567337, 0.6915923953056335, 0.6943273842334747, 0.69240602850914, 0.6916777193546295, 0.6933110952377319, 0.6943472623825073, 0.6923419833183289, 0.6938682794570923, 0.6899509727954865, 0.6902499496936798, 0.6977589130401611, 0.6923658847808838, 0.6916102170944214, 0.6976208090782166, 0.6954393088817596, 0.6913062036037445, 0.6933518946170807, 0.6912025213241577, 0.6903770267963409, 0.6921252906322479, 0.6922735571861267, 0.6945023834705353, 0.6923379898071289, 0.6922391653060913, 0.6908556818962097, 0.6939906477928162, 0.6941754221916199, 0.6926000416278839, 0.6916568577289581, 0.6932220458984375, 0.6912519335746765, 0.6906148195266724, 0.690386027097702, 0.6917365491390228, 0.6961244344711304, 0.6923849284648895, 0.6946977972984314, 0.6941114664077759, 0.6941585540771484, 0.6905707120895386, 0.6966474056243896, 0.6931244730949402, 0.6942448616027832, 0.6939731240272522, 0.694002091884613, 0.6934812068939209, 0.6911400556564331, 0.6914930045604706, 0.6924070417881012]
