Enhancer: E22P3B3R3
Label: mm_v_all
Padding: True
Batch Size: 256
Learning Rate: 2e-06
Epochs: 1000
Subset: 1.0 (number of training samples: 202944)
Weight Decay: 0.01
Optimizer: adam
Coverage: 3
Jiggle: 3
Confusion Matrix: [[0.8672862639284465, 0.13271373607155348], [0.4639905548996458, 0.5360094451003542]]
Unnormalized Confusion Matrix: [[52071, 7968], [1572, 1816]]
Number of Epochs: 146
Train Losses: [0.6927549106927418, 0.6918558736166166, 0.6909744682408221, 0.6899642239302435, 0.6887480963824827, 0.6869475473221133, 0.6849286945590757, 0.6822508241309494, 0.6783989574689733, 0.6734365006112512, 0.6684827273911215, 0.6639982979054109, 0.6600761655600645, 0.6567322986874574, 0.6532759748371071, 0.652367890031461, 0.6497849377828168, 0.648503576220961, 0.6466121505217775, 0.6449042027264195, 0.6418887752602711, 0.6406491222177148, 0.6377353765925423, 0.6358639718905974, 0.634322934463376, 0.6328678846659906, 0.6307250988137677, 0.6278484457678633, 0.6243978322379075, 0.6216009099125712, 0.6201029584507022, 0.6168139493480457, 0.6123778473534169, 0.6089127035189096, 0.6060062458205494, 0.6008152597939682, 0.5964560277976124, 0.594130405561921, 0.5887917246373575, 0.5844348588627194, 0.5814011873393161, 0.575614194250648, 0.5737653691861849, 0.5705571140046378, 0.5649823534383449, 0.5616290106298343, 0.5587595706479095, 0.553960218856494, 0.5510023904478114, 0.5457860114896133, 0.5414180921350722, 0.5380041844306648, 0.5354242928391898, 0.5302257976044923, 0.5287358648840146, 0.5246861839730382, 0.5202443992054328, 0.5188152561948398, 0.5150138796653603, 0.5125538497073353, 0.5080255360576273, 0.5042614019082443, 0.5030755257095395, 0.49925184907558434, 0.4954102406134972, 0.4929151943171911, 0.490467169471226, 0.48664000746882125, 0.48413867269458266, 0.48364933618681427, 0.4789584237720446, 0.47727321552448587, 0.47398054968063047, 0.47026996620816813, 0.46912717330651205, 0.4653225989840821, 0.462350078669352, 0.4603807227533372, 0.45838294158517034, 0.45333362208188405, 0.45377446949707456, 0.4504109300475704, 0.4479900479391875, 0.44512432054493195, 0.44348409922246224, 0.440768944773668, 0.4374464131318606, 0.4354363372843022, 0.4338081208859837, 0.4305583864713527, 0.4309165909191098, 0.4265401470480771, 0.4256733859622614, 0.4254608665408583, 0.4223959432799759, 0.42184775605478325, 0.4152101901034539, 0.41406057325918766, 0.4139410305444109, 0.4108579231691541, 0.4099822487085494, 0.40706519979847333, 0.40498655241494824, 0.40226109436751917, 0.4020521743375747, 0.3997104686942107, 0.39817688647014043, 0.3985753838080927, 0.39635793682455567, 0.3953131860847882, 0.3938396172821146, 0.39076840505473703, 0.3885356472314231, 0.38578653688839676, 0.3857670943869318, 0.3837882640758649, 0.3829712690350988, 0.38182130245513, 0.38122573540009286, 0.3796402594781613, 0.37945108797781707, 0.3780925121313386, 0.37533990529566663, 0.3737777909369667, 0.37146020367797955, 0.3718435883071053, 0.36980961524372896, 0.36872454440458424, 0.3692844039555005, 0.3643283774467916, 0.36366265264315084, 0.36429296315543136, 0.3635770985563045, 0.36224598534320673, 0.3601908682273586, 0.3581413970543788, 0.3585912140666461, 0.3600912984803526, 0.35605442835884765, 0.3547084700940987, 0.3529301489060944, 0.3528251594958961, 0.35051689762034904, 0.352043048919074, 0.3500369132918037, 0.3489277475568716]
Validation Losses: [0.6923243259664756, 0.6918444609522221, 0.6908781184023948, 0.6901379527159073, 0.6888592545710617, 0.6865516918987485, 0.6846315728959127, 0.6818809054005686, 0.6767546870001596, 0.6740495439749866, 0.6677037863875154, 0.6641004615692637, 0.6594994217906166, 0.658591769148956, 0.6550705762364757, 0.6526715896237436, 0.6526088433050031, 0.6501079432329341, 0.6480112429240241, 0.6472405156298499, 0.6449297903171137, 0.6443689219915687, 0.6420045396191391, 0.6424812198284283, 0.6407761693599835, 0.6391256778084453, 0.6374077170937504, 0.6369221821502226, 0.6352865579140247, 0.6321537279004428, 0.6346407448826124, 0.6311037201977255, 0.6289239924157685, 0.628683884239676, 0.6308944240287321, 0.6285512507261344, 0.6286156602840328, 0.6271095961781602, 0.6312921107114859, 0.6248631279672211, 0.6233711641038483, 0.6266244416260839, 0.6282499579328987, 0.6240441733269236, 0.6274557383216206, 0.6219624999779553, 0.6275934624911552, 0.6249004470643087, 0.6267192028275687, 0.6304456378946353, 0.6291125299942554, 0.6310899422396368, 0.6302747765378137, 0.6299870631203579, 0.637880105469095, 0.6279723248889099, 0.6303996674379512, 0.6353504672721403, 0.6329774209602395, 0.6312045754499771, 0.633018077018872, 0.6407066682475296, 0.6379425780257987, 0.6421898208071838, 0.652149312160722, 0.6449559756259823, 0.6413841726791919, 0.6505757243789021, 0.6506120116267372, 0.6440970391484361, 0.6363728468741604, 0.6444913852753951, 0.65881930044548, 0.6425721291920647, 0.6527504351869899, 0.6586734724404225, 0.6677150034425247, 0.6517302525702433, 0.6632818510783977, 0.6529898260106992, 0.6518298776904542, 0.649958795039498, 0.6667925023553359, 0.6460008459474573, 0.6579737983756329, 0.6518613306721251, 0.6723976800190145, 0.6602615100055483, 0.6494050553096599, 0.6646390341634127, 0.6755237160016544, 0.680528935475565, 0.6634372215175149, 0.6799331055813699, 0.6638540984997198, 0.6940685720299956, 0.6927348135703773, 0.6913380748662518, 0.6975912355897415, 0.68655381220669, 0.6804596098823164, 0.697846481248961, 0.6822703064386569, 0.6836913611421633, 0.7216362411053336, 0.6971107113301455, 0.6868732730347906, 0.6813257693046302, 0.6991772483940699, 0.7302603188471578, 0.6835538376515834, 0.7005533788671445, 0.7369752436427016, 0.708571512495453, 0.7356817997879719, 0.6846349976170603, 0.7111565725288199, 0.7152386631198864, 0.717206353518232, 0.7199882709201256, 0.7101086662642321, 0.7091220826958892, 0.7277218112394438, 0.7289195327303517, 0.707912541514066, 0.759573212520561, 0.7160283791359945, 0.7100786446925983, 0.7231906658440979, 0.7542754693246966, 0.7588419408055406, 0.7707807424679474, 0.7250953598238116, 0.73665776474392, 0.7198595695160143, 0.7191935765683352, 0.7345897372643552, 0.7784236220259163, 0.7633323630495886, 0.738339780862607, 0.741836451106335, 0.7463837799115397, 0.7405136925491256, 0.7518681982653824, 0.7840305527850012, 0.7847748991832062]
Validation ROC AUC: 0.7194308024165625
Validation Confusion Matrix: [[5935, 949], [186, 179]]
Validation Precision: 0.15868794326241134
Validation Recall: 0.4904109589041096
Validation F1 Score: 0.23978566644340257
Validation Accuracy: 0.8434266795420058
Test ROC AUC: 0.7489147894089228
Test Confusion Matrix: [[7422, 1155], [229, 255]]
Test Precision: 0.18085106382978725
Test Recall: 0.5268595041322314
Test F1 Score: 0.2692713833157339
Test Accuracy: 0.8472574770996579
Validation Set Size: 7249
Test Set Size: 9061
