Enhancer: E22P1B925
Label: mm_v_all
Padding: True
Batch Size: 256
Learning Rate: 2e-06
Epochs: 1000
Subset: 1.0 (number of training samples: 99323)
Weight Decay: 0.01
Optimizer: adam
Coverage: 1
Jiggle: 3
Confusion Matrix: [[0.9816134222017927, 0.018386577798207307], [0.2261904761904762, 0.7738095238095238]]
Unnormalized Confusion Matrix: [[29897, 560], [133, 455]]
Number of Epochs: 160
Train Losses: [0.6933598059047129, 0.6914874455056239, 0.6900151909626636, 0.6883985017685547, 0.6864213599372155, 0.6838835195167777, 0.680513143078568, 0.6759135990413194, 0.6691437892078125, 0.6596716384297794, 0.6457664977336667, 0.627039881250293, 0.6035203240888635, 0.5773152073019558, 0.5503542546144465, 0.5235354567004233, 0.5004355149324408, 0.4787402501733033, 0.45804153544079396, 0.4409931799800126, 0.4255566951079467, 0.41098240832078087, 0.3960368694718351, 0.3833205848932266, 0.37322525941219525, 0.36000022898937006, 0.35086019728908835, 0.33951990682746946, 0.33028796491856427, 0.3240158309795193, 0.31270863991422754, 0.30203027992518905, 0.29763156563504456, 0.29162442926125426, 0.2832018476094782, 0.2743238860107574, 0.268998099049342, 0.2599477380437335, 0.25658244278627573, 0.24894346047154406, 0.2409498821751973, 0.23476149848441488, 0.22740964706718308, 0.21982161516381293, 0.21101062906157111, 0.20528149024881037, 0.19644014418278774, 0.1883874009027309, 0.1810940133081269, 0.1724714804632762, 0.16800957864400037, 0.16164622605615056, 0.1550415846874419, 0.14972680628530144, 0.14205871199824147, 0.1363890690479389, 0.1316842969468574, 0.1265564301656079, 0.12216213854394622, 0.11762990597059432, 0.11347496488429222, 0.1074774638202387, 0.10485629207387413, 0.1019987390981507, 0.09858773883009694, 0.09534574929893631, 0.0921475644770664, 0.09043724974137299, 0.08668599028101902, 0.08413641499451448, 0.08370026290301502, 0.08080785002405803, 0.0780732561018049, 0.07846329074122549, 0.07466391117801678, 0.0744116263675321, 0.07163263269767318, 0.07132507256741069, 0.06909969232054715, 0.0678914797770762, 0.0647571360807597, 0.06397949128421311, 0.06401395976312996, 0.06279138593752052, 0.06180022056838594, 0.06033364224449261, 0.05943617478646722, 0.05853125970503412, 0.05757380267317148, 0.057596713693370834, 0.05644093809610943, 0.0545971276833839, 0.05535356939491844, 0.05360027092518573, 0.05275655863326542, 0.0530769327780251, 0.05161564797643073, 0.05103937537438169, 0.05041501086838927, 0.051038080043898724, 0.04944979057157623, 0.04868894292176077, 0.04883777828330232, 0.04806793359175478, 0.04753644109617189, 0.04629648672224781, 0.04670589722059283, 0.04591468544004811, 0.04631554420326942, 0.046273317927321825, 0.0451991417320426, 0.04403023730445, 0.04527245420175269, 0.04404457192867994, 0.04441822469522504, 0.04438543224169575, 0.042012131888150554, 0.04310464746193941, 0.04296000647963476, 0.042910872646559454, 0.043160531535437426, 0.04208464487983855, 0.04156731368167345, 0.0415027012914112, 0.042208444288710956, 0.04083727859440692, 0.03946253268009762, 0.04138216498240675, 0.04055498477033118, 0.039602966230247436, 0.040613480661179605, 0.040729910413705814, 0.039233632860993295, 0.040153153821557146, 0.03968711827219147, 0.03905415219811665, 0.038667239013521634, 0.040518950819777154, 0.038652257724981945, 0.03752205836509844, 0.038310572027334386, 0.03791944138686528, 0.03896840878752703, 0.03779791245601841, 0.03758177395967632, 0.03740614986277579, 0.03776014818973148, 0.03720685831011878, 0.0381596984975424, 0.03714896285829624, 0.03686831456599469, 0.03667406692678474, 0.0376383195266358, 0.035121206859049875, 0.0346924421430287, 0.03627995488032238, 0.035992663317676823, 0.03621849280628424, 0.0350158563479013, 0.03584527406006206]
Validation Losses: [0.6925926214578201, 0.6902241542631266, 0.6886426380702427, 0.6868683787024751, 0.684504900051623, 0.6816649114599034, 0.6776639533286192, 0.6721289869473905, 0.6639947526308955, 0.6531942322546122, 0.6374024061524138, 0.6156890392303467, 0.5902924860010341, 0.5641554034486109, 0.5374117335494684, 0.5138463073847245, 0.4950976593762028, 0.47852845337926125, 0.45927036568826557, 0.44750705513418937, 0.4320265398341782, 0.4181222526394591, 0.4052198948908825, 0.39790375530719757, 0.39064223425728933, 0.3791134500381898, 0.3755054999979175, 0.3674341811209309, 0.35975940495121234, 0.3537240618345689, 0.3516581219678022, 0.3449222001494194, 0.33931909258268317, 0.33601262618084343, 0.3280017385069205, 0.32787324533778794, 0.32482130422579997, 0.3193422616744528, 0.32322645217788465, 0.3082213964389295, 0.31400032569559255, 0.3037080874248427, 0.2926753586044117, 0.301038066495438, 0.2981737513019114, 0.29573339756046024, 0.2896047309041023, 0.30069502245406715, 0.2966625678295992, 0.2824371797697885, 0.29223228869389517, 0.2835920147445737, 0.29091504170578353, 0.2897461572928088, 0.28682810235388423, 0.28468606499384863, 0.2844292121768302, 0.2804489997120536, 0.2876620994766756, 0.2756383344911191, 0.3039342216691192, 0.2950584418615516, 0.2847502338034766, 0.2878939322367006, 0.2984693565843057, 0.2952318867782549, 0.2929711443923262, 0.3116054805565853, 0.2955271654895374, 0.29661074467003345, 0.2914177116994955, 0.32253389668707944, 0.2959414077922702, 0.309352847234327, 0.3105109051174047, 0.3114970221507306, 0.3233955050913655, 0.32488927503629605, 0.3060444982684388, 0.3345148785381901, 0.31431686482867416, 0.3333729887951393, 0.3277606632636518, 0.33205426073804195, 0.3344153470492789, 0.32982870468831793, 0.3266705049163833, 0.3554798913549404, 0.33665219709581257, 0.36744715288585544, 0.35794865562371453, 0.3443010744391655, 0.35005327702823036, 0.3485903519452835, 0.3591878876394155, 0.3509286060853272, 0.35123799756473423, 0.3560097380731331, 0.37405202112027575, 0.3712787304301651, 0.37730367131987397, 0.36797515728643965, 0.3773677756591719, 0.3748832965003593, 0.3739334948512973, 0.3778694075893383, 0.37843477377211865, 0.3736369507767412, 0.3940067035811288, 0.3660783915191281, 0.38323569024095727, 0.3702626996198479, 0.3967577176624719, 0.39096530557286985, 0.41519321896591965, 0.38334881696774037, 0.39192554514322964, 0.3950651428871313, 0.36719051102290345, 0.39613176456519533, 0.4081572755144871, 0.4193956929506088, 0.4126611694085355, 0.40862681883938456, 0.40479526896866, 0.409127554114984, 0.3936171360237866, 0.3940460508575245, 0.41721383421396724, 0.421516341822488, 0.4030769127611147, 0.39664864118153953, 0.42511074381823444, 0.38789237153773404, 0.42706554565502675, 0.4084472385596256, 0.41071647036896675, 0.41707630868887113, 0.43044859079682096, 0.4285835562920084, 0.41103176415270687, 0.4219692909177773, 0.4115652170849546, 0.4018247684805977, 0.4380213387158452, 0.40807909235282214, 0.43307047897987827, 0.40249932435702307, 0.4136283058597117, 0.42647956737450193, 0.4220062579807578, 0.433835632604908, 0.4354362426971903, 0.4130620752670327, 0.43285571802787637, 0.42549739321883845, 0.43279750766802805, 0.41534967924829347, 0.42495373286763016, 0.4503978022507259]
Validation ROC AUC: 0.9464640672782875
Validation Confusion Matrix: [[3443, 45], [12, 48]]
Validation Precision: 0.5161290322580645
Validation Recall: 0.8
Validation F1 Score: 0.6274509803921569
Validation Accuracy: 0.983934611048478
Test ROC AUC: 0.8826788587188495
Test Confusion Matrix: [[4269, 82], [19, 65]]
Test Precision: 0.4421768707482993
Test Recall: 0.7738095238095238
Test F1 Score: 0.5627705627705628
Test Accuracy: 0.9772266065388951
Validation Set Size: 3548
Test Set Size: 4435
