Enhancer: E23G1
Label: mm_v_all
Padding: True
Batch Size: 256
Learning Rate: 2e-06
Epochs: 1000
Subset: 1.0 (number of training samples: 28)
Weight Decay: 0.01
Optimizer: adam
Coverage: 3
Jiggle: 3
Confusion Matrix: [[0.0, 1.0], [nan, nan]]
Unnormalized Confusion Matrix: [[0, 14], [0, 0]]
Number of Epochs: 128
Train Losses: [0.695679247379303, 0.702844500541687, 0.7060792446136475, 0.6881445646286011, 0.682284414768219, 0.6952915787696838, 0.6562623381614685, 0.729354202747345, 0.693103551864624, 0.7210339307785034, 0.6852698922157288, 0.6908254027366638, 0.6756856441497803, 0.6712401509284973, 0.6967575550079346, 0.6741836071014404, 0.682849109172821, 0.6787921786308289, 0.6831820607185364, 0.6772998571395874, 0.6843491792678833, 0.6999502778053284, 0.6859304308891296, 0.6696221828460693, 0.6906973719596863, 0.6989694237709045, 0.6751997470855713, 0.6929994821548462, 0.7014560103416443, 0.67137610912323, 0.6641749143600464, 0.6925588846206665, 0.670192539691925, 0.6752039194107056, 0.7014472484588623, 0.6779505014419556, 0.6764551401138306, 0.6740791201591492, 0.6632486581802368, 0.6549627184867859, 0.6899141669273376, 0.7060285806655884, 0.7001656889915466, 0.7020817399024963, 0.6778610348701477, 0.694557249546051, 0.6637871265411377, 0.6846831440925598, 0.7310499548912048, 0.6821445226669312, 0.6806097626686096, 0.7232264280319214, 0.6729418635368347, 0.6844149231910706, 0.6682947874069214, 0.6771991848945618, 0.6760820746421814, 0.6962230205535889, 0.6844566464424133, 0.687997043132782, 0.6747586727142334, 0.6985569596290588, 0.6880476474761963, 0.6697638630867004, 0.7214252352714539, 0.700484573841095, 0.6716191172599792, 0.6542477011680603, 0.6914911866188049, 0.6854668259620667, 0.6968545317649841, 0.6662214398384094, 0.7023912072181702, 0.6790138483047485, 0.7027757167816162, 0.6966984272003174, 0.6764737367630005, 0.6810868978500366, 0.7048916220664978, 0.6806777119636536, 0.7009493112564087, 0.6474781036376953, 0.6881838440895081, 0.6670700907707214, 0.6848599314689636, 0.6851646304130554, 0.6864674091339111, 0.6829522252082825, 0.6815230250358582, 0.679946780204773, 0.6624331474304199, 0.663197934627533, 0.6984908580780029, 0.6629055142402649, 0.6942268013954163, 0.7029244899749756, 0.6757181286811829, 0.6687838435173035, 0.6668471693992615, 0.6890727877616882, 0.6811350584030151, 0.7096629738807678, 0.6771820783615112, 0.6980878114700317, 0.6722537875175476, 0.6798762083053589, 0.6725071668624878, 0.6694323420524597, 0.6763317584991455, 0.6661095023155212, 0.6800165772438049, 0.6546232104301453, 0.674505352973938, 0.6984174251556396, 0.6772269010543823, 0.6812390089035034, 0.6912642121315002, 0.6722911596298218, 0.6822561621665955, 0.6637415885925293, 0.6480287909507751, 0.6620243787765503, 0.6704855561256409, 0.684406578540802, 0.6809756755828857, 0.6861312985420227, 0.6709167957305908, 0.6804384589195251]
Validation Losses: [0.6313647627830505, 0.6329305171966553, 0.6333677768707275, 0.6323055624961853, 0.6301550269126892, 0.6281008124351501, 0.6249707341194153, 0.6214650273323059, 0.6176028251647949, 0.6136167049407959, 0.6100726127624512, 0.6065506935119629, 0.6029020547866821, 0.5993170142173767, 0.5965529680252075, 0.5939516425132751, 0.5907290577888489, 0.5877681970596313, 0.5858443379402161, 0.5830547213554382, 0.5804433822631836, 0.5780396461486816, 0.5764758586883545, 0.574603796005249, 0.5740321278572083, 0.573032796382904, 0.5729731917381287, 0.5721017718315125, 0.5722438097000122, 0.5727089047431946, 0.5731780529022217, 0.5733441114425659, 0.5741733312606812, 0.5747138261795044, 0.5756785869598389, 0.5772157907485962, 0.5803605914115906, 0.5805033445358276, 0.5815586447715759, 0.5852846503257751, 0.5883047580718994, 0.5905157923698425, 0.5939812064170837, 0.5928535461425781, 0.5952911376953125, 0.5972744226455688, 0.60093092918396, 0.6049101948738098, 0.6034819483757019, 0.6096036434173584, 0.6109873056411743, 0.6123206615447998, 0.6137340664863586, 0.6167753338813782, 0.6165117621421814, 0.621044397354126, 0.622461199760437, 0.6229286193847656, 0.6238977313041687, 0.6235628128051758, 0.6250684261322021, 0.6254497766494751, 0.62762451171875, 0.6285393238067627, 0.6283723711967468, 0.6279680728912354, 0.630294144153595, 0.6291826367378235, 0.6308484077453613, 0.6318623423576355, 0.6350930333137512, 0.6336912512779236, 0.6346137523651123, 0.6367952227592468, 0.6341674327850342, 0.6348689198493958, 0.6322041749954224, 0.6329824924468994, 0.6350266933441162, 0.6343867182731628, 0.6370571255683899, 0.6350070834159851, 0.6390755772590637, 0.6393405795097351, 0.6386557817459106, 0.6374340057373047, 0.6381761431694031, 0.6364496946334839, 0.6374982595443726, 0.6386991739273071, 0.6394217610359192, 0.6406798362731934, 0.638735294342041, 0.6421840190887451, 0.6397181749343872, 0.6385032534599304, 0.6421699523925781, 0.6401780247688293, 0.6407643556594849, 0.639617383480072, 0.6415330767631531, 0.642005205154419, 0.6414089202880859, 0.640835165977478, 0.6415813565254211, 0.6427872180938721, 0.6423313021659851, 0.6438553333282471, 0.6430454254150391, 0.641605019569397, 0.6436212062835693, 0.6449229717254639, 0.6447431445121765, 0.6449489593505859, 0.6420872211456299, 0.6474825739860535, 0.6447222828865051, 0.645314633846283, 0.6405596137046814, 0.6467752456665039, 0.6452097296714783, 0.6479634642601013, 0.6463149189949036, 0.6471073031425476, 0.6453706622123718, 0.6472207903862, 0.6452350616455078, 0.646091639995575]
