Enhancer: E22P3G3
Label: mm_v_all
Padding: True
Batch Size: 256
Learning Rate: 2e-06
Epochs: 1000
Subset: 1.0 (number of training samples: 43904)
Weight Decay: 0.01
Optimizer: adam
Coverage: 1
Jiggle: 3
Confusion Matrix: [[0.7698647506339814, 0.2301352493660186], [0.29322073657049025, 0.7067792634295097]]
Unnormalized Confusion Matrix: [[7286, 2178], [1250, 3013]]
Number of Epochs: 417
Train Losses: [0.6933301784271417, 0.693049477976422, 0.6929073915925137, 0.692784383893013, 0.6925689792910288, 0.6927434611459111, 0.6927608996629715, 0.6924465021421743, 0.6925381047781124, 0.6924311335003653, 0.6923923686493275, 0.6920166951279307, 0.6923040328330772, 0.692017114439676, 0.6920463141313818, 0.6918413732634034, 0.6917483376902204, 0.6916585464117139, 0.6915470230024915, 0.6913993791785351, 0.6914346523063127, 0.6911158128533252, 0.6911832139242527, 0.6908450171697972, 0.6908044984867406, 0.6906515408393948, 0.6905031311650609, 0.6903567175532497, 0.6902929710787397, 0.6901873104101004, 0.6898074309493221, 0.6896151241868042, 0.6896951659474262, 0.6893762502559396, 0.6891494968602824, 0.6888895696678827, 0.6886743064536605, 0.6887674858403761, 0.688241051726563, 0.6877385343230048, 0.68814561394758, 0.6875639831603959, 0.6870234428450118, 0.6872619639995486, 0.6864167514235474, 0.6862250271924707, 0.6857849674862485, 0.685135564138723, 0.685169983741849, 0.684997402997904, 0.6845156086045642, 0.6842559984950132, 0.683796440099561, 0.6827298170605371, 0.6825220993784971, 0.6822601383508637, 0.6811062031707098, 0.6815401281035224, 0.6806866696407629, 0.6804519354604012, 0.679903428914935, 0.6794110037559686, 0.678665793219278, 0.6777820458938909, 0.6779689040294913, 0.676834428379702, 0.6762997889241507, 0.6761469678130261, 0.6755717365547668, 0.6741139628859454, 0.6737361834492794, 0.6728212323992752, 0.6725089705960695, 0.6722306817076927, 0.6708147459945013, 0.6705410726541696, 0.6692942273478175, 0.6685876662648002, 0.6681669995535252, 0.667694951559222, 0.6658795659625253, 0.6649860299603884, 0.6645951291849447, 0.6634903193213219, 0.6616979979498442, 0.6614363567773686, 0.6603095229975012, 0.6581665724515915, 0.6577858685754067, 0.656432104318641, 0.6542844301046327, 0.6528073015601136, 0.6505894764911296, 0.6485425701668096, 0.646108211472977, 0.6445764109145763, 0.6436953714420629, 0.6402246137691099, 0.6385172044121942, 0.6374680580094804, 0.634341144977614, 0.6332126796938652, 0.6293770483759946, 0.6265843604193178, 0.6245266833277636, 0.6231345367986102, 0.6204215482223866, 0.6189815731242646, 0.6149574625630712, 0.6129032065008961, 0.610999462562938, 0.6069681024135545, 0.6055792629025704, 0.6025585040103557, 0.6018968550271766, 0.5976800689863604, 0.5955488990212596, 0.5924547099789907, 0.5913034632455471, 0.5881984944260398, 0.587245071350142, 0.5829030237225599, 0.5794182128684465, 0.5778585339701453, 0.5764270809500717, 0.5723498418580654, 0.5686544755170512, 0.5678652431382689, 0.5643531368222348, 0.5625563870335735, 0.560486223462016, 0.5566696937001029, 0.55577161076457, 0.5532102931377499, 0.5492188143868779, 0.5459240539822467, 0.5451798719722171, 0.5419298226750174, 0.5420322095931962, 0.5363092204166013, 0.537189780626186, 0.5368888644978057, 0.5328831984553226, 0.530108550086964, 0.528550689996675, 0.5249883523860643, 0.5217769064528998, 0.5221130695453909, 0.519450600583886, 0.5181715446849202, 0.5152274867476418, 0.5115222362584846, 0.5073310355114382, 0.5080204937000607, 0.5054418449831564, 0.5046267648075902, 0.502736680902714, 0.501853100262409, 0.49832145592501, 0.49657633796680806, 0.4992402156078538, 0.49449441374041314, 0.4917562577960103, 0.49078714171814364, 0.49017139784125396, 0.48798387566971224, 0.4875059564446294, 0.4853197233968003, 0.4806946010090584, 0.4800238857089087, 0.477896622793619, 0.4772696437877278, 0.47699145834113277, 0.47499732274648754, 0.4729504056794699, 0.47069744904373967, 0.47091290718594264, 0.467729140332965, 0.46523738184640573, 0.46717501795569133, 0.4604591813891433, 0.46262150933576185, 0.46307425911343375, 0.4606325766721437, 0.4577058671518814, 0.4580684959195381, 0.4563371466342793, 0.45582847972941953, 0.45640319863031076, 0.45386724174022675, 0.4510426285654999, 0.4494521345856578, 0.4480248686186103, 0.44923273318035656, 0.4434146269462829, 0.4462795001129771, 0.4417341422549514, 0.4400777270974115, 0.4389467348539552, 0.44275445577710176, 0.4414781039190847, 0.4358086135498313, 0.4346214255621267, 0.43631637477597524, 0.4369985364204229, 0.43198218369899793, 0.43220311819120893, 0.4344248957065649, 0.4293022460715715, 0.4321506638513055, 0.424314150283503, 0.42660225078810093, 0.4261822334902231, 0.42605692650689636, 0.4241880758903747, 0.42503745905881707, 0.42179732544477594, 0.4240720857714498, 0.4226384450529897, 0.41861920301304306, 0.4192218770121419, 0.4186201922075693, 0.41390072831580804, 0.4152869564849277, 0.4118464329214983, 0.41648717207270997, 0.4133680428183356, 0.41275010864401973, 0.41254314017850297, 0.40940178549566936, 0.40874738558087237, 0.4113857044383537, 0.40951844945896504, 0.4049370534891306, 0.40690515259670657, 0.4044966444719669, 0.40682402027900827, 0.4088313063216764, 0.4053814851267393, 0.4080163266423137, 0.4018296540476555, 0.40242718264114025, 0.39813766749792323, 0.4036180167350658, 0.3974462011179259, 0.3979262169017348, 0.3994939467588136, 0.3940711264000383, 0.39824141007523206, 0.39247695356607437, 0.39367159681264746, 0.39343087860318116, 0.39245995636596237, 0.3961830274310223, 0.3930406617217286, 0.39097119573243827, 0.3955986780482669, 0.3925379017411276, 0.3902718960199245, 0.3884905278682709, 0.3916063734958338, 0.38767940065888473, 0.38945426012194434, 0.3870890457616296, 0.3831078864114229, 0.3887309899856878, 0.3811685915949733, 0.38124121067135835, 0.38617473788732704, 0.38298404268747155, 0.3815691821103872, 0.37990679522586424, 0.3801220740343249, 0.37960350894650746, 0.38199820993251576, 0.3818328588507896, 0.37885641220004057, 0.37936691073484197, 0.3798051429695861, 0.37766754020785176, 0.3803265373720679, 0.37677193277103954, 0.3792392940715302, 0.3735301927771679, 0.37558040975831275, 0.37291471573502516, 0.37605715473723966, 0.3744124825610671, 0.3713394609648128, 0.37042743002259454, 0.3739133128939673, 0.3698706406840058, 0.3719289798376172, 0.36848690638015436, 0.3745149630446767, 0.3732010484781376, 0.37109760957401855, 0.36996342952168265, 0.36894032930911974, 0.3668639852210533, 0.3677932202469471, 0.3624330005326936, 0.3641920956068261, 0.36468497785024867, 0.363534462659858, 0.3671092425667962, 0.36328616842280986, 0.36691144420657046, 0.3680291591688644, 0.36065171953550607, 0.3656265782408936, 0.36514754160199053, 0.362526670791382, 0.3592352201772291, 0.3583378842057184, 0.3628882261556248, 0.3591720569272374, 0.36364456543395685, 0.3597211874155111, 0.3594221138330393, 0.36160573120727096, 0.3585179612733597, 0.35840257517127105, 0.35701981672020844, 0.3598706171263096, 0.35832119802402895, 0.35371957026248757, 0.3515127079431401, 0.3583496346376663, 0.35695932372364886, 0.35257439540569174, 0.35233768318281616, 0.3563490180775177, 0.35304517385571504, 0.3538774390553319, 0.35293234364930975, 0.3557631713013316, 0.35160502791404724, 0.35538778696642365, 0.3512485202315242, 0.35173775446276334, 0.3523510507372923, 0.34841743458149044, 0.35038741331460865, 0.3522760296283766, 0.3512686627895333, 0.35063391057557836, 0.34963280742251596, 0.349337782104348, 0.34861270459585414, 0.34842007953760235, 0.34962638536858004, 0.34675156221140263, 0.34604600851618966, 0.34712064820666644, 0.34880305861317834, 0.34779538959264755, 0.3479179285986479, 0.3457015556998031, 0.3460181040126224, 0.3427417408241782, 0.3441520662501801, 0.3439488693378692, 0.34311755694622215, 0.34268839397402695, 0.3392924280014149, 0.3451822339448818, 0.3405005742990693, 0.34316997645899305, 0.3423249253699946, 0.3412258002993672, 0.3411756554661795, 0.3403783126972442, 0.3400403276778931, 0.3399395085004873, 0.34036318871170973, 0.34077324198428977, 0.3402249456145043, 0.3389969717624576, 0.34036905162556225, 0.3396460940671522, 0.3376474165639212, 0.33881692241790684, 0.33577290627845496, 0.3389732109945874, 0.3413102850317955, 0.33839910893246183, 0.33396765572387116, 0.3384947612188583, 0.33969762176275253, 0.33736993840267493, 0.3358800312460855, 0.332942618880161, 0.3340261039692302, 0.3333363676833552, 0.33529589221228, 0.3344654241620108, 0.33403126704831454, 0.33483557507049205, 0.334360656350158, 0.33175403832696204, 0.33429768629545387, 0.33300122895906137, 0.33267491120238635, 0.33204702339893166, 0.3331379595884057, 0.333902909658676, 0.33322403216084767, 0.3302449559749559, 0.32623098617376284, 0.33040254459131596, 0.33332894777142724, 0.3300902564511743, 0.33201597856227744, 0.3278197701587233, 0.33070374271550845, 0.331885083123695]
Validation Losses: [0.6927309022393338, 0.6927434372347455, 0.6926268283710924, 0.6926373603732087, 0.6924837093020595, 0.6925940679949384, 0.6922163034594336, 0.6922555191572323, 0.6922573544258295, 0.6922180375387502, 0.6920030255650365, 0.6919561194819074, 0.6918038919914601, 0.6916787499605224, 0.6917653208555177, 0.6914170980453491, 0.6914819742358008, 0.6911418340926947, 0.6912162317786106, 0.6910923691683037, 0.6908578526142032, 0.6905639185461887, 0.6905568214349969, 0.6908056029053622, 0.6904814839363098, 0.6903727262519127, 0.6902260780334473, 0.6900657651036285, 0.6898104340531105, 0.689558723638224, 0.689174166945524, 0.6886987727741862, 0.6887520149696705, 0.6885344871254855, 0.6886458868204162, 0.6883436122605967, 0.6882758999979773, 0.688060158906981, 0.6873545189236485, 0.6873531549475914, 0.686882498652436, 0.6867734762125237, 0.6861234085504399, 0.6854684643967207, 0.6861281422681587, 0.6854327334914097, 0.6850676287052243, 0.6840821712516075, 0.6839940007342848, 0.6841853676840316, 0.6834056446718615, 0.6824451837428781, 0.6828560551931692, 0.6826670100522596, 0.6811165269031081, 0.6806099400963894, 0.6808588726575985, 0.6796960359395936, 0.6797099155048991, 0.6788992355036181, 0.6790104355922965, 0.6777791256128356, 0.6770361440126286, 0.676134815049726, 0.6764761583749638, 0.6750517875649208, 0.6745591316112253, 0.6739897894304853, 0.6735161099323007, 0.6735116021577702, 0.6735351834186288, 0.6718551280886628, 0.6712695221568263, 0.6700472069341082, 0.6679392956023993, 0.669441185718359, 0.6679813501446746, 0.6672681833422461, 0.6653688217318335, 0.6670525670051575, 0.6646107462949531, 0.6633617642313935, 0.6610728793366011, 0.6611901064251744, 0.6610646691433218, 0.6595451596171357, 0.657826495725055, 0.6575085049451783, 0.6573086561158646, 0.6541376668353414, 0.6518270248590514, 0.6523703004038611, 0.6497971775919892, 0.6474460100018701, 0.6476955718772356, 0.6464829223100529, 0.643175736416218, 0.6439567138982374, 0.638848764951839, 0.6382268819698068, 0.6363793736280396, 0.6326439477676569, 0.6328365178995354, 0.6323604403540145, 0.6269336010134497, 0.6260959644650304, 0.6229662479356278, 0.6240008251611576, 0.6212213940398638, 0.6178838749264561, 0.6136684390001519, 0.6131050115407899, 0.6121707627939623, 0.6100235276444014, 0.60642273758733, 0.6066389083862305, 0.6022813528083092, 0.6007809957792593, 0.5975832911424859, 0.593854826550151, 0.5935757880987123, 0.593079031899918, 0.5908797605093136, 0.5865190957867822, 0.5868415929550348, 0.5853833570036777, 0.5814769683882247, 0.5770943414333255, 0.581513223259948, 0.5725269276042317, 0.5758226000985434, 0.5743821318759474, 0.5678042131800984, 0.5705496433169343, 0.5650100652561632, 0.5621275097824806, 0.5655932107637095, 0.562014406503633, 0.5608313762864401, 0.5614582161570705, 0.5544064710306567, 0.5520060034685357, 0.5550427797228791, 0.5506916545158209, 0.5458197510519693, 0.5484799105067586, 0.5476187446782755, 0.5396090025125548, 0.544583007346752, 0.5469110871470252, 0.5425773574862369, 0.5425477111062338, 0.5392089936622354, 0.5442383330921794, 0.5357357443765153, 0.5316059513147487, 0.5320547528045122, 0.5351753463578779, 0.5325709006120992, 0.529135805229808, 0.525337754987007, 0.5353666003360305, 0.5283015855523043, 0.5294889419577843, 0.5276514215524807, 0.526081676399985, 0.5206829565902089, 0.5232028406719829, 0.5246952037478603, 0.5303990785465684, 0.5236493002536685, 0.5202636441519094, 0.5246717167455096, 0.5150184340255205, 0.5180894198805787, 0.5135068713232528, 0.5127596259117126, 0.5158779565678087, 0.517602730629056, 0.5097083283025164, 0.5192245501418447, 0.5108521760896195, 0.5196384718251783, 0.5126885362835818, 0.5118367748205052, 0.5076370079850041, 0.5029271258864292, 0.5073210721792176, 0.5068815121817034, 0.5049803437188615, 0.5068692717441293, 0.5053978687108949, 0.5041039551413337, 0.5090932291607524, 0.49904707282088523, 0.5022345337756845, 0.5096926973309628, 0.5185185864914296, 0.5064131381899811, 0.511932257996049, 0.5049827064192572, 0.496202818876089, 0.4945992065030475, 0.501459342795749, 0.49972143699956495, 0.5074401553287062, 0.5020178542580715, 0.4995040491569874, 0.4964064456695734, 0.4992853084275889, 0.49811159802037613, 0.4933613545672838, 0.5026589943919071, 0.5023241320321726, 0.5023273804853129, 0.5016485140767208, 0.5033865737360578, 0.4996186813642812, 0.502359214910241, 0.5023056088491927, 0.4933574171953423, 0.5030004541541255, 0.507354969202086, 0.5047384451988132, 0.5005556684593822, 0.49807046249855397, 0.49974196317584013, 0.4997272297393444, 0.49860860511314037, 0.5016509946002516, 0.5007901170919108, 0.49855304526728256, 0.502784539793813, 0.4872787574002909, 0.4916657562865767, 0.4994708805583244, 0.49517726274423823, 0.4966378364452096, 0.49940196996511416, 0.49322130444437956, 0.5019514609214871, 0.49604371397994285, 0.49508697418279424, 0.49536484271980996, 0.49716592666714693, 0.49849596273067387, 0.4941241616426512, 0.4966151249963184, 0.5037088435749675, 0.4988781823668369, 0.49490444604740585, 0.4975526291270589, 0.4954062215117521, 0.4998012926689414, 0.5026629574077074, 0.49179291863774144, 0.5085148915301921, 0.4881957228793654, 0.5036945239055989, 0.5005977070608805, 0.5014821471169938, 0.49103996434877084, 0.4945720586665841, 0.4929001601629479, 0.510756062906842, 0.4953043654907581, 0.48885720483092376, 0.49006783754326577, 0.5004683906255767, 0.5055910425130711, 0.5003807724908341, 0.5050884249598481, 0.5019398061342017, 0.4936376103135042, 0.498228661542715, 0.5014059321824894, 0.4963517757349236, 0.4973810793355454, 0.49840751914090886, 0.48932306017986565, 0.49975433044655376, 0.4926165986892789, 0.5051305806914042, 0.5094686607981838, 0.49849063989728, 0.5021491632905117, 0.5000940069209697, 0.5079551651034244, 0.4993365379266961, 0.5005492976931638, 0.5090818640797637, 0.5109885688437972, 0.503557387479516, 0.49498875473820886, 0.5021506367727767, 0.5021146944788999, 0.4995787192222684, 0.5109981825185377, 0.5076369116472643, 0.49997765518898185, 0.5127371598121732, 0.5048117256441782, 0.509133834478467, 0.5136306479919789, 0.5223618336888247, 0.5013152374777683, 0.5047202491483023, 0.5040579147117082, 0.49925470074941947, 0.5036704124406327, 0.49879387436911116, 0.50841821695483, 0.5044643872005995, 0.5015887527964836, 0.5071620920369792, 0.507463121830031, 0.47999036797257355, 0.5028848301532657, 0.4988702092059823, 0.5006485823975053, 0.5021376679109972, 0.5012174969495728, 0.49510063127029774, 0.5008366974287255, 0.5023523077022197, 0.49195006974907807, 0.4928382739078167, 0.5140100738336874, 0.5076763165551562, 0.5074510719887045, 0.512087884337403, 0.5009685470614322, 0.508728412001632, 0.4990670625553575, 0.49549696126649545, 0.5070056568744571, 0.5116211972957434, 0.5166618068550908, 0.5179310912309691, 0.5053180151207503, 0.5068000492661499, 0.5178157784218012, 0.5122710050538529, 0.5267891772957736, 0.5083820958470189, 0.5145915393219438, 0.5092387927132983, 0.5030020017956578, 0.5065496917380843, 0.5112063621365747, 0.5141881621161173, 0.49545744338700937, 0.5142064420289771, 0.5135453710722369, 0.4972769368526547, 0.5148651003837585, 0.5048781127430672, 0.5144873926805895, 0.5050737206325975, 0.5291868496772855, 0.5195100009441376, 0.52523736690366, 0.5177505390588627, 0.5136326509852742, 0.5259872508603473, 0.5174676006616548, 0.5321903852529304, 0.5198939234711403, 0.5131778010102206, 0.5118461133435716, 0.5030770634495935, 0.5186196628005005, 0.5161036377729371, 0.5173979498619257, 0.5215618381666582, 0.52428545716197, 0.5074152135571768, 0.5156290246996769, 0.5015293082525564, 0.5028966755367988, 0.5223237948362217, 0.5147320732127788, 0.535841575195623, 0.509536208108414, 0.5079307181890621, 0.5025802580423133, 0.504926897065584, 0.518398956503979, 0.5130514932233233, 0.5109816415365352, 0.5218239897905395, 0.5190291210662487, 0.5229439049266106, 0.5244935009368631, 0.5129361353641333, 0.5235346576502157, 0.5179084525551907, 0.517280591088672, 0.5149662910505782, 0.5314411964527396, 0.5241329226382944, 0.5343648174474406, 0.5169174560280734, 0.5246511836384617, 0.515862278467001, 0.5140047510002934, 0.5201049204482588, 0.5232457698777665, 0.5150300597035607, 0.520076441903447, 0.5141879791437194, 0.5274580730948337, 0.5207408223041269, 0.5316238729066627, 0.5152893939683604, 0.5282301923563314, 0.5119453834932904]
