Enhancer: E22P3B4
Label: mm_v_all
Padding: True
Batch Size: 256
Learning Rate: 2e-06
Epochs: 1000
Subset: 1.0 (number of training samples: 39389)
Weight Decay: 0.01
Optimizer: adam
Coverage: 3
Jiggle: 3
Confusion Matrix: [[0.9486309868475473, 0.051369013152452646], [0.8080357142857143, 0.19196428571428573]]
Unnormalized Confusion Matrix: [[11468, 621], [181, 43]]
Number of Epochs: 224
Train Losses: [0.6970370466058905, 0.6947055509338131, 0.6946069621420526, 0.6934729706157338, 0.6927282821822476, 0.6926584425684693, 0.692335959378775, 0.691839512679484, 0.6913636826075517, 0.6911616998833495, 0.6910263965656231, 0.6907641345804388, 0.6904478955578495, 0.6899322344885244, 0.6897435962379753, 0.6893210380108326, 0.6893233672364966, 0.6887478391071419, 0.6880961451437566, 0.6884360518548396, 0.6878703414619743, 0.6869733585165693, 0.6867879907806198, 0.6860307141557916, 0.685730150380692, 0.6851026628698621, 0.6847870659518551, 0.684018897158759, 0.6833603850432804, 0.6828276712399024, 0.682759830703983, 0.6811198441239147, 0.6807916919132332, 0.6801958173126369, 0.6797614577528718, 0.6784207844114923, 0.6778549246199719, 0.6769247554339372, 0.6758609719864734, 0.6753550183463406, 0.6732271894232019, 0.6721230625332176, 0.6715586750538318, 0.6706757386783501, 0.6690376385465845, 0.6680107201848712, 0.6685053183660878, 0.6671168126843192, 0.6659785845837036, 0.6649557657830127, 0.6627451858737252, 0.6627397289523831, 0.6622497265215044, 0.6610688319453946, 0.6581727065049209, 0.6592237624255094, 0.6575022568176319, 0.658325556423757, 0.6571065516440899, 0.6551466475833546, 0.6564149910753424, 0.656055484112207, 0.6533839996758993, 0.6538271911732563, 0.6529665523535245, 0.6510429691958737, 0.6491447961949682, 0.6501922278435199, 0.6469334677442328, 0.6500199173952078, 0.646272296255285, 0.6459909290462346, 0.6436016931162252, 0.6430554308674552, 0.642676136710427, 0.6386686911830655, 0.6401175303118569, 0.637879763330732, 0.6366225786797413, 0.6362210566347296, 0.6312779238471737, 0.6335234789105205, 0.631079679185694, 0.6284691037295701, 0.626012588863249, 0.6260998783173499, 0.6232876053878239, 0.622297070630185, 0.6204914017157122, 0.6203305756116843, 0.6173174799262703, 0.6156377579484668, 0.6127178235487505, 0.611184471613401, 0.6083673900598056, 0.6073140188471063, 0.602424251955825, 0.5991398572147667, 0.5962877006499798, 0.592685990906381, 0.5904225172934594, 0.5848137836951715, 0.5820639892057939, 0.578738101891109, 0.5730604119115061, 0.5693074584781349, 0.5647851956355108, 0.5595289658416401, 0.5547369381824097, 0.548754739683944, 0.546593697040112, 0.5427549938102821, 0.5362414280315498, 0.5313498033331586, 0.5292616213683958, 0.5241987560089533, 0.5183124480309425, 0.5141888175691877, 0.5084758890526635, 0.5033975485470388, 0.4976066714757449, 0.4938884979331648, 0.48958796959418754, 0.4850046412124262, 0.4816774096968886, 0.47451795792424833, 0.4710659007360409, 0.46508689727876096, 0.46057765340650236, 0.45742019701313663, 0.4518979367884723, 0.4493716477186649, 0.44217713989994745, 0.4399471068150037, 0.4336660817846075, 0.4282052553706355, 0.4218778480570038, 0.42180010328045137, 0.4148985635150563, 0.4092353146958661, 0.40609991937488704, 0.40141378594683363, 0.3990020092044558, 0.39240486919879913, 0.38883561824823354, 0.38519324188108567, 0.3799056045033715, 0.37452249209602156, 0.37124313297983885, 0.3664314114041143, 0.361532104092759, 0.3588174026120793, 0.35331424625663016, 0.34894616882522383, 0.3459015693757441, 0.33985963831474253, 0.3361494012854316, 0.3326551445892879, 0.328022018655554, 0.32272461637274014, 0.32036722693350406, 0.31504986502907495, 0.3127747747031125, 0.3066179562698711, 0.30434389702685466, 0.3014301605425872, 0.29531424560330133, 0.29416300859544187, 0.28784605270469343, 0.28514135328980234, 0.2833455184643919, 0.2789763366053631, 0.2764193116650953, 0.2720369283448566, 0.2686075517883548, 0.2636293387645251, 0.26037492670796136, 0.256282881966659, 0.2521858809443263, 0.2499717569776944, 0.24731065574791525, 0.24565635292561022, 0.24006506568425662, 0.23668490766317812, 0.2332585539136614, 0.2308951382126127, 0.22807280322561016, 0.2241972471986498, 0.22060485774433458, 0.22114716789552144, 0.2177584906677147, 0.21479591882074034, 0.21178766069087115, 0.20938604257323526, 0.20693773379573574, 0.203269347451724, 0.19928237708745064, 0.2001458980239831, 0.19663274162388467, 0.1948625680494618, 0.19150647801625265, 0.18999298845792745, 0.18686856193975968, 0.18488422229692533, 0.18212836119648698, 0.18117303933416093, 0.17751867159620507, 0.174279194857393, 0.1732937716818475, 0.17297658808045574, 0.16916377523115703, 0.1669606293563719, 0.1675577498488612, 0.16301294764528027, 0.16318527638138114, 0.16007542329562174, 0.15797360125300172, 0.15723073714739316, 0.15442094018126462, 0.15234398899914384, 0.14879938379510657, 0.14839525114406238, 0.14728915667185535, 0.14614152705127542]
Validation Losses: [0.694460908571879, 0.6941875081795913, 0.6917806986050729, 0.6909923767432188, 0.6905448788251632, 0.6905017051941309, 0.6897543577047495, 0.6890235023620801, 0.6883534284738394, 0.6882183872736417, 0.6875580564523355, 0.6871840877410693, 0.6868661687924311, 0.6862444205161853, 0.6856243961896652, 0.6846340252802923, 0.683781446554722, 0.6835498886230664, 0.6825473094597841, 0.6820371777583392, 0.6821423982962583, 0.6800069457445389, 0.6793077557514875, 0.6782134022468176, 0.6775276722052158, 0.6779359563803061, 0.6756278750223991, 0.6753229269614587, 0.6729925152583, 0.6710296059266115, 0.6708575915067624, 0.6698079002209198, 0.6672518253326416, 0.6675998614384577, 0.6641452281902998, 0.6618258846111786, 0.6600087988070953, 0.657576472331316, 0.6578252605902843, 0.6566422306574308, 0.6540117003978827, 0.6528084736603957, 0.6494391010357783, 0.6510094266671401, 0.6481158106754987, 0.6479280652144016, 0.6416894457279108, 0.6456556564722306, 0.643354444931715, 0.6410114780450479, 0.6393177662140284, 0.6358220546673505, 0.6369684567818275, 0.6354010838728684, 0.6346246844682938, 0.6323919770045158, 0.6305782733819424, 0.6328693078114436, 0.6322580514810024, 0.6306160550851089, 0.6244266354120694, 0.6268067955970764, 0.6286958257357279, 0.6254254029347346, 0.6275499279682453, 0.6266015416536576, 0.6250582688894027, 0.6260298169576205, 0.6214857926735511, 0.6249246154076014, 0.6229705260350153, 0.6193583225592588, 0.621424369322948, 0.6171583028940054, 0.617323222832802, 0.6206806607735462, 0.6172623023008689, 0.6170326792276822, 0.620768816043169, 0.6173849594898713, 0.6143074249609922, 0.6124709447224935, 0.6170500165376908, 0.6150246461232504, 0.615120238218552, 0.6121305334262359, 0.6052370422925705, 0.6135267248520484, 0.608327112136743, 0.6135702224878165, 0.6097209377166553, 0.6114567059736985, 0.6104185718756455, 0.6058361239922352, 0.6032787240468539, 0.6034053334823022, 0.6039611743046687, 0.6078078655096201, 0.6061240006715823, 0.6031631307724195, 0.6018017622140738, 0.6030538204388741, 0.6013844746809739, 0.5971804994803208, 0.60181818711452, 0.5956319922055954, 0.6002667317023644, 0.6001055072515439, 0.5953923861185709, 0.6031762315676763, 0.5965213087888864, 0.5924291702417227, 0.5932474442017384, 0.5981164039709629, 0.5924948071822141, 0.5956825002645835, 0.594598609667558, 0.5949060366703913, 0.5990226757832062, 0.5967534153889387, 0.5943594085864532, 0.5936575134595236, 0.5953252865717962, 0.5865844717392554, 0.590121179054945, 0.5984950004479824, 0.5882869989444048, 0.5902187854815752, 0.5923899610837301, 0.5927970332977099, 0.5975764011725401, 0.60114269837355, 0.5922050949854728, 0.6000017477915838, 0.6003580108667032, 0.599633453748165, 0.6077592036662958, 0.601330599723718, 0.6064187471683209, 0.6123186900065496, 0.6041455864906311, 0.6203346924904065, 0.6101597975461911, 0.6084147890408834, 0.6157846481372149, 0.6151407804244604, 0.6240415680102813, 0.6122324237456689, 0.6239807682159619, 0.6231798865856268, 0.621046319986001, 0.6298181536870125, 0.6167048307565542, 0.6188297760792267, 0.6337598715073023, 0.6496676344137925, 0.6334445522381709, 0.6470302633750133, 0.6365697017082801, 0.6525847942401202, 0.6469645484899863, 0.6691242624551822, 0.653439734226618, 0.6670856170165234, 0.6891412154222146, 0.6757535827465546, 0.6775277623763452, 0.6935381614244901, 0.668035306991675, 0.692194266197009, 0.7209259149355766, 0.7082435656816531, 0.7064079993810409, 0.6937379363255624, 0.7186621549801949, 0.7050993671784034, 0.722844096330496, 0.7380146858019706, 0.7325366689608648, 0.7406028157625443, 0.7469278573989868, 0.7273500194916358, 0.7573180825282366, 0.7635341989688385, 0.7865739846840883, 0.7859333126972883, 0.7563980848361285, 0.77740856164541, 0.8011463727706518, 0.8112322550553542, 0.7785281951610858, 0.8498943172968351, 0.8205291307889498, 0.8154880114090748, 0.8407625280893766, 0.7926842432755691, 0.8333806456663669, 0.8685742631936685, 0.8142445026299893, 0.8295947634256803, 0.8580230107674232, 0.8765282646203653, 0.8213629325230917, 0.88482443185953, 0.9014705480673374, 0.9410773026637542, 0.8996805762633299, 0.9432934400362846, 0.9916109564976815, 0.8929371910217481, 0.9698592745340787, 0.9297948067004864, 0.9835788179666568, 0.9209172909076397, 1.0178673786994739, 0.9817935121365082, 1.0179154246281354, 0.9810740871307178, 1.0213719331301176, 1.05714983970691, 0.9801517618008149, 1.017996262281369, 1.064944443030235, 1.0105821154056451]
