Enhancer: E22P1F10
Label: mm_v_all
Padding: True
Batch Size: 256
Learning Rate: 2e-06
Epochs: 1000
Subset: 1.0 (number of training samples: 319410)
Weight Decay: 0.01
Optimizer: adam
Coverage: 3
Jiggle: 3
Confusion Matrix: [[0.8649318869552868, 0.1350681130447132], [0.20951575896630842, 0.7904842410336916]]
Unnormalized Confusion Matrix: [[79175, 12364], [1735, 6546]]
Number of Epochs: 177
Train Losses: [0.6871221244144134, 0.6404801562237434, 0.5813266917203481, 0.5475094436118618, 0.5276828949363568, 0.5086913739498227, 0.49233871875092006, 0.48142471474905807, 0.4720458554295011, 0.465412470464332, 0.4602468708673349, 0.4578993344583955, 0.45234192492297065, 0.45021057131294256, 0.4495710245309732, 0.44472346719927514, 0.44231317951702154, 0.4412619992851829, 0.43866630533757883, 0.43827084810114825, 0.4354993643430181, 0.43429848367873675, 0.432766045204913, 0.4276997801632835, 0.4266093129483171, 0.4249706388427279, 0.4215786118920033, 0.41874753136951953, 0.4164893455230273, 0.41321664007428366, 0.4102557216030665, 0.41001831219555473, 0.40592199633232295, 0.4033746991593104, 0.39984352124902683, 0.3993468059656712, 0.3948740693621146, 0.39468065412858355, 0.3914270222139282, 0.3898738626725016, 0.3878778955206657, 0.3864489142806866, 0.3841657942543045, 0.38047869119029015, 0.3790197648251286, 0.3776313853808321, 0.3754661094206266, 0.3724952972947787, 0.3712444437237886, 0.3695060352388865, 0.366682700574016, 0.36546292554778165, 0.3645255521703989, 0.36303628756640816, 0.36183318483810395, 0.3593260141280599, 0.3568965181803856, 0.3536570521358114, 0.35262005312893635, 0.353107218666432, 0.35055729947411096, 0.34838144237605423, 0.3472576754836318, 0.3452284906584865, 0.34416467717920357, 0.3424508629772717, 0.33901804266497493, 0.34033283452766067, 0.3375939901154011, 0.33746878345473075, 0.3352970648318147, 0.3340436748396128, 0.33307731291279197, 0.3312150683636085, 0.3285148713785486, 0.32788841820393616, 0.32819169421847433, 0.32534028159884304, 0.32352861610408395, 0.32395696296141696, 0.32231750689112604, 0.3193552657508124, 0.31903505533073956, 0.31943598449325716, 0.3187920819156063, 0.3157641025713812, 0.315839473110361, 0.3131692815357103, 0.31301583687607676, 0.31260941005670106, 0.31416643627035695, 0.31053373438473314, 0.30781784331282747, 0.30737772278296643, 0.307172829643465, 0.30481100635220987, 0.30450959112017584, 0.3040315884834108, 0.304325895360074, 0.3025326235458637, 0.30180204226277196, 0.30103761850832367, 0.29798123287037015, 0.2981188317689185, 0.29792726553307897, 0.2961100733671815, 0.2959472419789586, 0.29301950177894187, 0.2934777482699316, 0.29343509859142775, 0.29184728462058, 0.2897157372357563, 0.2903882884898056, 0.28801510573770756, 0.28926229251262087, 0.2881250246666754, 0.2878110531048897, 0.2877402974364276, 0.2852119899665316, 0.2834033405479903, 0.28404674564416593, 0.2838724477407642, 0.2830471617336839, 0.2809319011747646, 0.2812089931267576, 0.2814930241841536, 0.28014234491647816, 0.27894238227357465, 0.27888146811761916, 0.2775099879871003, 0.2755676437026033, 0.2786141582764685, 0.27631744701797384, 0.2749616927586687, 0.2725455852774664, 0.2735926025093366, 0.27192145224230796, 0.27312018928858334, 0.27133215413404965, 0.2734980321942996, 0.27156005051130283, 0.2708753112775202, 0.26963952094173205, 0.2695932127654744, 0.269009657502652, 0.2698792161133427, 0.26835834412859416, 0.2670694144251637, 0.2671085615546849, 0.2664145698102239, 0.26470863961208707, 0.264023381858491, 0.26570260140280694, 0.26474344940521777, 0.2635125228896355, 0.26290074615285564, 0.2633949169674172, 0.26108890053075856, 0.2616056777441349, 0.25997720369830346, 0.26051923358001006, 0.2600203334258344, 0.2602749193230501, 0.25814978647021913, 0.26052446569053406, 0.2586619344850381, 0.2580568243582279, 0.2591767238858992, 0.25781457948808867, 0.25695761731372047, 0.25751044616724056, 0.254824823855112, 0.25573997013270855, 0.255214591904615, 0.25489467843316305, 0.2556046311242076, 0.252850047718638]
Validation Losses: [0.6682884238469295, 0.6029404951975896, 0.5556828878246821, 0.5298833801196172, 0.5114119662306248, 0.4966947427735879, 0.4813274936989332, 0.4704107692799507, 0.4645945444129981, 0.46068349012579674, 0.4552132957256757, 0.4535163320027865, 0.45028594145790124, 0.44812902321036047, 0.4484806595704494, 0.4458061384084897, 0.44454034905021006, 0.4427426799367636, 0.44235026941467553, 0.4393221648075642, 0.4383218052486579, 0.43805041412512463, 0.4382888916402291, 0.436095770352926, 0.4318535942106675, 0.43078498150675726, 0.425132527278784, 0.4281306105355422, 0.4245838954662665, 0.428506394322866, 0.4257711820686475, 0.42206854153520024, 0.4257877422257876, 0.42489938285106266, 0.4234563729319817, 0.41863420682075697, 0.4208236884039182, 0.4162648111008681, 0.41343145999006736, 0.41901319808302784, 0.4170840254578835, 0.4171697478263806, 0.4167559956892943, 0.41070593702487457, 0.4128534025870837, 0.4158667317376687, 0.41347942912043667, 0.4123701454164126, 0.4161214022300182, 0.41445155604145467, 0.4130966166655223, 0.4172813009757262, 0.41280069183080625, 0.41150624161729443, 0.41245785747201014, 0.41213705209203255, 0.41286084982447135, 0.4117979005170174, 0.4111269255861258, 0.4071529452235271, 0.4095064585025494, 0.41039509947101277, 0.4065108382358001, 0.41013274456445986, 0.4094206298199984, 0.4114472782000517, 0.4148198484610289, 0.40919538577779746, 0.4065022892676867, 0.4085013029667047, 0.41645752189633173, 0.4207072649628688, 0.41139417475996876, 0.4147608140722299, 0.42447380606944746, 0.4146022040110368, 0.4039672158467464, 0.4180613443828546, 0.40596393667734587, 0.41083112607399624, 0.4197282202732869, 0.41717821159041846, 0.4150494420184539, 0.41735240368124765, 0.41142610021126574, 0.4124627595719619, 0.41476410035139477, 0.4164951327137458, 0.4135737241460727, 0.4093242528346869, 0.4139803360479, 0.41967051323407734, 0.4226685794882285, 0.42305927905134666, 0.4285074698810394, 0.4267718222660896, 0.42301849237619304, 0.42421896220781863, 0.41012924556166697, 0.43335409376483697, 0.42054736881684035, 0.41902808224161464, 0.4171987748107849, 0.4273998862466751, 0.43093803219306165, 0.4158984106511642, 0.4157964589122014, 0.4279876294044348, 0.43821240483950347, 0.4267934775696351, 0.4258561559403554, 0.428872652256336, 0.4201095644862224, 0.4404142520939692, 0.43258078807057476, 0.4347610828012992, 0.4420555093540595, 0.42335764156320155, 0.42362689312834007, 0.4515217940012614, 0.43698760618766147, 0.4310566373169422, 0.4439209338564139, 0.4401742795912119, 0.4384506977139375, 0.44934499024962765, 0.4470963930854431, 0.44487631741242534, 0.4396719141648366, 0.4625119865895846, 0.43075685164867306, 0.440080073208381, 0.44798861472652507, 0.43558026525454646, 0.44022340499437773, 0.4408776345543372, 0.42768771908222103, 0.4472450913909154, 0.45623524238665897, 0.43117442774849063, 0.4478706367886983, 0.4406938741986568, 0.4412332061582651, 0.44258218869949, 0.4385640083406216, 0.43671715708497244, 0.45395800929803115, 0.4371947760765369, 0.43148499192335665, 0.4461539597847523, 0.44003731690538234, 0.46313003746744913, 0.4451227121246167, 0.4580983240634967, 0.44075186397784794, 0.4388481229543686, 0.4396836645901203, 0.46194348961879045, 0.4498507392903169, 0.43672482526073086, 0.44990878007732904, 0.4432350360812285, 0.46383428993897563, 0.4530282228803023, 0.44306378888014036, 0.4413527832963528, 0.4728716451388139, 0.45799902473122645, 0.4440391610066096, 0.4481566832042657, 0.44774442796523756, 0.47402076251231706, 0.4589916370235957, 0.4588652375416878, 0.4651624095172454, 0.47388961519568396, 0.45193708258179516]
Validation ROC AUC: 0.8894411125009021
Validation Confusion Matrix: [[9175, 1312], [217, 704]]
Validation Precision: 0.3492063492063492
Validation Recall: 0.7643865363735071
Validation F1 Score: 0.4794007490636704
Validation Accuracy: 0.8659712482468443
Test ROC AUC: 0.8934419648856623
Test Confusion Matrix: [[11318, 1759], [245, 938]]
Test Precision: 0.3477938450129774
Test Recall: 0.7928994082840237
Test F1 Score: 0.48350515463917526
Test Accuracy: 0.8594670406732118
Validation Set Size: 11408
Test Set Size: 14260
