Enhancer: E24A3
Label: mm_v_all
Padding: True
Batch Size: 256
Learning Rate: 2e-06
Epochs: 1000
Subset: 1.0 (number of training samples: 52717)
Weight Decay: 0.01
Optimizer: adam
Coverage: 1
Jiggle: 3
Confusion Matrix: [[0.6892753221560205, 0.3107246778439795], [0.4212328767123288, 0.5787671232876712]]
Unnormalized Confusion Matrix: [[9949, 4485], [861, 1183]]
Number of Epochs: 200
Train Losses: [0.6936655657962688, 0.693190259551539, 0.6925946563771628, 0.692182814611972, 0.6917475352009523, 0.6912294293491585, 0.690853657074345, 0.6901965502975056, 0.6899102781582804, 0.68898708206936, 0.688726647964959, 0.6879051481057139, 0.6874266136618494, 0.6868930079983276, 0.6864730759153088, 0.6859213553586052, 0.6849342804510616, 0.6841531100782375, 0.6835114979049535, 0.6824213836378265, 0.6816259929277364, 0.6809111740982648, 0.6797357942294149, 0.6790627087782888, 0.6783076628897954, 0.6788357904235136, 0.6776707649809642, 0.6770179205149123, 0.6757036435951307, 0.6760363720574425, 0.6747507166515276, 0.6746332390794476, 0.6740718096205331, 0.6731585570909444, 0.6722169616847362, 0.670660539159497, 0.670628024825772, 0.6706071218240608, 0.6692041285987039, 0.667851425490333, 0.6663984190491796, 0.6667693132914386, 0.664196937697605, 0.663106232881546, 0.6615748119007037, 0.6593200321336394, 0.6594374202987523, 0.6572005959969123, 0.6556947616118829, 0.654239080484631, 0.651503626293349, 0.6497621443665144, 0.646629300800342, 0.6459308425778324, 0.6416135450590004, 0.6402009589579499, 0.6390536109220635, 0.6373959189479791, 0.6350140467430782, 0.6338687605649522, 0.6335963933791929, 0.6325451699854101, 0.6294469590325957, 0.6281414824782066, 0.626365155560299, 0.6255374620261701, 0.6252227312731511, 0.6241710909361978, 0.6226418449462039, 0.6205667480103021, 0.6215786560646539, 0.6199244281041969, 0.6174769433378016, 0.6175315547915339, 0.6156487120586691, 0.6157953137332953, 0.6169422176277753, 0.6144811132000488, 0.611991204972406, 0.6100455042227958, 0.6108226457845818, 0.6099735967163901, 0.6092794175865581, 0.6089309856150914, 0.6085396417715017, 0.6060485171461568, 0.6052533888701096, 0.6044382172302135, 0.6009543150374033, 0.6023706675154491, 0.601055550343782, 0.6016453333850046, 0.5988492962804813, 0.5995830283002946, 0.5994048361639375, 0.5962241086566332, 0.5962850590354031, 0.5964818145464925, 0.5940284925757102, 0.5930591500499873, 0.5921761347252188, 0.59351156087755, 0.5910095896535706, 0.5911891168182336, 0.5907265937444076, 0.5913856634237233, 0.5865052599930068, 0.5874400980842923, 0.5837186627017642, 0.5872673985448856, 0.5866111323092748, 0.5855415801978806, 0.5834582905167515, 0.5821115360097978, 0.5832313765021204, 0.5812876317107561, 0.5791919057809033, 0.577688712807535, 0.5793170356056065, 0.5807395849413085, 0.5773277302968849, 0.5776267728759247, 0.5763209644451882, 0.5758651101473465, 0.576449705848416, 0.57547359906354, 0.5734773298490394, 0.5734034524959268, 0.5718611088192579, 0.5713906759775959, 0.5718343498058689, 0.5658684106706415, 0.5702960010871146, 0.5717208411508393, 0.5696736519197816, 0.5714170436546641, 0.5639333643959564, 0.5655064171957738, 0.5618790364959865, 0.5633847074022571, 0.5616622370423623, 0.5614218840610634, 0.560717257191834, 0.5607410475467015, 0.5598739188851662, 0.561445009650536, 0.558424287340016, 0.5546660683687451, 0.5572375296389015, 0.5569796889152342, 0.5548395330755456, 0.5551986844794264, 0.5571350226703199, 0.5517137964952339, 0.5529554606352037, 0.5498302560118795, 0.5501085592126383, 0.5522492590170462, 0.5500685772270832, 0.5494682166761565, 0.5509349177184614, 0.5451998862537365, 0.541585358890515, 0.545812854344405, 0.5461772023474128, 0.5447191248819666, 0.544009383008318, 0.5421565091147006, 0.5424207347689323, 0.5432770139384038, 0.5399502232236769, 0.5356724181221527, 0.5367615144808315, 0.5375327117813443, 0.5359836055815799, 0.5351929501133058, 0.5362002803283987, 0.5358870858416974, 0.5323406486835295, 0.5294124837060576, 0.5269758260076486, 0.5309977768694313, 0.5326095867214851, 0.5277795920383583, 0.5302055399973415, 0.5243886425657179, 0.5247662874680121, 0.5241738041338412, 0.5247296291647605, 0.5263914400802076, 0.5238127738816066, 0.5209694273263505, 0.5208392504928181, 0.5201351853828986, 0.5170978707017251, 0.5199308560311215, 0.518017492682031, 0.5134961645580033, 0.5148004707202171, 0.5160942199160752]
Validation Losses: [0.6929531613221536, 0.6922415632468003, 0.6918532836895722, 0.6913725034548686, 0.6908949854282233, 0.6903730951822721, 0.6897283517397367, 0.6893459420937759, 0.6883591894920056, 0.6883954577721082, 0.6871769049992928, 0.6863864820737106, 0.6860391107889322, 0.6849425320441906, 0.6842487454414368, 0.6834697952637305, 0.6818284071408786, 0.6817337240164096, 0.6808313991014774, 0.6804215266154363, 0.6787819976990039, 0.6779219874968896, 0.679008730329, 0.6763808257304705, 0.6754393634887842, 0.6730462530484567, 0.6725626954665551, 0.6724853962659836, 0.6722373813390732, 0.6718537016556814, 0.6726646136779052, 0.6712857083632395, 0.6702396273612976, 0.667468032011619, 0.6691175745083735, 0.6684934347867966, 0.6678846558699241, 0.6666992501570628, 0.6664575235201762, 0.6622851983858988, 0.6616359777175463, 0.6617664362375553, 0.6606153054879262, 0.6579816685273097, 0.6572416298664533, 0.6570968673779414, 0.6571498341285266, 0.6547718861928353, 0.6535195444638913, 0.6501587400069604, 0.6480156653202497, 0.6466285414420642, 0.6459196347456712, 0.6440415909657111, 0.641493498132779, 0.6379866898059845, 0.6362527173299056, 0.6356800553890375, 0.6344590576795431, 0.6342466863302084, 0.6304874420166016, 0.6295507917037377, 0.6294553600824796, 0.6286495855221381, 0.6261583280104858, 0.6243538650182577, 0.6306182489945338, 0.6246560319111898, 0.6255895220316373, 0.6283530157345992, 0.6243053686160308, 0.6237119218477836, 0.6248313853373895, 0.6210460330431278, 0.6201928624740014, 0.62434305365269, 0.6212274019534771, 0.6168012561706396, 0.617408057818046, 0.6174549953295634, 0.6195321105993711, 0.6198878368506064, 0.6190787932047477, 0.6209475524150408, 0.617805940600542, 0.6166984450358611, 0.6162338222448642, 0.6161804932814378, 0.6132286924582261, 0.6193797680047842, 0.6172236559482721, 0.6106711832376627, 0.6104637556351148, 0.6147480102685782, 0.6117659784280337, 0.6121152375753109, 0.6112804366992071, 0.6161312117026403, 0.612804481616387, 0.6098830241423386, 0.6160613768375837, 0.6153303957902468, 0.6155123481383691, 0.6138853304661237, 0.6151649057865143, 0.614701237816077, 0.6182803442844977, 0.6135784765848746, 0.6143546574390851, 0.6123471546631593, 0.6119544506072998, 0.6180102676153183, 0.6185207011607977, 0.615120509496102, 0.6139539308272876, 0.617334511417609, 0.6143845216586039, 0.6177160292863846, 0.6159988779288071, 0.6193899649840134, 0.6217652570742828, 0.620691431256441, 0.6211419770350823, 0.6109601144607251, 0.6174765561635678, 0.6184931936172339, 0.6204820493092904, 0.6113045719953684, 0.6180221083072516, 0.6161190638175378, 0.6192418715128531, 0.618481647509795, 0.6224851665588526, 0.6220208417910796, 0.6192204104020045, 0.6202885118814615, 0.6191297758084077, 0.6222649010328146, 0.6199119824629563, 0.6223560938468347, 0.6282946536174188, 0.6249201561395938, 0.6253322248275464, 0.6229471518443181, 0.6225834305469806, 0.620226807319201, 0.6251415186203443, 0.6263128003248801, 0.6260821303495994, 0.625757152071366, 0.6285295257201562, 0.6318465711978766, 0.6217303413611192, 0.6244992017745972, 0.625349202981362, 0.6340765001682135, 0.6390430285380437, 0.6292939197558624, 0.627851019685085, 0.6289550742277732, 0.6374702247289511, 0.6314323716438733, 0.6361625584272238, 0.6396174797644982, 0.6333255790747129, 0.6412204756186559, 0.6352733751902213, 0.6366753738660079, 0.6351600747842056, 0.6445031956984446, 0.6474803032783362, 0.6383965726082141, 0.6382106107014877, 0.6447601937330686, 0.6384848608420446, 0.6419045890753086, 0.6415843952160615, 0.6469809458805964, 0.6438268755490963, 0.6464053954069431, 0.6530481565457124, 0.6497247322247579, 0.6412302037844291, 0.6395777578537281, 0.6490720304159018, 0.6631619689556268, 0.6505940957711294, 0.6551498151742495, 0.6505470344653497, 0.6602378900234516, 0.6457632195491058, 0.6575680753359427, 0.6638822876490079, 0.6596373663498805, 0.6565994551548591, 0.6632933353002255, 0.6684529311381854, 0.6601528513890046, 0.6681991643630542, 0.6660785388488036]
Validation ROC AUC: 0.6789557249807061
Validation Confusion Matrix: [[1105, 529], [108, 141]]
Validation Precision: 0.21044776119402986
Validation Recall: 0.5662650602409639
Validation F1 Score: 0.3068552774755169
Validation Accuracy: 0.6617100371747212
Test ROC AUC: 0.6971885255703334
Test Confusion Matrix: [[1405, 657], [118, 174]]
Test Precision: 0.20938628158844766
Test Recall: 0.5958904109589042
Test F1 Score: 0.3098842386464827
Test Accuracy: 0.6707731520815633
Validation Set Size: 1883
Test Set Size: 2354
