Enhancer: E23G7
Label: mm_v_all
Padding: True
Batch Size: 256
Learning Rate: 2e-06
Epochs: 1000
Subset: 1.0 (number of training samples: 469)
Weight Decay: 0.01
Optimizer: adam
Coverage: 1
Jiggle: 3
Confusion Matrix: [[1.0]]
Unnormalized Confusion Matrix: [[147]]
Number of Epochs: 1000
Train Losses: [0.5962876677513123, 0.5964190065860748, 0.5960302650928497, 0.5952643156051636, 0.5951882004737854, 0.5937406718730927, 0.5952802002429962, 0.5937013924121857, 0.5941343903541565, 0.593242347240448, 0.5932793617248535, 0.5917631685733795, 0.5913709700107574, 0.5917663872241974, 0.5914383232593536, 0.5912581980228424, 0.5898208618164062, 0.5898589193820953, 0.5877273380756378, 0.5884355902671814, 0.5885259211063385, 0.5881502032279968, 0.5879790484905243, 0.5879307687282562, 0.5874229967594147, 0.5851558446884155, 0.5844234824180603, 0.5858114063739777, 0.5837953686714172, 0.5838715732097626, 0.583408534526825, 0.5826826691627502, 0.581533670425415, 0.5823593139648438, 0.5808959305286407, 0.5806472897529602, 0.5795316696166992, 0.5809137523174286, 0.5810521245002747, 0.5790790915489197, 0.5785880386829376, 0.5783396065235138, 0.5779988467693329, 0.5784657597541809, 0.577658087015152, 0.576347678899765, 0.5772731304168701, 0.576468288898468, 0.5758837461471558, 0.5762392580509186, 0.5733946263790131, 0.5739797055721283, 0.5749188959598541, 0.573574960231781, 0.5736260116100311, 0.5734207928180695, 0.5719178020954132, 0.5721392929553986, 0.570265382528305, 0.5706785023212433, 0.5717350244522095, 0.570475161075592, 0.5696719288825989, 0.5690921247005463, 0.5690251290798187, 0.5693401396274567, 0.5682945549488068, 0.566669225692749, 0.56761434674263, 0.5647357404232025, 0.5666017830371857, 0.5652418732643127, 0.5653396844863892, 0.5639449656009674, 0.5654098987579346, 0.5630215406417847, 0.5625060498714447, 0.5629234910011292, 0.5634555518627167, 0.5633887052536011, 0.5613698065280914, 0.5622693598270416, 0.5605016350746155, 0.5616377592086792, 0.559486448764801, 0.5578365623950958, 0.5576618015766144, 0.5595490634441376, 0.5581248700618744, 0.5579463243484497, 0.5573247373104095, 0.5569632351398468, 0.5581288039684296, 0.5565782487392426, 0.5556777715682983, 0.5559819042682648, 0.5559775531291962, 0.5537188351154327, 0.5550427734851837, 0.5541031062602997, 0.5540015697479248, 0.5513361692428589, 0.5548011064529419, 0.5532390177249908, 0.5519978106021881, 0.5512326955795288, 0.5523473024368286, 0.5497633218765259, 0.5497101545333862, 0.5483705401420593, 0.5480468273162842, 0.5473187863826752, 0.5483162701129913, 0.5487268567085266, 0.5480692386627197, 0.5462361574172974, 0.5469175577163696, 0.5478266775608063, 0.5447545349597931, 0.5464354455471039, 0.5446114838123322, 0.5441266894340515, 0.5439260601997375, 0.5438178479671478, 0.5446831583976746, 0.5440593659877777, 0.5413902103900909, 0.5420423448085785, 0.5412839651107788, 0.5408759117126465, 0.5403415858745575, 0.5410144627094269, 0.5396041870117188, 0.5401433706283569, 0.5393451750278473, 0.5396635234355927, 0.539274126291275, 0.5387738943099976, 0.5362230837345123, 0.5374440252780914, 0.536890298128128, 0.5356936454772949, 0.5363008081912994, 0.5359625816345215, 0.5358532667160034, 0.5350112617015839, 0.5336994826793671, 0.5343481004238129, 0.533369392156601, 0.532594233751297, 0.5327109098434448, 0.5326292514801025, 0.5327656865119934, 0.5313253998756409, 0.5306701064109802, 0.5307295322418213, 0.5293767154216766, 0.5306779444217682, 0.528217613697052, 0.5283609628677368, 0.5297715961933136, 0.5281692147254944, 0.5267497301101685, 0.5277284681797028, 0.5275132656097412, 0.5284171104431152, 0.5270652770996094, 0.5269224643707275, 0.5266953408718109, 0.5237208902835846, 0.5242333710193634, 0.5241426229476929, 0.5240439772605896, 0.5233016610145569, 0.5224955081939697, 0.5222711265087128, 0.5234619677066803, 0.5209231972694397, 0.522217869758606, 0.5218305289745331, 0.5222949981689453, 0.5190088450908661, 0.5176766514778137, 0.5189594328403473, 0.5182469487190247, 0.5186977982521057, 0.5178772211074829, 0.5169671773910522, 0.5167732536792755, 0.5164311826229095, 0.5147302746772766, 0.5167457163333893, 0.514898955821991, 0.5153538286685944, 0.5147088170051575, 0.5141961574554443, 0.5157224833965302, 0.5140159130096436, 0.5145641565322876, 0.5131797790527344, 0.5122798085212708, 0.5119799375534058, 0.5133765637874603, 0.5113745629787445, 0.5107558965682983, 0.5107745826244354, 0.5094523727893829, 0.5102822482585907, 0.5110322535037994, 0.5101459920406342, 0.5092951953411102, 0.5073542296886444, 0.5057830214500427, 0.5060404539108276, 0.5060070157051086, 0.5048351585865021, 0.5080559253692627, 0.5067682564258575, 0.5048610270023346, 0.5043885409832001, 0.5047314167022705, 0.5053117573261261, 0.5045251250267029, 0.5034650266170502, 0.5032514333724976, 0.503034770488739, 0.5032940804958344, 0.5021761357784271, 0.5018628835678101, 0.5009916424751282, 0.5017791390419006, 0.5010950267314911, 0.5006239712238312, 0.49997879564762115, 0.49866776168346405, 0.4990045130252838, 0.4993610233068466, 0.4982532411813736, 0.49764151871204376, 0.49873799085617065, 0.4964969903230667, 0.49695733189582825, 0.4943331778049469, 0.4964186102151871, 0.4943181872367859, 0.49563129246234894, 0.49419716000556946, 0.4944497346878052, 0.4925779551267624, 0.49327075481414795, 0.4923546761274338, 0.49154098331928253, 0.4924180507659912, 0.4900917112827301, 0.49138475954532623, 0.4927061200141907, 0.4901478737592697, 0.4906969964504242, 0.4896511882543564, 0.488970547914505, 0.48924678564071655, 0.4892764687538147, 0.4884803593158722, 0.48773957788944244, 0.4883536249399185, 0.48843617737293243, 0.4866112768650055, 0.48539066314697266, 0.4867214411497116, 0.48635251820087433, 0.4838356077671051, 0.4852650612592697, 0.48485587537288666, 0.48406487703323364, 0.48510824143886566, 0.483701154589653, 0.48429250717163086, 0.48234209418296814, 0.48196905851364136, 0.4812505841255188, 0.4811505079269409, 0.4817675054073334, 0.4825367331504822, 0.48076367378234863, 0.48018671572208405, 0.48041364550590515, 0.4789227545261383, 0.4804838001728058, 0.4775928854942322, 0.4779765158891678, 0.4771047681570053, 0.4770072400569916, 0.4765997976064682, 0.4776579737663269, 0.47610756754875183, 0.4768659621477127, 0.47546032071113586, 0.4753514975309372, 0.47367504239082336, 0.47316378355026245, 0.4724842458963394, 0.4746195673942566, 0.4737720787525177, 0.4732479602098465, 0.4723554700613022, 0.4723736345767975, 0.4709334224462509, 0.4710482209920883, 0.471100315451622, 0.4703690707683563, 0.46969783306121826, 0.4695634990930557, 0.4703845977783203, 0.46838054060935974, 0.4696352928876877, 0.46935583651065826, 0.46809881925582886, 0.4655296951532364, 0.4672292470932007, 0.4668138772249222, 0.4656541794538498, 0.46523919701576233, 0.4657721370458603, 0.46518801152706146, 0.46622227132320404, 0.46328751742839813, 0.46406470239162445, 0.4622237980365753, 0.46371546387672424, 0.4633578807115555, 0.462832972407341, 0.4629221111536026, 0.4614682197570801, 0.4598805755376816, 0.46149542927742004, 0.4614957273006439, 0.4601149410009384, 0.4613737314939499, 0.4612390398979187, 0.45932719111442566, 0.45980219542980194, 0.45872606337070465, 0.4563867151737213, 0.4572748839855194, 0.457831472158432, 0.456671804189682, 0.4563703387975693, 0.45654863119125366, 0.45607660710811615, 0.45539940893650055, 0.45448383688926697, 0.45573224127292633, 0.4554210901260376, 0.4546613246202469, 0.4524160325527191, 0.45299623906612396, 0.4505452960729599, 0.45278194546699524, 0.45169487595558167, 0.4537973999977112, 0.45119109749794006, 0.4531807601451874, 0.45159243047237396, 0.4516156017780304, 0.45004044473171234, 0.4501100182533264, 0.4498768299818039, 0.44910113513469696, 0.4475492089986801, 0.44738537073135376, 0.448237881064415, 0.44791465997695923, 0.4492105096578598, 0.44753146171569824, 0.4475303143262863, 0.4458681643009186, 0.4456373006105423, 0.4457600563764572, 0.44644472002983093, 0.4458300918340683, 0.44456520676612854, 0.44477678835392, 0.44404229521751404, 0.44249629974365234, 0.4426824003458023, 0.44284746050834656, 0.4425320476293564, 0.4436025470495224, 0.440309539437294, 0.44105449318885803, 0.44117867946624756, 0.44003497064113617, 0.4406905919313431, 0.4395143836736679, 0.43851253390312195, 0.4377996325492859, 0.43796855211257935, 0.4387919008731842, 0.43886682391166687, 0.43626485764980316, 0.4377443790435791, 0.4360654652118683, 0.43577590584754944, 0.43796730041503906, 0.4355787932872772, 0.43516960740089417, 0.43663251399993896, 0.4354531317949295, 0.43350958824157715, 0.43169043958187103, 0.43386684358119965, 0.4326486587524414, 0.43275322020053864, 0.43364177644252777, 0.431934654712677, 0.43132002651691437, 0.43243055045604706, 0.43035101890563965, 0.4318271279335022, 0.42972561717033386, 0.42997315526008606, 0.431022971868515, 0.42975078523159027, 0.4307105988264084, 0.42844367027282715, 0.42884859442710876, 0.42874056100845337, 0.42721588909626007, 0.42648909986019135, 0.42638644576072693, 0.4273991584777832, 0.4275039732456207, 0.4260551184415817, 0.42585381865501404, 0.42542868852615356, 0.4237706959247589, 0.4254213720560074, 0.42448218166828156, 0.42343176901340485, 0.42380668222904205, 0.42451655864715576, 0.42303478717803955, 0.42252638936042786, 0.4236046373844147, 0.42315058410167694, 0.4220285266637802, 0.42235052585601807, 0.4216933846473694, 0.4212939441204071, 0.4201231002807617, 0.4202740639448166, 0.4208038002252579, 0.41918495297431946, 0.41995689272880554, 0.42156314849853516, 0.4185629040002823, 0.418433278799057, 0.4172348082065582, 0.41773976385593414, 0.41644327342510223, 0.41717272996902466, 0.4165278226137161, 0.4163863807916641, 0.4155389368534088, 0.4152243137359619, 0.41567879915237427, 0.4151099622249603, 0.4148076921701431, 0.41561201214790344, 0.4132692366838455, 0.4138249605894089, 0.41418588161468506, 0.4130185544490814, 0.411622554063797, 0.4123849421739578, 0.4122619181871414, 0.41148853302001953, 0.4112679660320282, 0.4110911786556244, 0.41100360453128815, 0.41180558502674103, 0.4101235717535019, 0.4099067449569702, 0.40903033316135406, 0.4088441729545593, 0.4091509282588959, 0.4090780019760132, 0.40737469494342804, 0.40699318051338196, 0.40859194099903107, 0.4072592854499817, 0.40598855912685394, 0.40628334879875183, 0.40596041083335876, 0.4043225347995758, 0.4052707701921463, 0.40582509338855743, 0.4049813747406006, 0.4056030660867691, 0.4048592448234558, 0.4042278081178665, 0.40443384647369385, 0.40542811155319214, 0.4020931273698807, 0.403297558426857, 0.4021138399839401, 0.4032677412033081, 0.4014017581939697, 0.4023883789777756, 0.4017770439386368, 0.39947812259197235, 0.4002980440855026, 0.39989644289016724, 0.4001942276954651, 0.397953599691391, 0.400069922208786, 0.3992837965488434, 0.3995081037282944, 0.40089549124240875, 0.3966284841299057, 0.3975248336791992, 0.39761318266391754, 0.39841732382774353, 0.3958399146795273, 0.39609722793102264, 0.397867888212204, 0.39626844227313995, 0.396284744143486, 0.39442895352840424, 0.39571206271648407, 0.3948304057121277, 0.3959704041481018, 0.39557407796382904, 0.3950916528701782, 0.3925991654396057, 0.3932740241289139, 0.3923198878765106, 0.3929668366909027, 0.39289402961730957, 0.39252011477947235, 0.39172613620758057, 0.3906164616346359, 0.3917243033647537, 0.3900442123413086, 0.38975489139556885, 0.39027099311351776, 0.39004509150981903, 0.3895772099494934, 0.3884189575910568, 0.38860850036144257, 0.3895855247974396, 0.3885173350572586, 0.388747900724411, 0.3890684098005295, 0.3880688399076462, 0.3869539797306061, 0.38698185980319977, 0.38572829961776733, 0.387098491191864, 0.3856678754091263, 0.3859883248806, 0.3870214521884918, 0.383736252784729, 0.38401804864406586, 0.384296178817749, 0.38381923735141754, 0.383666068315506, 0.38524186611175537, 0.3836379498243332, 0.3819454312324524, 0.38381943106651306, 0.3811347484588623, 0.3819890767335892, 0.3821480870246887, 0.3810751140117645, 0.3810361921787262, 0.38208645582199097, 0.38055601716041565, 0.3817426711320877, 0.380216121673584, 0.38020162284374237, 0.38032566010951996, 0.37960341572761536, 0.37938669323921204, 0.3783297836780548, 0.3783307373523712, 0.37865324318408966, 0.37759825587272644, 0.3770256042480469, 0.3779948651790619, 0.3762156516313553, 0.37773852050304413, 0.37683355808258057, 0.3776177614927292, 0.37574130296707153, 0.3776884078979492, 0.37559594213962555, 0.37573210895061493, 0.37525469064712524, 0.3738893121480942, 0.37397854030132294, 0.3739369809627533, 0.37369222939014435, 0.37335191667079926, 0.3736383318901062, 0.3739708513021469, 0.37387359142303467, 0.3712720572948456, 0.3704976737499237, 0.3712214231491089, 0.3719449043273926, 0.37199658155441284, 0.3716079592704773, 0.369226410984993, 0.3711795508861542, 0.3696051388978958, 0.3696121573448181, 0.37094399333000183, 0.36930708587169647, 0.3678797632455826, 0.3686927855014801, 0.3682982176542282, 0.3678164929151535, 0.3676532655954361, 0.3682173788547516, 0.36688634753227234, 0.3670195937156677, 0.3683956116437912, 0.36542968451976776, 0.367424339056015, 0.3661852180957794, 0.36603404581546783, 0.3648766130208969, 0.36594609916210175, 0.3652593195438385, 0.36532287299633026, 0.363961786031723, 0.3644045889377594, 0.36276715993881226, 0.3647102415561676, 0.36286891996860504, 0.3643696457147598, 0.36403602361679077, 0.3637974113225937, 0.3619298189878464, 0.3615966737270355, 0.36223238706588745, 0.3624906837940216, 0.36205948889255524, 0.3615717738866806, 0.35990411043167114, 0.3610515296459198, 0.3593195676803589, 0.36026984453201294, 0.3602965176105499, 0.3607298284769058, 0.3587416857481003, 0.35905981063842773, 0.3589092791080475, 0.3577771633863449, 0.3589104861021042, 0.35756872594356537, 0.3580282926559448, 0.35782425105571747, 0.35651959478855133, 0.35675959289073944, 0.3569446951150894, 0.3568299561738968, 0.3567061573266983, 0.3574417233467102, 0.3569096475839615, 0.35428255796432495, 0.35549740493297577, 0.3549264520406723, 0.35584163665771484, 0.3537544161081314, 0.3546321839094162, 0.3529909998178482, 0.3540665805339813, 0.35242050886154175, 0.35274744033813477, 0.3507808446884155, 0.35283786058425903, 0.35167309641838074, 0.3518774062395096, 0.35168328881263733, 0.3515176326036453, 0.3531383275985718, 0.35010580718517303, 0.34925369918346405, 0.35108865797519684, 0.35152073204517365, 0.3498499095439911, 0.34957846999168396, 0.3482757806777954, 0.348871573805809, 0.3482227921485901, 0.34788472950458527, 0.34768351912498474, 0.3467699885368347, 0.3485744446516037, 0.3483530730009079, 0.34757038950920105, 0.3458644896745682, 0.3465990722179413, 0.3466879576444626, 0.34562940895557404, 0.34572070837020874, 0.34653225541114807, 0.3452448546886444, 0.3448926955461502, 0.34498029947280884, 0.3437119573354721, 0.34609372913837433, 0.3432306796312332, 0.3445099741220474, 0.343045711517334, 0.34386858344078064, 0.34381355345249176, 0.343506321310997, 0.3431835472583771, 0.34287025034427643, 0.3441932648420334, 0.3412099778652191, 0.34094253182411194, 0.34220337867736816, 0.3412223607301712, 0.3410307765007019, 0.3417840749025345, 0.339901939034462, 0.3408175855875015, 0.3402211517095566, 0.33834323287010193, 0.33861052989959717, 0.3396712392568588, 0.33948156237602234, 0.33888697624206543, 0.33858947455883026, 0.3381417691707611, 0.33819083869457245, 0.3368098735809326, 0.33793583512306213, 0.3378186523914337, 0.3365660458803177, 0.3369114249944687, 0.33604978024959564, 0.3368093818426132, 0.33585673570632935, 0.3358130156993866, 0.33553972840309143, 0.3363382816314697, 0.3365769684314728, 0.3333960026502609, 0.3346557170152664, 0.3334871381521225, 0.33367085456848145, 0.3345967233181, 0.33278971910476685, 0.33380812406539917, 0.3320162296295166, 0.33217525482177734, 0.3329389840364456, 0.3311651796102524, 0.33183321356773376, 0.3323013633489609, 0.3311941623687744, 0.33098989725112915, 0.33146820962429047, 0.3316023051738739, 0.33156612515449524, 0.33037494122982025, 0.3308591991662979, 0.330399826169014, 0.33013515174388885, 0.32988452911376953, 0.3289095163345337, 0.33027075231075287, 0.3283982574939728, 0.3292028158903122, 0.3293042778968811, 0.3275001496076584, 0.3278914839029312, 0.328016072511673, 0.32635538280010223, 0.3263999670743942, 0.3280116617679596, 0.3274128586053848, 0.32692717015743256, 0.3257174491882324, 0.32611459493637085, 0.3251141160726547, 0.3267185389995575, 0.3252798169851303, 0.32477501034736633, 0.3249933570623398, 0.32628796994686127, 0.3255297839641571, 0.32399024069309235, 0.32234571874141693, 0.3234306126832962, 0.32455025613307953, 0.323090597987175, 0.3235270828008652, 0.3231588155031204, 0.322517991065979, 0.32294704020023346, 0.3226217031478882, 0.32228049635887146, 0.3215733766555786, 0.3215266317129135, 0.3215716779232025, 0.3214624971151352, 0.32079508900642395, 0.3208659887313843, 0.31964559853076935, 0.32069115340709686, 0.3195011168718338, 0.319838210940361, 0.31960971653461456, 0.31884175539016724, 0.3192768841981888, 0.3195754885673523, 0.31823261082172394, 0.3199009597301483, 0.3174349367618561, 0.3177690804004669, 0.3182274401187897, 0.3166743814945221, 0.31792783737182617, 0.3159175217151642, 0.31578361988067627, 0.31608958542346954, 0.315277561545372, 0.3158171474933624, 0.3154051601886749, 0.31545208394527435, 0.3152224123477936, 0.3142142593860626, 0.3141721338033676, 0.31542202830314636, 0.3150241822004318, 0.3148770034313202, 0.31477032601833344, 0.3147544413805008, 0.31320950388908386, 0.3135877996683121, 0.31338436901569366, 0.3129299432039261, 0.31178881227970123, 0.3116377592086792, 0.3122786432504654, 0.3119318038225174, 0.31147782504558563, 0.311267614364624, 0.3115907162427902, 0.31122998893260956, 0.30955371260643005, 0.3106064796447754, 0.3105468302965164, 0.3105235993862152, 0.310337170958519, 0.3095134049654007, 0.309860497713089, 0.3087063133716583, 0.3079080730676651, 0.3085162341594696, 0.3081279844045639, 0.3077401965856552, 0.3066971004009247, 0.30837664008140564, 0.30772654712200165, 0.3076709508895874, 0.3069821745157242, 0.30898119509220123, 0.3068511039018631, 0.3068377673625946, 0.3064134865999222, 0.30697663128376007, 0.30524520576000214, 0.30554139614105225, 0.305489256978035, 0.3040766417980194, 0.3044188916683197, 0.3046576678752899, 0.3048728406429291, 0.3051072359085083, 0.30461931228637695, 0.3037087023258209, 0.3035423159599304, 0.30226460099220276, 0.30314551293849945, 0.303448349237442, 0.30248379707336426, 0.3008154332637787, 0.3025911897420883, 0.30303049087524414, 0.3032534420490265, 0.30218470096588135, 0.30087848007678986, 0.3016251176595688, 0.30145035684108734, 0.30108363926410675, 0.30100157856941223, 0.29911981523036957, 0.300415575504303, 0.30000433325767517, 0.29951895773410797, 0.2999059408903122, 0.30005820095539093, 0.2990757077932358, 0.29859521985054016, 0.2994326055049896, 0.2985934913158417, 0.2975316792726517, 0.29693059623241425, 0.29771551489830017, 0.2966320216655731, 0.29743583500385284, 0.2963588982820511, 0.29887932538986206, 0.2951560467481613, 0.29585616290569305, 0.2965770959854126, 0.2955949306488037, 0.2958504408597946, 0.2957160323858261, 0.29586996138095856, 0.2955228388309479, 0.29468393325805664, 0.29448772966861725, 0.29405970871448517, 0.2930344343185425, 0.2943204790353775, 0.2932979315519333, 0.292316734790802, 0.29324260354042053, 0.29364652931690216, 0.2931568920612335, 0.2934994697570801, 0.2926168292760849, 0.29360954463481903, 0.29207077622413635, 0.291812002658844, 0.2903338521718979, 0.29091939330101013, 0.28992030024528503, 0.29017698764801025, 0.29048943519592285, 0.29012520611286163, 0.28995348513126373, 0.28926514089107513, 0.2891662269830704, 0.2896265387535095, 0.2897738218307495, 0.29007649421691895, 0.29032422602176666, 0.28914183378219604, 0.28863759338855743, 0.2878102511167526, 0.2879148870706558, 0.2875501215457916, 0.288524329662323, 0.2877226918935776, 0.28759248554706573, 0.28646476566791534, 0.2868166118860245, 0.2869143486022949, 0.286577507853508, 0.28662826120853424, 0.2868066877126694, 0.2864268571138382, 0.285051628947258, 0.28594887256622314, 0.2854698449373245, 0.285571426153183, 0.2852145880460739, 0.28605642914772034, 0.28434041142463684, 0.28444695472717285, 0.28512442111968994, 0.284665584564209, 0.2840210348367691, 0.2836655527353287, 0.28423525393009186, 0.2836517095565796, 0.283522292971611, 0.2820091247558594, 0.2838098406791687, 0.28213369846343994, 0.2817520648241043, 0.28160056471824646, 0.2812986224889755, 0.2805984318256378, 0.2811066806316376, 0.2815674841403961, 0.28130267560482025, 0.28130191564559937, 0.279671311378479, 0.2796933948993683, 0.2800085097551346]
Validation Losses: [0.6622156500816345, 0.6594714522361755, 0.6566048264503479, 0.6540444493293762, 0.6513130068778992, 0.6487054228782654, 0.6466842889785767, 0.6449231505393982, 0.6431650519371033, 0.6414197683334351, 0.6401157975196838, 0.6389731764793396, 0.6377983093261719, 0.6359909772872925, 0.6343449354171753, 0.6323419213294983, 0.6307427287101746, 0.6288639903068542, 0.6269753575325012, 0.624819815158844, 0.6225728392601013, 0.6198473572731018, 0.6170358657836914, 0.6135339140892029, 0.609887421131134, 0.6072771549224854, 0.6037436127662659, 0.6004207134246826, 0.5981206297874451, 0.5952126979827881, 0.5925641059875488, 0.590336799621582, 0.5894299745559692, 0.5872159600257874, 0.5858550667762756, 0.5849656462669373, 0.5832262635231018, 0.5825201869010925, 0.581612229347229, 0.5803990960121155, 0.5800409913063049, 0.5793761014938354, 0.5780577063560486, 0.577277660369873, 0.5770584344863892, 0.5763875246047974, 0.5761235356330872, 0.5753772258758545, 0.5744960308074951, 0.5744913816452026, 0.5742922425270081, 0.5733943581581116, 0.5728408694267273, 0.5729668736457825, 0.5722258687019348, 0.5711613893508911, 0.5708926320075989, 0.5706944465637207, 0.5699828267097473, 0.5700029730796814, 0.5689449906349182, 0.5688636302947998, 0.5688779950141907, 0.5684888958930969, 0.5679671168327332, 0.5667299628257751, 0.5670934915542603, 0.5658091306686401, 0.5663051009178162, 0.5656235218048096, 0.5644884705543518, 0.5642943978309631, 0.5647271871566772, 0.5631492137908936, 0.5629890561103821, 0.5629429221153259, 0.5630385279655457, 0.5621277093887329, 0.5620371103286743, 0.5608410239219666, 0.5603926777839661, 0.5600693225860596, 0.5605573058128357, 0.5598039031028748, 0.5594092011451721, 0.558586597442627, 0.5575926899909973, 0.5580601096153259, 0.5570705533027649, 0.5571073889732361, 0.5570430159568787, 0.5561503767967224, 0.5551483631134033, 0.5552857518196106, 0.554192841053009, 0.5542203783988953, 0.5539401769638062, 0.5532063245773315, 0.5536602735519409, 0.5531832575798035, 0.552174985408783, 0.5514732599258423, 0.5510315895080566, 0.550739586353302, 0.5501692891120911, 0.5503726005554199, 0.5494663119316101, 0.5492216348648071, 0.5491045713424683, 0.548774003982544, 0.5479656457901001, 0.5476682186126709, 0.5472795963287354, 0.5468588471412659, 0.546457052230835, 0.5459302663803101, 0.5454021692276001, 0.5449353456497192, 0.5446649193763733, 0.5442561507225037, 0.5438532829284668, 0.5438705682754517, 0.5426669120788574, 0.5421140193939209, 0.5422649383544922, 0.5419725179672241, 0.5415369272232056, 0.5411770939826965, 0.5405330061912537, 0.5400986075401306, 0.539800226688385, 0.5390835404396057, 0.5392488241195679, 0.5386074781417847, 0.5375882983207703, 0.5370935797691345, 0.5372498631477356, 0.5367555618286133, 0.5363086462020874, 0.5358794927597046, 0.5358702540397644, 0.5353114008903503, 0.5350816249847412, 0.5342501401901245, 0.5338858962059021, 0.5331739783287048, 0.5337201356887817, 0.5328720211982727, 0.5323381423950195, 0.5319778919219971, 0.5315065979957581, 0.5311868786811829, 0.5304182171821594, 0.5300569534301758, 0.5296580195426941, 0.5294656157493591, 0.5293175578117371, 0.5287168025970459, 0.5287722945213318, 0.5281340479850769, 0.5279764533042908, 0.5272184610366821, 0.5260887145996094, 0.5266309380531311, 0.5261547565460205, 0.5258987545967102, 0.5247756242752075, 0.5250710248947144, 0.5243486166000366, 0.523543119430542, 0.5235781669616699, 0.5229969024658203, 0.522256076335907, 0.5225149393081665, 0.5216460824012756, 0.5208669900894165, 0.5207220315933228, 0.5206170082092285, 0.5200062394142151, 0.5199331641197205, 0.5197482109069824, 0.5188184380531311, 0.5189656615257263, 0.5178518891334534, 0.5179557800292969, 0.5173302292823792, 0.5171372294425964, 0.5164457559585571, 0.5159165859222412, 0.5161114931106567, 0.5151781439781189, 0.5148075222969055, 0.5147267580032349, 0.5136734843254089, 0.513994038105011, 0.513068675994873, 0.5127888917922974, 0.5127825140953064, 0.5122781991958618, 0.5118862986564636, 0.5108295679092407, 0.5106469988822937, 0.5109367966651917, 0.5105939507484436, 0.5095324516296387, 0.5086227655410767, 0.5085051655769348, 0.5090622305870056, 0.5078006386756897, 0.5076330304145813, 0.5065503716468811, 0.506642758846283, 0.5063993334770203, 0.5059481859207153, 0.5060179233551025, 0.5048862099647522, 0.5048730373382568, 0.5048436522483826, 0.5040320158004761, 0.5034729242324829, 0.5024694204330444, 0.5032528638839722, 0.501671314239502, 0.5020158290863037, 0.5018848776817322, 0.5009065270423889, 0.500535249710083, 0.5005320906639099, 0.5005471706390381, 0.4996134042739868, 0.4990634620189667, 0.49841389060020447, 0.4981359541416168, 0.497611939907074, 0.4972592890262604, 0.4968944787979126, 0.4968637228012085, 0.4957602024078369, 0.49635931849479675, 0.49586042761802673, 0.4951015114784241, 0.49418506026268005, 0.49407896399497986, 0.4935026168823242, 0.4932209551334381, 0.49259892106056213, 0.4923171401023865, 0.4922901391983032, 0.49186062812805176, 0.4908956289291382, 0.4909118115901947, 0.4896797239780426, 0.4900943636894226, 0.4898432493209839, 0.4890548586845398, 0.488939106464386, 0.48826584219932556, 0.48821157217025757, 0.48764678835868835, 0.48688381910324097, 0.4859563410282135, 0.48692786693573, 0.4856185019016266, 0.4861446022987366, 0.4853646159172058, 0.48513391613960266, 0.48374709486961365, 0.4835929274559021, 0.48334404826164246, 0.4833501875400543, 0.4826716184616089, 0.4819406270980835, 0.4812895357608795, 0.48117220401763916, 0.4811117649078369, 0.4806253910064697, 0.4802829325199127, 0.48099416494369507, 0.47911208868026733, 0.4789435863494873, 0.47815388441085815, 0.4781673550605774, 0.47769463062286377, 0.4771974980831146, 0.4776870608329773, 0.47637197375297546, 0.4768117368221283, 0.47579246759414673, 0.47569483518600464, 0.47489866614341736, 0.474589467048645, 0.47394055128097534, 0.4739832878112793, 0.473621129989624, 0.47302210330963135, 0.4730808138847351, 0.4714615046977997, 0.4720671772956848, 0.4713272750377655, 0.4712829887866974, 0.471167653799057, 0.4708292782306671, 0.46962466835975647, 0.46954214572906494, 0.46918413043022156, 0.4684789478778839, 0.4684605598449707, 0.46730974316596985, 0.4675017297267914, 0.46661216020584106, 0.4664447009563446, 0.466250479221344, 0.46653375029563904, 0.4652492105960846, 0.46548014879226685, 0.46468985080718994, 0.46462708711624146, 0.46385976672172546, 0.463748037815094, 0.4631710648536682, 0.4639410674571991, 0.4628022313117981, 0.4621444344520569, 0.4613454043865204, 0.46161237359046936, 0.4607432186603546, 0.460674911737442, 0.4606741666793823, 0.459545761346817, 0.45952659845352173, 0.45912355184555054, 0.4591416120529175, 0.4588955342769623, 0.4579518139362335, 0.4574737548828125, 0.45760995149612427, 0.457132488489151, 0.4564257264137268, 0.4562944173812866, 0.45552918314933777, 0.4552665054798126, 0.45469602942466736, 0.4551020562648773, 0.45434635877609253, 0.4540013074874878, 0.45321324467658997, 0.4527517557144165, 0.45258432626724243, 0.45241355895996094, 0.45158472657203674, 0.45219290256500244, 0.4505722224712372, 0.4515090882778168, 0.45093369483947754, 0.4499042332172394, 0.44950464367866516, 0.44931548833847046, 0.449443519115448, 0.44901973009109497, 0.44858038425445557, 0.447995662689209, 0.447426438331604, 0.4473150074481964, 0.4468812942504883, 0.4463808238506317, 0.4464060962200165, 0.44607824087142944, 0.44591736793518066, 0.4448474645614624, 0.444748193025589, 0.443671315908432, 0.4446399211883545, 0.4441327452659607, 0.4432578980922699, 0.4433252811431885, 0.4428327679634094, 0.44244396686553955, 0.44191354513168335, 0.4412713944911957, 0.44127529859542847, 0.4401354193687439, 0.44099539518356323, 0.44155174493789673, 0.439687043428421, 0.4401845932006836, 0.43898943066596985, 0.43837735056877136, 0.4388107359409332, 0.43835413455963135, 0.43772807717323303, 0.43763360381126404, 0.43783026933670044, 0.4361518621444702, 0.43648338317871094, 0.4361186623573303, 0.43617358803749084, 0.43551480770111084, 0.43528109788894653, 0.43429017066955566, 0.43425264954566956, 0.4340435862541199, 0.4336760342121124, 0.4330618977546692, 0.43349990248680115, 0.4320908486843109, 0.43282032012939453, 0.43179047107696533, 0.432110071182251, 0.43020808696746826, 0.4305723309516907, 0.42977750301361084, 0.43008697032928467, 0.4299485981464386, 0.4295866787433624, 0.4285321533679962, 0.42874544858932495, 0.42882591485977173, 0.42745208740234375, 0.4272111654281616, 0.4271792769432068, 0.42745304107666016, 0.42675790190696716, 0.4257695972919464, 0.4259650409221649, 0.4252263009548187, 0.4248942732810974, 0.42489370703697205, 0.4240386188030243, 0.42350462079048157, 0.4233805239200592, 0.42326119542121887, 0.42300358414649963, 0.42235690355300903, 0.42140674591064453, 0.42187219858169556, 0.42267072200775146, 0.42067310214042664, 0.4207860231399536, 0.42101818323135376, 0.4196167290210724, 0.4204140305519104, 0.4193456768989563, 0.4197368025779724, 0.4189760386943817, 0.4193401336669922, 0.41847050189971924, 0.4180138409137726, 0.41792720556259155, 0.4179671108722687, 0.41729333996772766, 0.4166659712791443, 0.4163925051689148, 0.4159766733646393, 0.4150095283985138, 0.41524970531463623, 0.41495639085769653, 0.41541221737861633, 0.41460874676704407, 0.4140721261501312, 0.4139655828475952, 0.4139857888221741, 0.41265392303466797, 0.4129560589790344, 0.41260427236557007, 0.4124695658683777, 0.41167309880256653, 0.410969614982605, 0.41166040301322937, 0.4110332727432251, 0.41068750619888306, 0.4109073579311371, 0.41019541025161743, 0.4100959599018097, 0.40882861614227295, 0.40847277641296387, 0.407448410987854, 0.40831732749938965, 0.4074253439903259, 0.4075527787208557, 0.407085657119751, 0.4067777395248413, 0.4061465561389923, 0.4053758680820465, 0.40610840916633606, 0.4057409167289734, 0.4041816294193268, 0.40518075227737427, 0.40542924404144287, 0.40461480617523193, 0.40352311730384827, 0.4032314717769623, 0.40404069423675537, 0.403173565864563, 0.4032383859157562, 0.40279924869537354, 0.4024477005004883, 0.40226253867149353, 0.40128543972969055, 0.4007706940174103, 0.40134596824645996, 0.4004025459289551, 0.40045642852783203, 0.3993724286556244, 0.3999972939491272, 0.39895784854888916, 0.3996961712837219, 0.3993978500366211, 0.3992437422275543, 0.397806853055954, 0.3975493609905243, 0.3970799446105957, 0.3968806862831116, 0.39762380719184875, 0.3963358998298645, 0.39641425013542175, 0.39609453082084656, 0.39524176716804504, 0.39545226097106934, 0.39560452103614807, 0.3946021497249603, 0.39408040046691895, 0.39353644847869873, 0.3935391902923584, 0.3932076692581177, 0.39433687925338745, 0.39272356033325195, 0.3929224908351898, 0.392744243144989, 0.39199990034103394, 0.3915524184703827, 0.39062973856925964, 0.3913767337799072, 0.3912423253059387, 0.3902580738067627, 0.39036473631858826, 0.38986387848854065, 0.39067184925079346, 0.3892081379890442, 0.3890661299228668, 0.38876208662986755, 0.38893046975135803, 0.38885998725891113, 0.3880579471588135, 0.3879489004611969, 0.38725611567497253, 0.3869397044181824, 0.38597971200942993, 0.38523879647254944, 0.38540080189704895, 0.3858788013458252, 0.3861143887042999, 0.38548561930656433, 0.38473090529441833, 0.38523274660110474, 0.38448163866996765, 0.3843189775943756, 0.38371068239212036, 0.38347679376602173, 0.3839114010334015, 0.3825107514858246, 0.3819883465766907, 0.38267332315444946, 0.38263967633247375, 0.38061243295669556, 0.3810816705226898, 0.3804408311843872, 0.380737841129303, 0.3803545832633972, 0.38071951270103455, 0.3793315291404724, 0.38018089532852173, 0.3789711594581604, 0.379404753446579, 0.3783237338066101, 0.37809139490127563, 0.3785739839076996, 0.3770647644996643, 0.37788596749305725, 0.37784579396247864, 0.37687256932258606, 0.3766276240348816, 0.3755154609680176, 0.37578585743904114, 0.375894695520401, 0.375468909740448, 0.37535542249679565, 0.3761444389820099, 0.3755854666233063, 0.37459930777549744, 0.3744032680988312, 0.37339866161346436, 0.37306156754493713, 0.3733300268650055, 0.3730171024799347, 0.3727836608886719, 0.37242409586906433, 0.37271395325660706, 0.3721086084842682, 0.3723190128803253, 0.3709314167499542, 0.3717300593852997, 0.37100228667259216, 0.3707065284252167, 0.37048372626304626, 0.3701261281967163, 0.3699769377708435, 0.3697284162044525, 0.37009960412979126, 0.3687829077243805, 0.3683152496814728, 0.3689959943294525, 0.368028461933136, 0.3677964508533478, 0.36692577600479126, 0.36819979548454285, 0.3667851388454437, 0.3671089708805084, 0.3668995797634125, 0.3662831485271454, 0.36616504192352295, 0.3663853406906128, 0.36551520228385925, 0.3647117614746094, 0.36554092168807983, 0.36455440521240234, 0.36462241411209106, 0.3648195266723633, 0.36423778533935547, 0.3644142150878906, 0.3638296127319336, 0.36320751905441284, 0.3625727891921997, 0.36252668499946594, 0.36228296160697937, 0.36180731654167175, 0.36216291785240173, 0.3604103624820709, 0.3606165647506714, 0.3612918555736542, 0.36158546805381775, 0.3609289824962616, 0.3597432076931, 0.3601602017879486, 0.3598267436027527, 0.35989683866500854, 0.3592979609966278, 0.35909080505371094, 0.35810616612434387, 0.35825613141059875, 0.35793837904930115, 0.35816892981529236, 0.3581875264644623, 0.3568214476108551, 0.35682156682014465, 0.3566395938396454, 0.3560064733028412, 0.35652250051498413, 0.3560578525066376, 0.35557013750076294, 0.3555780351161957, 0.35585248470306396, 0.355130136013031, 0.3548300266265869, 0.35496145486831665, 0.354493111371994, 0.35400912165641785, 0.35397809743881226, 0.3540416955947876, 0.3532925844192505, 0.35324957966804504, 0.35247141122817993, 0.35276731848716736, 0.3523402214050293, 0.3525911271572113, 0.35174760222435, 0.35098525881767273, 0.3503977358341217, 0.3506227433681488, 0.35014691948890686, 0.34995129704475403, 0.3506937623023987, 0.3498847484588623, 0.3492184281349182, 0.34966468811035156, 0.34930723905563354, 0.3489842414855957, 0.349208265542984, 0.3476540446281433, 0.3485482633113861, 0.34761470556259155, 0.3476131856441498, 0.3467825949192047, 0.3469755947589874, 0.3464824855327606, 0.345933735370636, 0.34616923332214355, 0.3462488651275635, 0.3456394076347351, 0.34600093960762024, 0.3459259867668152, 0.34510916471481323, 0.34526005387306213, 0.3447275161743164, 0.3440658450126648, 0.34388676285743713, 0.3443196713924408, 0.3436923921108246, 0.3437587022781372, 0.34295615553855896, 0.34301552176475525, 0.34292957186698914, 0.3424362242221832, 0.341735303401947, 0.34238654375076294, 0.34236767888069153, 0.3426331579685211, 0.3415343463420868, 0.34116029739379883, 0.3416864275932312, 0.34151095151901245, 0.33959129452705383, 0.34020888805389404, 0.3390791714191437, 0.3395695686340332, 0.3392140567302704, 0.3395528197288513, 0.3383011221885681, 0.33901941776275635, 0.3383181393146515, 0.3384351432323456, 0.3378194272518158, 0.33757251501083374, 0.33742275834083557, 0.33714190125465393, 0.337128221988678, 0.3368726074695587, 0.3360421359539032, 0.33643820881843567, 0.33663904666900635, 0.3356567621231079, 0.33511778712272644, 0.3348037004470825, 0.33517125248908997, 0.3350512981414795, 0.3345751464366913, 0.3340635597705841, 0.33404260873794556, 0.3343168795108795, 0.33374401926994324, 0.33360639214515686, 0.3334283232688904, 0.3324473202228546, 0.3326604664325714, 0.3327820897102356, 0.3325382173061371, 0.33186861872673035, 0.3311222791671753, 0.33190760016441345, 0.3312658667564392, 0.3317532241344452, 0.33096882700920105, 0.33131617307662964, 0.3301727771759033, 0.32952940464019775, 0.33005404472351074, 0.32963454723358154, 0.3295518457889557, 0.329075425863266, 0.32944849133491516, 0.32893460988998413, 0.329002320766449, 0.32883256673812866, 0.3285259008407593, 0.32772111892700195, 0.3277033865451813, 0.3274836242198944, 0.32764706015586853, 0.32767343521118164, 0.3270312547683716, 0.32608649134635925, 0.32560181617736816, 0.3261965215206146, 0.3255474865436554, 0.3255527913570404, 0.32541075348854065, 0.32472115755081177, 0.3247639536857605, 0.32518988847732544, 0.3247433304786682, 0.3241480588912964, 0.3245019018650055, 0.3240508437156677, 0.32323989272117615, 0.32334479689598083, 0.3230226933956146, 0.3222578167915344, 0.3229755461215973, 0.3221489489078522, 0.3223417103290558, 0.32108038663864136, 0.3214556574821472, 0.32206395268440247, 0.3210541009902954, 0.32091832160949707, 0.3207241892814636, 0.320677250623703, 0.32081764936447144, 0.3204452097415924, 0.31986796855926514, 0.31982603669166565, 0.31947216391563416, 0.31952106952667236, 0.31894293427467346, 0.31826749444007874, 0.31859514117240906, 0.3181765377521515, 0.3183842599391937, 0.3179170489311218, 0.3179996609687805, 0.3178163170814514, 0.3171454668045044, 0.31699350476264954, 0.3168858289718628, 0.3164274990558624, 0.31641635298728943, 0.3161987364292145, 0.31589463353157043, 0.3157237768173218, 0.3156099319458008, 0.31538620591163635, 0.3156058192253113, 0.3151754140853882, 0.31431844830513, 0.31412094831466675, 0.3145170509815216, 0.3140058219432831, 0.3134613335132599, 0.31338009238243103, 0.3139156401157379, 0.312896192073822, 0.3132960796356201, 0.31300193071365356, 0.3127330541610718, 0.312584787607193, 0.31262725591659546, 0.31207919120788574, 0.31205233931541443, 0.3118883967399597, 0.31069836020469666, 0.31127339601516724, 0.31067365407943726, 0.3106996715068817, 0.30983802676200867, 0.31010040640830994, 0.31025269627571106, 0.3098108768463135, 0.3088919520378113, 0.309400737285614, 0.3087524175643921, 0.30861613154411316, 0.3089626133441925, 0.3084810674190521, 0.3084171414375305, 0.30776771903038025, 0.30807971954345703, 0.30710354447364807, 0.3075708746910095, 0.30696138739585876, 0.3067583441734314, 0.30762967467308044, 0.3061448633670807, 0.3062357008457184, 0.3067106008529663, 0.3058818578720093, 0.30666685104370117, 0.3053872287273407, 0.3052562177181244, 0.30521854758262634, 0.30434566736221313, 0.30463775992393494, 0.3040599226951599, 0.30403250455856323, 0.3038733899593353, 0.30420026183128357, 0.303681343793869, 0.3039718270301819, 0.30256327986717224, 0.3023991286754608, 0.301972359418869, 0.30266550183296204, 0.30212152004241943, 0.3020756244659424, 0.3013186752796173, 0.3013600707054138, 0.30137771368026733, 0.30124807357788086, 0.30072152614593506, 0.30102887749671936, 0.3000229597091675, 0.29955172538757324, 0.2992933988571167, 0.29945382475852966, 0.29869499802589417, 0.2989967167377472, 0.2988051176071167, 0.29893815517425537, 0.2983833849430084, 0.29865163564682007, 0.29807350039482117, 0.2976827025413513, 0.297287255525589, 0.29732292890548706, 0.29652470350265503, 0.2962181568145752, 0.2963201105594635, 0.29670658707618713, 0.2960970997810364, 0.2965294420719147, 0.2954222857952118, 0.29517051577568054, 0.2951310873031616, 0.2952214777469635, 0.2947816550731659, 0.2944393455982208, 0.29459306597709656, 0.29460984468460083, 0.29417985677719116, 0.2942247986793518, 0.29372483491897583, 0.29360124468803406, 0.2931375503540039, 0.29292529821395874, 0.29287004470825195, 0.2928517162799835, 0.29161959886550903, 0.29150015115737915, 0.2923405170440674, 0.2917618453502655, 0.2913028597831726, 0.29203349351882935, 0.2909276783466339, 0.29100024700164795, 0.28997713327407837, 0.2899363934993744, 0.2904979884624481, 0.28990864753723145, 0.2894059717655182, 0.28929761052131653, 0.2893597483634949, 0.28924083709716797, 0.2887592017650604, 0.2883358597755432, 0.2881973683834076, 0.2871019244194031, 0.28762999176979065, 0.2874864637851715, 0.2877713739871979, 0.28701186180114746, 0.2868250012397766, 0.2861480712890625, 0.2870156466960907, 0.286828875541687, 0.2862599492073059, 0.2857181429862976, 0.28513190150260925, 0.28456220030784607, 0.28532716631889343, 0.2852735221385956, 0.2850190997123718, 0.2848823070526123, 0.2846333384513855, 0.28412237763404846, 0.2845565676689148, 0.2832462191581726, 0.28302139043807983, 0.2834603190422058, 0.28284943103790283, 0.28261086344718933, 0.2828715443611145, 0.2820012867450714, 0.2814907133579254, 0.28190380334854126, 0.2816191017627716, 0.28120288252830505, 0.2821131646633148, 0.2815108299255371, 0.28184011578559875, 0.28060853481292725, 0.28020817041397095, 0.2804495692253113, 0.2804049849510193, 0.2798013985157013, 0.27952468395233154, 0.2796749472618103, 0.27964767813682556, 0.28014689683914185, 0.2788814306259155, 0.2783747613430023, 0.2781985104084015, 0.27838796377182007]
