Enhancer: E23H5
Label: mm_v_all
Padding: True
Batch Size: 256
Learning Rate: 2e-06
Epochs: 1000
Subset: 1.0 (number of training samples: 83223)
Weight Decay: 0.01
Optimizer: adam
Coverage: 1
Jiggle: 3
Confusion Matrix: [[0.8206504578465424, 0.17934954215345753], [0.2625552953421806, 0.7374447046578194]]
Unnormalized Confusion Matrix: [[18193, 3976], [1009, 2834]]
Number of Epochs: 212
Train Losses: [0.6944337476250584, 0.6939365573090278, 0.6935052343307098, 0.6934248611239567, 0.6931343797160072, 0.6931794369878944, 0.6930403076797906, 0.6928598441960622, 0.6927635258326501, 0.6927177609841516, 0.6927505550574671, 0.6926837910903744, 0.6925304255968222, 0.6924088655805295, 0.6924481936759013, 0.6923691751035445, 0.6923199040026753, 0.692215443937325, 0.6920683665509604, 0.6917710333514068, 0.6918303215064885, 0.6916650619609225, 0.6914795554854387, 0.6914623401647696, 0.6913127310436927, 0.6911101077963238, 0.6907825828329918, 0.6907083761472643, 0.690499689498562, 0.690201050847586, 0.6898304626254216, 0.6896676388254926, 0.6889923108867341, 0.6885352226122756, 0.688037079353274, 0.6871934171103261, 0.6865189287560117, 0.6853121241177518, 0.6841827556033807, 0.6825919443844286, 0.6807341996146126, 0.6777659250549012, 0.6742397098819171, 0.6689939118601793, 0.6636043328083366, 0.6564474301469838, 0.6505877147057305, 0.643176590738121, 0.6366651604877659, 0.6301669193191762, 0.6241334237935353, 0.617552808457357, 0.6116408713024818, 0.6048822510827538, 0.5989701694871751, 0.5916760104931206, 0.5844160523151327, 0.5780367725100254, 0.570488298963184, 0.5649322042801629, 0.556620014591451, 0.5505177994812924, 0.5429693632330631, 0.5359986515864272, 0.5285124025461864, 0.5240594707200864, 0.5174226908961688, 0.5111913778847712, 0.5049816472398723, 0.4985610854589135, 0.49387816920236577, 0.48513556797445917, 0.4804115823807161, 0.47519352319050423, 0.4704650955880346, 0.46507003108050926, 0.4596981909011771, 0.454435244842541, 0.45031114562523145, 0.4459119461065421, 0.44176610060996074, 0.4385230606136146, 0.43180275804426044, 0.4293804240921524, 0.42601327616378576, 0.421053018306662, 0.4180460576813645, 0.4151828711383913, 0.4113118786570485, 0.4106265304644415, 0.40440318527762875, 0.4009529488401179, 0.4006121557183061, 0.39590652323573644, 0.3934084259293562, 0.3931039582732265, 0.387154122894527, 0.38626881885382297, 0.3840407580137253, 0.3800068269112359, 0.37661074659575716, 0.37556529950144835, 0.3766861162119848, 0.37252774770640157, 0.3704916911622498, 0.3704756941714901, 0.3683995247527134, 0.36566107221907634, 0.364569307379196, 0.3627577430448649, 0.361553617964493, 0.3576220407442081, 0.35374905269570145, 0.35717371444394985, 0.3546668488555159, 0.35277491524541305, 0.356006094557376, 0.35195044862346414, 0.3493121427261025, 0.3479778148645272, 0.34672119061639706, 0.3448156303057641, 0.3449394303413988, 0.34403357202290025, 0.3402365169093653, 0.34372792744929076, 0.341246814998381, 0.3390752058361937, 0.3390382635264309, 0.3378503927789583, 0.3377769573883045, 0.3356195061119056, 0.3330453903945677, 0.33526534527723045, 0.33341861392822736, 0.3303109596660532, 0.33089574778372527, 0.33232541016640105, 0.3284766303798172, 0.3277247573700419, 0.32911372349306117, 0.3275822896533217, 0.325936571357806, 0.3265473593963436, 0.32511272157993787, 0.32388988128103363, 0.324384611168522, 0.32206036004186406, 0.3234142849416089, 0.32069222711346634, 0.32054486573656643, 0.31925337272553356, 0.32063504143909444, 0.31675642692238276, 0.31777823748398415, 0.3173848131865811, 0.3178231644849836, 0.31596768322897834, 0.315402905908099, 0.31425984738611734, 0.3146244240410489, 0.31320916536761206, 0.3140642215594924, 0.3123038325207365, 0.31303011680856074, 0.3118767892838987, 0.3111470681300924, 0.3082689601768014, 0.3119486510022286, 0.3104182142604348, 0.31044520387437446, 0.3078206561825758, 0.3094324337010003, 0.30886955911213637, 0.30836153834875374, 0.3076398097024374, 0.30733824685855876, 0.30762179424426306, 0.30567976937520724, 0.30423260128205537, 0.3064139911367849, 0.30724480117391223, 0.30171802132590414, 0.30731524549927447, 0.3026569203639323, 0.30413030302780536, 0.30673360650890447, 0.3021308797085943, 0.30377855165604434, 0.298433196553789, 0.30218046917322955, 0.29989356314477744, 0.29951082823649505, 0.2968789065268142, 0.29751536044423565, 0.2987316458777416, 0.2961980510343072, 0.2972908322156573, 0.29813961419591145, 0.2960628759275916, 0.2959668187915913, 0.2970565676323475, 0.29629595312604146, 0.29544397032151193, 0.2957722934111496, 0.2951248646056725, 0.2938365097060525, 0.29234764747824404, 0.29591869348031613, 0.2914461150674001, 0.29162163762775667, 0.29403064354248576]
Validation Losses: [0.6940377936130617, 0.6939280389285669, 0.6934306766928696, 0.6932374195354741, 0.6929663448798947, 0.6929833721823808, 0.6928055511742104, 0.6927311347752083, 0.6926675569720384, 0.6926509498096094, 0.6923935340672005, 0.6924139929980766, 0.6922553232530269, 0.6921014684002574, 0.6921414493060694, 0.6919829990805649, 0.6919782103561773, 0.6919142494841319, 0.6917672971399819, 0.6915989634467334, 0.6916637427923156, 0.6913453238766368, 0.6912274549647075, 0.6909421493367451, 0.6908518214051317, 0.6907651889614943, 0.6906594110698234, 0.6898797714128727, 0.6899184177561504, 0.6895232731249274, 0.6891988050646898, 0.68890532705842, 0.6882969482642848, 0.687398860367333, 0.6868849360361332, 0.6861263884276878, 0.6852440565097623, 0.6837973798193583, 0.6827306740167665, 0.680759880600906, 0.6782590347092327, 0.6754526881183066, 0.6717100172508054, 0.6652261331313993, 0.6593034943429436, 0.6523767782420646, 0.6459133966666896, 0.6391345022655115, 0.6300029638336926, 0.6265055762558449, 0.6217505939123107, 0.6160530077248085, 0.6054100067150302, 0.6015302597022638, 0.596020312570944, 0.5914573771197621, 0.5882799879806798, 0.5769904997290635, 0.5721518193803182, 0.5655218064785004, 0.5587599241152043, 0.5570187895763211, 0.5524602081717515, 0.5445558450570921, 0.5368614371229963, 0.5328479692703341, 0.5258870422840118, 0.5223193619309402, 0.5134319648510073, 0.5108410447109036, 0.5041483945962859, 0.5038107560902108, 0.503922436295486, 0.49867410776091786, 0.49021148100131895, 0.48537156712718127, 0.4840932484807038, 0.4843675886712423, 0.48324851728067164, 0.474057393466554, 0.47290065266737125, 0.4687907779362144, 0.4642919876226565, 0.4626108985848543, 0.4663685062309591, 0.45909006639224725, 0.45457529839946004, 0.4546715348232083, 0.4556770437374348, 0.4477180551464965, 0.4542858197194774, 0.4430474126484336, 0.4427432047157753, 0.44672208951740733, 0.44364102148428197, 0.4413214289560551, 0.4479170307153609, 0.4406736529454952, 0.4432145124528466, 0.43934863478672215, 0.4351309501543278, 0.4416363381031083, 0.43691104505120254, 0.44113062140418263, 0.43871389474810624, 0.43544214891224375, 0.4354510009288788, 0.437241091233928, 0.4268391637540445, 0.4325448172848399, 0.42873802272284905, 0.42592931229893755, 0.4397304036268374, 0.4431803499053164, 0.4353256807094667, 0.43231113945565575, 0.436004292310738, 0.4361539326789903, 0.43277134800829536, 0.4366388855183997, 0.43942704433348123, 0.4352488710385997, 0.42792540679617624, 0.436470355565955, 0.4357114150756743, 0.42994554195462203, 0.4324548840522766, 0.4332853228580661, 0.4286259252850602, 0.4363708561513482, 0.4352510840427585, 0.43402235428007635, 0.43756974761079, 0.4373409130224368, 0.44504980742931366, 0.4378147452342801, 0.44035494073135095, 0.43793792550156757, 0.44139185220730015, 0.4405645739014556, 0.44079852576662854, 0.4288972398129905, 0.4382333690073432, 0.43586932885937574, 0.4481635224528429, 0.44462888778709786, 0.4352486035445841, 0.4490288223435239, 0.44108912167025777, 0.4397251191662579, 0.44967328484465435, 0.4476566365579279, 0.45007798075675964, 0.44629272527811004, 0.4456622295263337, 0.4490615874528885, 0.44484249084461025, 0.44287441489173146, 0.44513503371215446, 0.4440203458070755, 0.456512797533012, 0.4512637802740423, 0.4418556523032305, 0.4517178539095855, 0.44697782215548726, 0.4507990846546685, 0.4465653434759233, 0.4501987375864169, 0.44698744903250437, 0.4512507075943598, 0.45272507718423516, 0.457497585837434, 0.4614519484159423, 0.4481003066388572, 0.45204159980866965, 0.4626526283781703, 0.44491115503194856, 0.46898015752071287, 0.46267688056317774, 0.46071513360593375, 0.4546130895614624, 0.4455281721382606, 0.4649746378020542, 0.44782285392284393, 0.45823007494938084, 0.46026458427673433, 0.46289450693421247, 0.45816049561267946, 0.4756319308426322, 0.45281040196011707, 0.46259503211916947, 0.4616666018235974, 0.469757674307358, 0.45586479655126244, 0.4580699852327021, 0.46846638983342703, 0.4650331808299553, 0.47860103772907725, 0.463447869914334, 0.4624983014130011, 0.46207174477053853, 0.4720287232137308, 0.45431322477212766, 0.47646580999944266, 0.46444972150209474, 0.4775744600266945, 0.46855558454990387, 0.4614684149259474, 0.4773895093580572, 0.47843369732542734, 0.4699459326703374, 0.4683003153015928]
