Enhancer: E25E10
Label: mm_v_all
Padding: True
Batch Size: 256
Learning Rate: 2e-06
Epochs: 1000
Subset: 1.0 (number of training samples: 340564)
Weight Decay: 0.01
Optimizer: adam
Coverage: 1
Jiggle: 3
Confusion Matrix: [[0.8895008036305191, 0.11049919636948095], [0.10544654318723638, 0.8945534568127637]]
Unnormalized Confusion Matrix: [[75266, 9350], [2300, 19512]]
Number of Epochs: 470
Train Losses: [0.6731190997617393, 0.6117541674023549, 0.5567443363206177, 0.5245804032779654, 0.5048055074252552, 0.4940139206614734, 0.48410073045856694, 0.47768546059828426, 0.4702520248005034, 0.4662735602355917, 0.46313350123180475, 0.45729697845557143, 0.45321098476043775, 0.44758551712774136, 0.44225970759237737, 0.4366401368787108, 0.43255615637411665, 0.42751025302709267, 0.42133929311199175, 0.4153725957843614, 0.41036606072304754, 0.40491575734853563, 0.4020121538889847, 0.3959009027364646, 0.3924717351200883, 0.3865892869426647, 0.38203587534730366, 0.37911760124114113, 0.3747450615524977, 0.36970472158927115, 0.3667547045727586, 0.36312255776080754, 0.3583012528655943, 0.3564599968946401, 0.3530959287010396, 0.34974143840512506, 0.3456768075789302, 0.3435053204254133, 0.3401116516516676, 0.33775506122142723, 0.33362675964787525, 0.3322826763524049, 0.33154374642044326, 0.3290690712625151, 0.3263216759592496, 0.3249025589805362, 0.3216461653350261, 0.3219085788587983, 0.3200245558722945, 0.318884705182845, 0.31710090717142636, 0.31555373110240964, 0.3130250363579198, 0.3122479823032418, 0.3108468537913687, 0.30851120573967405, 0.309364626129528, 0.3070530604814605, 0.3046319981901203, 0.3045008706361346, 0.302859521870502, 0.3029326190745177, 0.30075960318053424, 0.2991075178651681, 0.29912424473767885, 0.2983381473014983, 0.2980832462580378, 0.2960465605280437, 0.29576893271717425, 0.29602065237951314, 0.2929712302316677, 0.29256874619571005, 0.29089343675449325, 0.2899362543621608, 0.2916437338878121, 0.2886699059464536, 0.289556765907873, 0.2886083201973354, 0.28869313356528864, 0.2863247376984891, 0.28718851670163814, 0.2856303671309144, 0.28545731833382354, 0.283525601656342, 0.2849892301052518, 0.28521605593919935, 0.2828736072707051, 0.2838003778372556, 0.2817295311560405, 0.28298487524893123, 0.2818572854834513, 0.27950694036385243, 0.27897866503534957, 0.27864358865793803, 0.2787595769568192, 0.2772381500383681, 0.27783373787517746, 0.2772120724577012, 0.2772259443304218, 0.27751655511664414, 0.2761262889915082, 0.27472211641086663, 0.27429056972556326, 0.2751953024711043, 0.27384419002584903, 0.2727696305934331, 0.27258644026307394, 0.2730293920463767, 0.27334098448482874, 0.2719966334498618, 0.2687241971873413, 0.2710232955902524, 0.271037741364795, 0.2705588054715199, 0.26956279753832596, 0.26775808047970645, 0.26826301480172543, 0.2677010226572124, 0.26947901708617594, 0.26778784158039953, 0.2694657789550268, 0.2683078289076764, 0.26713200401623927, 0.2663780267551194, 0.2661783354654964, 0.26662032194239677, 0.2653165670443441, 0.2653497132164119, 0.26621086993985926, 0.26519715556473233, 0.2642443448327521, 0.2635544910523159, 0.26312521079892415, 0.26311295972696197, 0.2628193642303157, 0.2611976603226586, 0.2618401871978744, 0.26233770272321577, 0.26235316918811613, 0.26143001672650173, 0.2614755416323958, 0.2614404311267887, 0.25973589655647233, 0.26031150586572827, 0.26183308610604455, 0.25847203242519046, 0.2594207686020144, 0.2585938456786655, 0.2573771317098304, 0.25836631380284664, 0.25837235986783397, 0.257890433173803, 0.2583517549093463, 0.2581673597232638, 0.2576209556039879, 0.2579867320679615, 0.25898762200668646, 0.2568944281290385, 0.25656469048726477, 0.25662065377412746, 0.2554480365619545, 0.25627913828141524, 0.25770916883252243, 0.2570780772494697, 0.25556548437975474, 0.2583333127799561, 0.2552307951190613, 0.255387978467343, 0.2559386781514094, 0.25531023277276266, 0.25348926114462805, 0.25581193455039425, 0.2555041355602191, 0.2526805567548832, 0.2522007666477845, 0.2536036404427687, 0.25334302194354946, 0.2527607342271676, 0.2515927245189694, 0.25190380519041883, 0.25174810273319503, 0.2535424724971326, 0.25157172555855395, 0.25285633389749174, 0.25321922274929165, 0.25179639711673774, 0.251283038723836, 0.25117204364621487, 0.25318704508552864, 0.25103703754723833, 0.2500137093705758, 0.25107145281459586, 0.25293292969487646, 0.25050053617320145, 0.25258296969956157, 0.2516157290346187, 0.249737500293554, 0.25017106884588075, 0.2505115981414567, 0.24950485536023964, 0.25040828219980876, 0.24994787549184375, 0.25019744692396884, 0.2502934750558558, 0.24907137155756745, 0.2511603344234643, 0.24714609833922627, 0.24971444631634934, 0.24922861379398428, 0.2505394126310284, 0.24826048642598444, 0.24948545493280683, 0.24729818028448938, 0.24878663929622932, 0.24838429299805237, 0.24823682724444335, 0.24990524257554944, 0.2492767535234017, 0.24876198316990747, 0.2501262548518844, 0.2484002738384982, 0.24978350265235671, 0.2483748138331543, 0.2471421146576428, 0.24908907927578325, 0.24723795571334375, 0.2499508948970074, 0.2473398657399492, 0.24611529041778585, 0.2488399525386422, 0.2463689184363492, 0.2473422670100167, 0.24683337350208717, 0.24746015420495612, 0.2478333519845865, 0.24607202791343677, 0.24775173285014643, 0.24803134661299406, 0.2480256336130297, 0.2477028739353842, 0.24739720056058767, 0.2479056775525134, 0.2479675721172817, 0.24733039826311445, 0.2472272260824063, 0.2476817048375182, 0.24644485061147176, 0.24881490057433664, 0.247632222592965, 0.24893681641183876, 0.24812264479612783, 0.24673179833177872, 0.24787497946993917, 0.24751735868801486, 0.2483453814872309, 0.2463249444603293, 0.2464623850463119, 0.24774872106909304, 0.24760984926632165, 0.24704960081516397, 0.24833418522939746, 0.2480572604712107, 0.2451540553798181, 0.24588952544351703, 0.24586943503970227, 0.24644345216380306, 0.24820628820461585, 0.2476970196822637, 0.24763077151542495, 0.24715338126776543, 0.24783851948561836, 0.24615739235566308, 0.2477496148252917, 0.24796533025941125, 0.24782159679326501, 0.24739197109266836, 0.2470258908510029, 0.24785283206773825, 0.24925188856810937, 0.2471683006103911, 0.24663990733768598, 0.24698479245203406, 0.2471776576439838, 0.24837541882477696, 0.24756179653684687, 0.24882013627812882, 0.24657581043503143, 0.247966892037689, 0.2471814995798108, 0.24742457804645837, 0.2481425553000484, 0.24797756200800436, 0.2482334601082003, 0.24777050201020503, 0.24722825814735433, 0.2467382736979885, 0.2482398869980555, 0.2472629505360064, 0.24710286207704235, 0.24951176842426914, 0.24635981005398874, 0.25051378424592163, 0.24643765984398364, 0.24722219513243612, 0.24804934522292382, 0.24886412807732575, 0.24791914532499865, 0.24818262826178328, 0.24808243495866286, 0.24687949725329472, 0.24606837505778364, 0.24714480248678009, 0.24786877931059975, 0.24670418952525244, 0.24722981157381674, 0.24895614862531582, 0.247300170042925, 0.24690713925436866, 0.2469820059684772, 0.24645768441847624, 0.24812820122754278, 0.2468997974824762, 0.24749621640328265, 0.2473183725782125, 0.24738114178852422, 0.24596440053183186, 0.2478756181599053, 0.24834776533715802, 0.2459920812132303, 0.24727818095576576, 0.246680111420683, 0.24609179134256046, 0.24682971308949656, 0.2473173171483333, 0.24682384910751876, 0.2467662624785275, 0.24608634522004202, 0.24638407130513668, 0.24524634031986134, 0.24633362955343088, 0.246836805079415, 0.24655518493286924, 0.24593363000341684, 0.24603536708251056, 0.24618021867312856, 0.2462297724119082, 0.24556871441456718, 0.24524060412289772, 0.24590758719585787, 0.24459070502413027, 0.24536878265759535, 0.24553779852426114, 0.24554145050666817, 0.24474569939071303, 0.24541973350058813, 0.24345034177280028, 0.24618688675803765, 0.24505897467517923, 0.24465691401804415, 0.2451708964348556, 0.24574398517519078, 0.2456232932145035, 0.2457788149993461, 0.2447298559074022, 0.24441213323647237, 0.24494422599393384, 0.24546927598792748, 0.2434370241426687, 0.24401269063834943, 0.24291537989806986, 0.243707482804489, 0.24428651443242488, 0.24410788260349917, 0.243842458686911, 0.24382049375956083, 0.24484468698725495, 0.24446350886891607, 0.24438920955206558, 0.24299902438132231, 0.2440104655176961, 0.2432626389095785, 0.24340967106290726, 0.2419095220622221, 0.2436728788264079, 0.24364473796670014, 0.2425838467615337, 0.24358363154013296, 0.24346809440721345, 0.24309919627871754, 0.24234802419757773, 0.24294909722907126, 0.2429753108905904, 0.2436662394802522, 0.24311899989955324, 0.24361325211537502, 0.24227601322215989, 0.24183313113061403, 0.24281928928430416, 0.2415931618007657, 0.24207241120059, 0.24301565146867177, 0.24272555495723577, 0.24291610596862437, 0.24135740714848802, 0.24327818929566913, 0.2417064040876886, 0.24160947785576334, 0.24069903887231756, 0.2421698661494488, 0.24080159295151593, 0.24215585030307454, 0.2421463661673909, 0.2420307824389546, 0.24252891609939214, 0.24116955934880283, 0.24068987989766003, 0.2405501106665781, 0.24164735286823347, 0.24313180020973255, 0.24201194037404122, 0.24079661170940128, 0.24112476213680542, 0.24046105718496238, 0.24165174396390937, 0.24179765117472943, 0.24071737084954775, 0.24081165904975493, 0.2402822666715447, 0.24227127188762088, 0.2404130074110898, 0.24056007015042338, 0.240169006057649, 0.24013657890299403, 0.2407880420639137, 0.24206209028241868, 0.24032905828809487, 0.2397180274856619, 0.24168597307310885, 0.240792533672456, 0.239646068960988, 0.23893517554701943, 0.23986564447878, 0.24177569772272878, 0.24033908110467408, 0.23925169368689442, 0.23939937419187388, 0.23917365980990216, 0.23840149143286704, 0.23873697021999904, 0.23919918729030126, 0.24023215139073414, 0.24019938597636148, 0.2396714434441904, 0.23913943372347765, 0.23897380534640655, 0.2390410272722223, 0.23764848591554083, 0.23974123378833553, 0.23849347977151017, 0.2404144690907333, 0.23727845803048717, 0.2384708845619865, 0.24014938214638465, 0.23840339860237245, 0.2383182691753045, 0.23967938550561108, 0.23907281794241728, 0.23789416270359937, 0.237783512826883, 0.23837289384305252]
Validation Losses: [0.6417086588011848, 0.5688110684847331, 0.5278560721480453, 0.5055757650025972, 0.4917793604167732, 0.48078463519657694, 0.46989302815975725, 0.46505587398110926, 0.4612917524200302, 0.45509124258617023, 0.4477259717188082, 0.44698046528183305, 0.4429305440133756, 0.43768290795005477, 0.4303731895960845, 0.4222972554129523, 0.4236891048627573, 0.4131340220704809, 0.4095197903501379, 0.40558815718413116, 0.40584807791509425, 0.3967735199061958, 0.39353858923410867, 0.389815147485103, 0.38878144578890755, 0.38096989033458467, 0.37669571133347246, 0.3780289511601846, 0.37107114238781974, 0.36754529379509593, 0.3698434214871209, 0.36371587937300626, 0.359064363055043, 0.358875147036246, 0.3538200824826329, 0.35025214110766806, 0.35258450432940647, 0.3449367214072574, 0.34999908216006764, 0.3440123530658516, 0.34057899383274287, 0.3406328809511912, 0.3385189776127045, 0.3433439156135639, 0.3428257872481962, 0.33653650032328414, 0.33497894338301354, 0.33546165799772415, 0.33230751139802617, 0.33045514285922406, 0.3329623537557619, 0.3300666027777904, 0.3272811735088045, 0.3294115588292703, 0.32706581767614895, 0.32673374793908977, 0.3245317871953632, 0.32364199312778563, 0.3202476136319272, 0.3203393389602323, 0.3214465474133735, 0.3261959870924821, 0.32041087281238567, 0.3219139250191124, 0.3180549043613869, 0.3228932000674285, 0.3177862758035058, 0.3202213648561243, 0.317043170601398, 0.31711096484381873, 0.3185595245780172, 0.31626487082547255, 0.31349961388039516, 0.31446721988755305, 0.3172261408857397, 0.3138883783742114, 0.31309079501900944, 0.3160968824728831, 0.30772515912134724, 0.30845919358837715, 0.3116850292270964, 0.3148661184239316, 0.3097596274123893, 0.308904206654331, 0.3111216618313088, 0.3101951150117336, 0.3135995966894133, 0.3109123383735393, 0.31284411748250324, 0.3080294040498791, 0.30792964484777535, 0.31429227126074266, 0.30869490261729415, 0.3075312660173611, 0.3068102470210365, 0.31372590036363573, 0.30963630030105066, 0.30758184216938933, 0.3074266093897748, 0.3064460650131151, 0.30608754544644745, 0.308142081619025, 0.31157292792567975, 0.31060563927298196, 0.30708625102723325, 0.30563909934089706, 0.30771268197187074, 0.315562584602439, 0.3115081073375078, 0.31166297022823813, 0.30515857027457644, 0.30722306418168294, 0.30849558088156553, 0.302733491088177, 0.30691298981149634, 0.30568255792866955, 0.305642141370444, 0.3078128450715148, 0.3079800036576417, 0.30634232147319895, 0.30292635466959383, 0.30855490549190623, 0.30967067378956276, 0.30327343690144765, 0.3115747543695095, 0.3079732101153325, 0.3083764819859026, 0.30232308330657603, 0.30789308818252953, 0.3125877898108136, 0.3012116628813672, 0.3062008954472728, 0.30552609206677916, 0.30663098618611917, 0.3075683802455753, 0.3021849709319639, 0.302362841305074, 0.3015810566263514, 0.30644521985326084, 0.3058496324776171, 0.3037590363451668, 0.30701606476808097, 0.29928492788258976, 0.3065386508946662, 0.30310750701226985, 0.3054089500112935, 0.30116844920066743, 0.3019979272160802, 0.3022491932810248, 0.3046838473360818, 0.30378155414764585, 0.30504240927932497, 0.30291234748857515, 0.30715521803131335, 0.3052527554131843, 0.3038923205645593, 0.305495290695368, 0.30378614755364153, 0.30094656263206815, 0.30408279409816674, 0.3057743207559929, 0.306157392782492, 0.3059726360592398, 0.30460991372575275, 0.30334182535563864, 0.30694557462368643, 0.30521307863272706, 0.3080782364975583, 0.30374463940704904, 0.3054859594360844, 0.30602715394876384, 0.30529966068876396, 0.30472906260519056, 0.3018636122659162, 0.30578069603657937, 0.31084388776405436, 0.3041136761953881, 0.30028318123774483, 0.3007936320147357, 0.30525552644743936, 0.3077354840598665, 0.3064956280651751, 0.3191746409322406, 0.30305409963961477, 0.30117449280735964, 0.3045644584271285, 0.3046805777617761, 0.302205701624309, 0.3007463270032012, 0.30358058200763155, 0.3071252653101185, 0.3065679465775733, 0.2999506012813465, 0.3041763514190823, 0.3016771626723063, 0.304250285163656, 0.3001065429177012, 0.30163585566901585, 0.30498281313671366, 0.30535146182363815, 0.302347906716951, 0.3033347169200221, 0.30309405466457745, 0.3043864264681533, 0.3019856648581164, 0.29866163714511973, 0.30811661933814444, 0.30493386971341957, 0.3015603942645563, 0.3064514139482567, 0.2991161558094683, 0.30195716282984875, 0.30442201531864144, 0.3026323421849861, 0.30527963616826514, 0.30177516957840045, 0.3052192309776226, 0.3033975354723028, 0.3029941197809156, 0.30569519984113563, 0.30371586991859983, 0.30793949518654795, 0.30600326143585527, 0.3005224427392891, 0.3131855018325038, 0.30688684713375103, 0.30214774814453926, 0.2992944024257116, 0.3022440356445742, 0.3129692482160734, 0.3007851950936131, 0.3021026161518899, 0.3047649292079536, 0.30143292718105485, 0.30420478668298806, 0.30225575918907877, 0.29890509321166947, 0.30509039732786986, 0.2975383548138736, 0.3002358918880915, 0.3010432750613124, 0.30236900412105583, 0.3002825076873596, 0.30150155629123654, 0.3067399115265311, 0.3012319499844903, 0.3010699509142397, 0.30498191571092464, 0.301789145077671, 0.30331611655674895, 0.29769657368774527, 0.3040776685909466, 0.3051526879405116, 0.3065269724116311, 0.2994800157196171, 0.30130922208140204, 0.2995751055332275, 0.3027147477543032, 0.3019273056013806, 0.30496524936623043, 0.3029829750995378, 0.30860153878773294, 0.2972888976962001, 0.29944981469048393, 0.3032104850889326, 0.30235146527533774, 0.29878509040172396, 0.30643412426069333, 0.30245725412268537, 0.30000878566199235, 0.30163428339514287, 0.30175816435534675, 0.29711011674132076, 0.30100377915320814, 0.3084652943833096, 0.30683925725497285, 0.2998566645401734, 0.3087115361615344, 0.30508155919410085, 0.2996857835723831, 0.30498213233711485, 0.299356652048973, 0.3002948855405097, 0.3026666018787447, 0.29832929976888606, 0.30704566062212707, 0.3092740693607846, 0.3078943547364828, 0.3019722391356219, 0.30093274701822986, 0.2975222894826809, 0.3010052247895851, 0.304706996401867, 0.30514532743810535, 0.30516865316990976, 0.3127437778958329, 0.3012482237081986, 0.29630145336593594, 0.3005878605821111, 0.303640236278196, 0.2998925102455122, 0.3016417190745786, 0.300229649017523, 0.29975418943363624, 0.2973479488500962, 0.2998228139794983, 0.30106875054292137, 0.296158197405818, 0.3016144578700309, 0.3031310360352914, 0.2993068001918249, 0.30655234886540306, 0.29727648717684074, 0.3112752149860422, 0.30332940727382807, 0.31214374039803183, 0.30054065477740655, 0.3028921552964517, 0.2989526150731353, 0.2961138871696976, 0.30163882283477095, 0.30034568753686397, 0.3026611943681677, 0.3042110996292876, 0.3035624337357444, 0.29641710691623857, 0.3006058201507047, 0.30078790885013146, 0.3088829935760469, 0.3033882975578308, 0.30058199050906187, 0.30205037299398185, 0.2963035946583247, 0.2991756962852793, 0.3012054716502582, 0.29740782596685506, 0.3027805353070165, 0.30255482066143025, 0.3038669996880912, 0.2989012855846245, 0.30159374709064896, 0.2994234318489785, 0.30362978756606757, 0.29835399287241, 0.3018021180823043, 0.2966593482472875, 0.29977540215393444, 0.2989427091123106, 0.29565590047263524, 0.3023365488997451, 0.3037214652375058, 0.30211389185609044, 0.2997390110123981, 0.2972198631670382, 0.29848831211840426, 0.3005699734161566, 0.3016735626770569, 0.2984131649807767, 0.3019648520527659, 0.3040310287171298, 0.2979934783848198, 0.2993244190026332, 0.3012438107270736, 0.3114790291757555, 0.3035736160951334, 0.30127736362251073, 0.3013231438380462, 0.30297672077342197, 0.30247647451745857, 0.2943889005585118, 0.3025407868999619, 0.2957899664883857, 0.3029298280720954, 0.30249124577453546, 0.3011325196818904, 0.30220002235772014, 0.29849668818193154, 0.30111827730416535, 0.3082130596981392, 0.29739565417931246, 0.30528421462835137, 0.29680492167358286, 0.30064712030751567, 0.3019827089689157, 0.30180039160602445, 0.2988660202191041, 0.3102182319930366, 0.30914461142844984, 0.3043594502203457, 0.30024434084648843, 0.30106109519441565, 0.2990896839189816, 0.2989424168616086, 0.3058811668698136, 0.29928000150500117, 0.30358899776284043, 0.30085261940240143, 0.29711409329294086, 0.29959131589343957, 0.3009609280226825, 0.30674404093811103, 0.3002081106643419, 0.299250648096875, 0.29788131774724785, 0.302667054596606, 0.2994078182064377, 0.3049293211451522, 0.30735022652972566, 0.3015395467345779, 0.297592761593538, 0.3073816981849012, 0.29926755925914544, 0.31557357266500546, 0.30350072337342454, 0.30795557949099095, 0.2958694805612077, 0.30183422927920883, 0.2978759249588391, 0.2982883814039889, 0.31036823294363225, 0.299903566325391, 0.2996293323355036, 0.3014162526921825, 0.30504450327283267, 0.3032326227551824, 0.3015725284635842, 0.30071456873560093, 0.2995600596115038, 0.3114997152988617, 0.3011938064574479, 0.3164317033312342, 0.3079174727469951, 0.30593563593901674, 0.30494878246440543, 0.2985775319484619, 0.30204575860106553, 0.29663723085198673, 0.29613385606814435, 0.3127244876490699, 0.3062401120816623, 0.30481319062344664, 0.3046999215721726, 0.3000363611781203, 0.3030756590244648, 0.2976669881257925, 0.30666115437005015, 0.30534106953903, 0.3058786304057897, 0.3136808995280538, 0.30304052996205855, 0.2990050538255646, 0.29840047653014956, 0.30016248796258244, 0.3036828378030846, 0.30557185559122413, 0.29910831582975816, 0.2970547385222919, 0.30088139551358895, 0.30616988411715795, 0.3060587515702119, 0.2988324855361973, 0.29879021402951833, 0.3022259608940319, 0.2971492543503329, 0.304036167559323, 0.30246388455768963, 0.3006030671499871, 0.30604078676607516, 0.3083263731396592, 0.30213304857412976]
Validation ROC AUC: 0.9400575696346062
Validation Confusion Matrix: [[8563, 1119], [265, 2217]]
Validation Precision: 0.664568345323741
Validation Recall: 0.8932312651087833
Validation F1 Score: 0.7621175661739429
Validation Accuracy: 0.8862216376192042
Test ROC AUC: 0.9436422163866349
Test Confusion Matrix: [[10728, 1360], [329, 2787]]
Test Precision: 0.6720520858451893
Test Recall: 0.8944159178433889
Test F1 Score: 0.7674514663362247
Test Accuracy: 0.8889108129439621
Validation Set Size: 12164
Test Set Size: 15204
