Enhancer: E18C2
Label: mm_v_all
Padding: True
Batch Size: 256
Learning Rate: 2e-06
Epochs: 1000
Subset: 1.0 (number of training samples: 65366)
Weight Decay: 0.01
Optimizer: adam
Coverage: 1
Jiggle: 3
Confusion Matrix: [[0.8017761210393597, 0.19822387896064028], [0.251502828854314, 0.748497171145686]]
Unnormalized Confusion Matrix: [[7313, 1808], [2845, 8467]]
Number of Epochs: 314
Train Losses: [0.6970389799680561, 0.6948242173530161, 0.6936210268177092, 0.693071017274633, 0.6930464145261794, 0.6929619444999844, 0.6929784268140793, 0.692705110879615, 0.6925474617164582, 0.6923575277905911, 0.6923062354326248, 0.6923601287417114, 0.6919317538850009, 0.6918867181520909, 0.6918562585487962, 0.6915830206125975, 0.6916472618468106, 0.6914563698228449, 0.6911721478682011, 0.6911987655330449, 0.6911030805204064, 0.6905736476182938, 0.690543414792046, 0.690419529331848, 0.6903081578202546, 0.689934920752421, 0.6897341115400195, 0.6894257408566773, 0.6891407945659012, 0.6889425625558943, 0.6883880058303475, 0.6882832797709852, 0.6878316507209092, 0.6870715683326125, 0.6868728653062135, 0.686351197771728, 0.6859996952116489, 0.6852191088255495, 0.6846000184305012, 0.6837394915055484, 0.6827655602246523, 0.682235146407038, 0.6810438628308475, 0.6803162794094533, 0.6792507267091423, 0.6776115940883756, 0.6765019739978015, 0.6742854432668537, 0.6728491706307977, 0.67119817645289, 0.6693611189257354, 0.6676095691509545, 0.6652607670985162, 0.6614565183408558, 0.6583419623784721, 0.6551671493798494, 0.6505816772114486, 0.6476681181229651, 0.6419738961849362, 0.6363057380076498, 0.6317852030042559, 0.626356310211122, 0.6192627670243382, 0.6149617328774184, 0.6082013533450663, 0.6045346977189183, 0.59862898173742, 0.5932273590005934, 0.5874175485223532, 0.5815326722804457, 0.5775239092763513, 0.5706753674894571, 0.5653692274354398, 0.5606006572488695, 0.5566346244886518, 0.5503144152462482, 0.5458541472908109, 0.5422779482323676, 0.5360518209636211, 0.5339226259384304, 0.5285445695044473, 0.5233284612186253, 0.5179121640976518, 0.5164405760588124, 0.5103416326455772, 0.5066168271005154, 0.503500186256133, 0.49828009062912315, 0.4969998309388757, 0.4910150031792, 0.48877412592992187, 0.4860908461268991, 0.48193118115887046, 0.4788248724071309, 0.4734516340540722, 0.47400037839543074, 0.469038697774522, 0.46830225631128997, 0.4634037787327543, 0.46109770599287003, 0.45764758973382413, 0.45472326898016036, 0.4525095275603235, 0.45088323985692114, 0.44926610263064504, 0.4464275714708492, 0.4438553910003975, 0.4422092982567847, 0.441049245884642, 0.43903274228796363, 0.4373089614091441, 0.4341044087195769, 0.43393772875424474, 0.4301248013507575, 0.4320063351187855, 0.42943025624845177, 0.42595837137196213, 0.4248603353044018, 0.4239091280614957, 0.42156218085438013, 0.4224649654934183, 0.4189147863071412, 0.4164319485425949, 0.41391116904560477, 0.4156438522040844, 0.4121704475255683, 0.41370157001074404, 0.4113293213304132, 0.40833986492361873, 0.41087925469037145, 0.4080863203853369, 0.40668237511999905, 0.40765690337866545, 0.40436039317864925, 0.40404917823616415, 0.404802922392264, 0.4018536797957495, 0.40149653295520693, 0.402614162187092, 0.40076627489179373, 0.3979682066710666, 0.39689269731752574, 0.3969394350424409, 0.39516717207152396, 0.390818192739971, 0.395453309873119, 0.3928256049985066, 0.39164286758750677, 0.38962124288082123, 0.3913479980546981, 0.38859746395610273, 0.39074873202480376, 0.3910782056627795, 0.3891314740758389, 0.38727743935305625, 0.3841150075895712, 0.38684077141806483, 0.3869942390592769, 0.38583504885900766, 0.38451576489023864, 0.38461324269883335, 0.38351004326250404, 0.382250840542838, 0.38345246377866715, 0.38225391099695116, 0.38227152335457504, 0.3778800721047446, 0.37863654689863324, 0.380028770188801, 0.3769273894140497, 0.37796851515304297, 0.3770805214298889, 0.376170193660073, 0.37801128264982253, 0.37548157677520066, 0.37802999082487077, 0.377985893166624, 0.37544321233872324, 0.37553632562048733, 0.3729902937775478, 0.3719560743775219, 0.3736455023754388, 0.3740935348905623, 0.37170271726790816, 0.3723817289574072, 0.3687138283858076, 0.3665517717599869, 0.3719524486223236, 0.3696847864193842, 0.3691594251431525, 0.3693424668163061, 0.36827657592948526, 0.36714094935450703, 0.36994589038658887, 0.36743635416496545, 0.36550926079507917, 0.3641883173258975, 0.36689218576066196, 0.3666451560566202, 0.3658417573897168, 0.36786943674087524, 0.3647981062531471, 0.36433779762592167, 0.3622127164853737, 0.361173311364837, 0.36585190694313496, 0.3627521899761632, 0.3621481164591387, 0.35869163915049285, 0.364085161476396, 0.36223384633194655, 0.36059640208259225, 0.35819808044470847, 0.358678896096535, 0.35963859944604337, 0.3569566907826811, 0.3606502077309415, 0.35988806281238794, 0.3565193163231015, 0.3598755996208638, 0.356009979150258, 0.3596767990384251, 0.3569355421932414, 0.3557742405682802, 0.35782301204744726, 0.3582877336302772, 0.3578763713594526, 0.35630561131983995, 0.3559424576815218, 0.3556577096460387, 0.3538274362217635, 0.35488490539137274, 0.3564478346379474, 0.35622938082087785, 0.352225043810904, 0.35326943383552134, 0.3528515447396785, 0.3519425803096965, 0.35302735574077815, 0.35300790041219443, 0.3535969229415059, 0.35200427868403494, 0.35131075920071453, 0.3503680562134832, 0.349930984666571, 0.34998871851712465, 0.35061770933680236, 0.3525488841114566, 0.3509958771755919, 0.3511652206070721, 0.350394758512266, 0.3537193153752014, 0.35107971692923456, 0.3513183107133955, 0.34870420512743294, 0.35014232993125916, 0.3492669399129227, 0.34896169404964894, 0.34931752108968794, 0.347665797569789, 0.3468002874869853, 0.35009281046222895, 0.34574724454432726, 0.347390063223429, 0.3494325819192454, 0.34660700196400285, 0.34691086132079363, 0.3486722371308133, 0.34478410112205893, 0.3456108260434121, 0.3492886567255482, 0.3494400584604591, 0.3470424466067925, 0.34642766043543816, 0.3454572733025998, 0.3469651989871636, 0.3430843804962933, 0.34710150968749076, 0.34514342702459544, 0.343371219583787, 0.34487863385584205, 0.34573504293803126, 0.34367534436751157, 0.34297652496024966, 0.345692471251823, 0.3466406326042488, 0.3424557887483388, 0.34330223873257637, 0.34306501713581383, 0.34029892878606915, 0.3460300040896982, 0.3447170975850895, 0.34299210808239877, 0.34143048501573503, 0.34078192024026066, 0.34134315606206656, 0.34029012417886406, 0.3416463196044788, 0.340454941499047, 0.34231583401560783, 0.345594514044933, 0.33981965063139796, 0.33851120120380074, 0.3389302105642855, 0.34111167723312974, 0.3396134932991117, 0.3394615676952526, 0.33821226505097, 0.3428693999303505, 0.341287906980142, 0.34122505027335137, 0.33891285757999867, 0.33972874272149056, 0.3368784891208634]
Validation Losses: [0.6949118664488196, 0.6934353774413466, 0.6929466156288981, 0.6927243275567889, 0.692387443035841, 0.6924185073003173, 0.6922684935852885, 0.692092414945364, 0.6919863382354379, 0.69183399528265, 0.6917582945898175, 0.6916029648855329, 0.6915129106491804, 0.6913253692910075, 0.6910897204652429, 0.6910964651033282, 0.6906737014651299, 0.6907095480710268, 0.6903870636597276, 0.6901383055374026, 0.6900458252057433, 0.6897386545315385, 0.689822101034224, 0.6893953559920192, 0.6888793623074889, 0.6888598715886474, 0.6884158635511994, 0.6882323836907744, 0.6876581776887178, 0.6873413696885109, 0.6869874401018023, 0.6867107637226582, 0.6858570585027337, 0.6853768080472946, 0.6851425431668758, 0.6838120147585869, 0.6830409923568368, 0.6826087217777967, 0.6815241063013673, 0.6808177772909403, 0.6800562329590321, 0.6788184372708201, 0.6776549192145467, 0.6760980049148202, 0.6738217379897833, 0.6737748645246029, 0.671498485840857, 0.6705238185822964, 0.6686559412628412, 0.6662926496937871, 0.6635150611400604, 0.6627145688980818, 0.6599529292434454, 0.6561712920665741, 0.650891724973917, 0.6487516099587083, 0.6437088893726468, 0.6388921402394772, 0.6328907618299127, 0.6285846624523401, 0.6219959063455462, 0.6164198024198413, 0.6116752820089459, 0.6057700151577592, 0.599930701777339, 0.5955437198281288, 0.5884054284542799, 0.5857380423694849, 0.580100635997951, 0.5725267510861158, 0.5676892315968871, 0.5660209814086556, 0.5576248448342085, 0.557288033887744, 0.5517960898578167, 0.5454845633357763, 0.5389871681109071, 0.5351662235334516, 0.5337837170809507, 0.5234928405843675, 0.5253709186799824, 0.5213983119465411, 0.5134855648502707, 0.5098665538243949, 0.5105078765191138, 0.5029604639858007, 0.5032081087119877, 0.4960151528939605, 0.49335476802662015, 0.4922381001524627, 0.4902935130521655, 0.48550959303975105, 0.478273781016469, 0.4798548719845712, 0.4800903922878206, 0.47673527151346207, 0.46975970827043056, 0.47232471453025937, 0.4664469491690397, 0.46374585246667266, 0.46358003187924623, 0.4637450482696295, 0.455318002961576, 0.45498189236968756, 0.4529648069292307, 0.45816061552613974, 0.4556168164126575, 0.45115826185792685, 0.4545612237416208, 0.4446184001863003, 0.4405938065610826, 0.4430377478711307, 0.44169589737430215, 0.4418428442440927, 0.44206710113212466, 0.4439032538793981, 0.4400169923901558, 0.4413871462456882, 0.43314760038629174, 0.43428725097328424, 0.43469499610364437, 0.4261562768369913, 0.4281983454711735, 0.4255225225351751, 0.42834367230534554, 0.42530445102602243, 0.43098535295575857, 0.4304186264052987, 0.43290133168920875, 0.4272557054646313, 0.42865980276837945, 0.4252819186076522, 0.4228937504813075, 0.4356022090651095, 0.4337009494192898, 0.42293154541403055, 0.42513825837522745, 0.42451845202594995, 0.41874079778790474, 0.4213834898546338, 0.4267765558324754, 0.4264179589226842, 0.42072055116295815, 0.4229765348136425, 0.4243352855555713, 0.42523068096488714, 0.41433688485994935, 0.4301593555137515, 0.4189039724878967, 0.41782656498253345, 0.41405866341665387, 0.4169721635989845, 0.41463824175298214, 0.4149683308787644, 0.4188306210562587, 0.4220558973029256, 0.4122965964488685, 0.4137303223833442, 0.4157751724123955, 0.41142647387459874, 0.4189233351498842, 0.412413626909256, 0.4173936164006591, 0.41141727287322283, 0.41140287881717086, 0.4151199492625892, 0.41383823938667774, 0.4164065779186785, 0.41411126405000687, 0.40500251250341535, 0.40887326328083873, 0.41770813800394535, 0.4179469468072057, 0.4093839256092906, 0.41240604082122445, 0.4051504428498447, 0.42143205599859357, 0.4172781012021005, 0.4029523772187531, 0.41279307613149285, 0.41043965285643935, 0.4085481697693467, 0.4088776842691004, 0.4138156697154045, 0.40770719666033983, 0.4087106939405203, 0.41147954342886806, 0.40448190178722143, 0.4072490823455155, 0.405765020288527, 0.4099266342818737, 0.4166127387434244, 0.41011253418400884, 0.41205393290147185, 0.40602001640945673, 0.40291991783306, 0.40726890368387103, 0.4032978662289679, 0.40668826503679156, 0.40403083013370633, 0.4069817280396819, 0.4052078053355217, 0.40363358007743955, 0.412066204007715, 0.40879972092807293, 0.40737399086356163, 0.4059697715565562, 0.4080443363636732, 0.40927583491429687, 0.4054289706982672, 0.41159768169745803, 0.41172496043145657, 0.4067366826348007, 0.3960152938961983, 0.40789123624563217, 0.4110899129882455, 0.40937617886811495, 0.4108500690199435, 0.4166161217726767, 0.40524194622412324, 0.4062129002995789, 0.4169541345909238, 0.4010457247495651, 0.41693771816790104, 0.42042419873178005, 0.4025761024095118, 0.40874197194352746, 0.4008388416841626, 0.39906038204208016, 0.4091846887022257, 0.4032285865396261, 0.4092959286645055, 0.40620233258232474, 0.4162330129183829, 0.4071089434437454, 0.40620492305606604, 0.4097566087730229, 0.3997206063941121, 0.41219032648950815, 0.41021950216963887, 0.40582243353128433, 0.4182536192238331, 0.4083521901629865, 0.4066050508990884, 0.4108155304566026, 0.40823239320889115, 0.4021423342637718, 0.40726049384102225, 0.40784172527492046, 0.4032583343796432, 0.4112272267229855, 0.40123314782977104, 0.416077904868871, 0.40075431298464537, 0.40463407011702657, 0.4079575971700251, 0.40804616967216134, 0.40872810734435916, 0.40415709698572755, 0.40406652353703976, 0.40660609118640423, 0.40423644008114934, 0.40275276359170675, 0.40289791906252503, 0.4058919260278344, 0.40642418898642063, 0.40529096173122525, 0.403688145801425, 0.4009165675379336, 0.4101235382258892, 0.40419842302799225, 0.4049131879583001, 0.41133646620437503, 0.40916958171874285, 0.404284845571965, 0.4127805265597999, 0.40637440187856555, 0.3994204653427005, 0.40733271883800626, 0.404918706510216, 0.40592192858457565, 0.40600308030843735, 0.3986409306526184, 0.41465049516409636, 0.40781173342838883, 0.4126798612996936, 0.40685526048764586, 0.4088417813181877, 0.40892397379502654, 0.4033122337423265, 0.4027268891222775, 0.408057224471122, 0.3999572014436126, 0.40654997946694493, 0.4152852911502123, 0.4083363814279437, 0.41453378926962614, 0.4067604150623083, 0.40610084077343345, 0.4127702326513827, 0.4137089727446437, 0.4165656757541001, 0.4036857415921986, 0.4133427576161921, 0.4191406718455255, 0.41553155053406954, 0.4086660584434867, 0.40692190965637565, 0.4069178947247565, 0.4132983651943505, 0.41487529082223773, 0.41006978834047914, 0.40459481021389365, 0.4075535307638347]
Validation ROC AUC: 0.8910757979080961
Validation Confusion Matrix: [[871, 141], [355, 968]]
Validation Precision: 0.872858431018936
Validation Recall: 0.7316704459561603
Validation F1 Score: 0.7960526315789473
Validation Accuracy: 0.7875802997858672
Test ROC AUC: 0.8741437315258771
Test Confusion Matrix: [[1071, 232], [441, 1175]]
Test Precision: 0.8351101634683724
Test Recall: 0.7271039603960396
Test F1 Score: 0.7773734700628515
Test Accuracy: 0.7694415895854745
Validation Set Size: 2335
Test Set Size: 2919
