Enhancer: E22P1G5
Label: mm_v_all
Padding: True
Batch Size: 256
Learning Rate: 2e-06
Epochs: 1000
Subset: 1.0 (number of training samples: 7)
Weight Decay: 0.01
Optimizer: adam
Coverage: 3
Jiggle: 3
Confusion Matrix: [[1.0]]
Unnormalized Confusion Matrix: [[7]]
Number of Epochs: 1000
Train Losses: [0.7011668086051941, 0.6816017031669617, 0.6900082230567932, 0.6976965665817261, 0.6809473633766174, 0.6857416033744812, 0.6933919787406921, 0.6832932233810425, 0.6840184926986694, 0.6977611184120178, 0.6890021562576294, 0.6871345639228821, 0.6809757947921753, 0.6808465719223022, 0.6957552433013916, 0.6868435144424438, 0.6946298480033875, 0.6923046708106995, 0.6884878873825073, 0.7001343369483948, 0.6929247379302979, 0.6771799325942993, 0.6846899390220642, 0.6974446773529053, 0.6703623533248901, 0.6827453374862671, 0.6936665773391724, 0.674655020236969, 0.6832303404808044, 0.6903024911880493, 0.6864166855812073, 0.6814290881156921, 0.6832693815231323, 0.6807366013526917, 0.6868433356285095, 0.6836850643157959, 0.7027290463447571, 0.677478015422821, 0.6872240304946899, 0.6762316823005676, 0.6836997270584106, 0.673707902431488, 0.6788343787193298, 0.6719761490821838, 0.6844958066940308, 0.6804552674293518, 0.683659017086029, 0.6844438910484314, 0.6719359755516052, 0.6814152002334595, 0.6823076009750366, 0.6805490851402283, 0.671553373336792, 0.6741845607757568, 0.6643833518028259, 0.6734955906867981, 0.6826598644256592, 0.6692793965339661, 0.6737819910049438, 0.6762601733207703, 0.6706688404083252, 0.6773823499679565, 0.682816743850708, 0.684431254863739, 0.6801716089248657, 0.679400622844696, 0.6730808019638062, 0.6631288528442383, 0.6664326190948486, 0.6803249716758728, 0.677735447883606, 0.6820968985557556, 0.6789789795875549, 0.6800369620323181, 0.6677668690681458, 0.6718794107437134, 0.6694326996803284, 0.6807082295417786, 0.6718063950538635, 0.6696568131446838, 0.6769818663597107, 0.6726405620574951, 0.6798592805862427, 0.668483555316925, 0.6807070374488831, 0.6776265501976013, 0.660943329334259, 0.6793359518051147, 0.6733564138412476, 0.6843666434288025, 0.675592839717865, 0.6782630681991577, 0.6619268655776978, 0.6708864569664001, 0.6539398431777954, 0.6646648645401001, 0.6688799262046814, 0.6783863306045532, 0.6776665449142456, 0.6723434925079346, 0.6747532486915588, 0.6604679226875305, 0.6658388376235962, 0.6614726185798645, 0.6689122319221497, 0.6729429960250854, 0.6722656488418579, 0.6539524793624878, 0.6620241403579712, 0.6603953838348389, 0.674335777759552, 0.6659375429153442, 0.6566634178161621, 0.662751317024231, 0.6663307547569275, 0.6565462350845337, 0.6747220158576965, 0.668765664100647, 0.6489083766937256, 0.6621206402778625, 0.6619052886962891, 0.6546320915222168, 0.674553632736206, 0.6684412360191345, 0.6619860529899597, 0.6653913855552673, 0.6591233611106873, 0.6586529016494751, 0.6591641306877136, 0.6644098162651062, 0.6620622873306274, 0.6504124402999878, 0.6707296967506409, 0.6640695929527283, 0.6534847021102905, 0.6684615015983582, 0.6579560041427612, 0.6692636609077454, 0.6591199040412903, 0.668639063835144, 0.6625199317932129, 0.666130781173706, 0.6664472818374634, 0.6530383229255676, 0.6569650173187256, 0.6556562781333923, 0.6574977040290833, 0.6482381820678711, 0.6731485724449158, 0.646880030632019, 0.6558851003646851, 0.6460756063461304, 0.6569742560386658, 0.6444442272186279, 0.6667678952217102, 0.6605746746063232, 0.6697462797164917, 0.667281985282898, 0.6498023867607117, 0.653557538986206, 0.6598079204559326, 0.6441771984100342, 0.653741180896759, 0.6495192050933838, 0.650882363319397, 0.6725040078163147, 0.6672374606132507, 0.6608203649520874, 0.6567078828811646, 0.6629396677017212, 0.6670853495597839, 0.6508396863937378, 0.6387386322021484, 0.6516698598861694, 0.6550067067146301, 0.65096515417099, 0.6553789973258972, 0.650680661201477, 0.6476678848266602, 0.6478719711303711, 0.6455718874931335, 0.6490649580955505, 0.6561826467514038, 0.6481868028640747, 0.6510120630264282, 0.6516992449760437, 0.6498101353645325, 0.6310732364654541, 0.6514497995376587, 0.6473362445831299, 0.6490297317504883, 0.646519124507904, 0.6451433897018433, 0.6520086526870728, 0.6464565992355347, 0.6477434039115906, 0.6475894451141357, 0.651278018951416, 0.6493293642997742, 0.6438177824020386, 0.6450311541557312, 0.6511567234992981, 0.6401746273040771, 0.6443831920623779, 0.6519903540611267, 0.6503632664680481, 0.6501531600952148, 0.6378228068351746, 0.637414276599884, 0.6402366161346436, 0.6461285352706909, 0.6393627524375916, 0.6334984302520752, 0.6512316465377808, 0.6402096152305603, 0.6354824304580688, 0.659066379070282, 0.6513267755508423, 0.6407268643379211, 0.6506685614585876, 0.6374485492706299, 0.6531490087509155, 0.6371356844902039, 0.6383606195449829, 0.6452564597129822, 0.6408187747001648, 0.64443439245224, 0.6364513635635376, 0.6472314596176147, 0.6320087313652039, 0.6363614201545715, 0.6380184888839722, 0.6414812207221985, 0.6516929864883423, 0.6334540843963623, 0.6293002963066101, 0.6315752267837524, 0.6335427761077881, 0.6479682922363281, 0.6348246335983276, 0.636718213558197, 0.6324034929275513, 0.6267015337944031, 0.6390115022659302, 0.6328166127204895, 0.6403473019599915, 0.6281039714813232, 0.6383256912231445, 0.6341056227684021, 0.644384503364563, 0.6283131837844849, 0.6363733410835266, 0.6310118436813354, 0.6338508725166321, 0.6469396948814392, 0.6362230181694031, 0.6529181599617004, 0.6402257680892944, 0.6360111236572266, 0.6330469846725464, 0.6338222026824951, 0.6365716457366943, 0.6500961184501648, 0.6304144263267517, 0.6413878202438354, 0.6260842084884644, 0.6341590881347656, 0.6267039775848389, 0.6249152421951294, 0.6312236189842224, 0.6291807889938354, 0.6321849822998047, 0.6220011115074158, 0.6453217267990112, 0.6289809346199036, 0.6447771787643433, 0.628211259841919, 0.6369609832763672, 0.640768826007843, 0.6352572441101074, 0.6239280104637146, 0.6381953358650208, 0.6244083642959595, 0.6298388242721558, 0.6410640478134155, 0.6237256526947021, 0.6245024800300598, 0.6183769106864929, 0.6335553526878357, 0.6314176321029663, 0.6228505969047546, 0.6364191770553589, 0.6395703554153442, 0.6249212026596069, 0.6293147802352905, 0.6339746713638306, 0.6291020512580872, 0.6160998344421387, 0.635452926158905, 0.636878490447998, 0.6344619989395142, 0.6334543228149414, 0.6196525692939758, 0.6128941774368286, 0.6253594160079956, 0.6216977834701538, 0.627292811870575, 0.642625629901886, 0.620307445526123, 0.6168661117553711, 0.6223085522651672, 0.6152810454368591, 0.6359509825706482, 0.621200680732727, 0.6352903842926025, 0.6316612958908081, 0.6236711740493774, 0.6287955045700073, 0.6370351314544678, 0.6188156008720398, 0.6318382620811462, 0.6308061480522156, 0.6219755411148071, 0.6207340955734253, 0.611409604549408, 0.6231855750083923, 0.6256396174430847, 0.634471595287323, 0.6195205450057983, 0.6275038719177246, 0.626211941242218, 0.6217621564865112, 0.6220798492431641, 0.6280801892280579, 0.6162059307098389, 0.6244844794273376, 0.6118581295013428, 0.6193460822105408, 0.6268284916877747, 0.6303156614303589, 0.6266782283782959, 0.6198440790176392, 0.6240199208259583, 0.6062526702880859, 0.6117761135101318, 0.6180989742279053, 0.6140493154525757, 0.6022037267684937, 0.6092168092727661, 0.6164547204971313, 0.6192103624343872, 0.6200499534606934, 0.621567964553833, 0.6163972616195679, 0.6068374514579773, 0.6205883026123047, 0.6153023838996887, 0.6112680435180664, 0.6303606033325195, 0.6128681898117065, 0.6253252029418945, 0.6149100065231323, 0.6243573427200317, 0.6172933578491211, 0.6044905185699463, 0.6126871109008789, 0.6009060740470886, 0.6207033395767212, 0.6190518140792847, 0.6188573241233826, 0.625203549861908, 0.6125968098640442, 0.6152095794677734, 0.6144708395004272, 0.6155340075492859, 0.6081950068473816, 0.6078051328659058, 0.6124542951583862, 0.6095860004425049, 0.5982959270477295, 0.6121191382408142, 0.6139118671417236, 0.619836688041687, 0.6206738948822021, 0.6095747947692871, 0.6111571788787842, 0.6151914000511169, 0.6106662750244141, 0.5942506194114685, 0.597549319267273, 0.6236006021499634, 0.6130430102348328, 0.6190590262413025, 0.6054727435112, 0.6022294163703918, 0.6008904576301575, 0.6079710125923157, 0.6134305000305176, 0.6119134426116943, 0.6044899821281433, 0.6040539741516113, 0.6107559204101562, 0.6031074523925781, 0.6087377071380615, 0.5905173420906067, 0.6192378997802734, 0.6128145456314087, 0.5965497493743896, 0.6173886060714722, 0.5991686582565308, 0.6019777655601501, 0.6017062067985535, 0.6096545457839966, 0.6069237589836121, 0.6240572333335876, 0.600507915019989, 0.6026350259780884, 0.6066532135009766, 0.6024255156517029, 0.6077426075935364, 0.6042498350143433, 0.5995791554450989, 0.6097724437713623, 0.6069578528404236, 0.6108903288841248, 0.5980512499809265, 0.5995967984199524, 0.6076585650444031, 0.5974788665771484, 0.6010587215423584, 0.6026080250740051, 0.6112574934959412, 0.6063201427459717, 0.617114245891571, 0.6060866713523865, 0.5964468717575073, 0.5975379943847656, 0.5899686813354492, 0.6071332097053528, 0.6028663516044617, 0.5972135066986084, 0.6007319688796997, 0.6001993417739868, 0.613550066947937, 0.6016815304756165, 0.6045866012573242, 0.6024913787841797, 0.594566822052002, 0.6107091903686523, 0.6020441055297852, 0.5933749675750732, 0.5901117324829102, 0.6025276184082031, 0.5951941609382629, 0.6033574342727661, 0.5962655544281006, 0.6001194715499878, 0.5981048941612244, 0.6037545204162598, 0.5965527296066284, 0.5965245962142944, 0.6210322380065918, 0.593847930431366, 0.5966607928276062, 0.5888002514839172, 0.5913521647453308, 0.5936819911003113, 0.6070259213447571, 0.5984756350517273, 0.5912567973136902, 0.599036693572998, 0.5956514477729797, 0.6012360453605652, 0.5972754955291748, 0.5923213958740234, 0.5904744863510132, 0.5872488021850586, 0.5898203253746033, 0.5962721109390259, 0.5938577651977539, 0.5899115800857544, 0.590460479259491, 0.5858190059661865, 0.5920398831367493, 0.6025945544242859, 0.5911087393760681, 0.5831513404846191, 0.5853196382522583, 0.5986099243164062, 0.599195659160614, 0.5862506031990051, 0.5970726013183594, 0.5994767546653748, 0.5937835574150085, 0.5945857167243958, 0.5901950597763062, 0.5880312323570251, 0.5843780636787415, 0.5999377965927124, 0.5873439311981201, 0.5926262736320496, 0.5948959589004517, 0.5938944220542908, 0.5857428908348083, 0.6128919124603271, 0.5915848612785339, 0.5829033255577087, 0.5919185876846313, 0.5906040072441101, 0.577384889125824, 0.5848510265350342, 0.5831656455993652, 0.575162410736084, 0.5951191782951355, 0.5934402346611023, 0.5869267582893372, 0.5865773558616638, 0.5882545709609985, 0.5869620442390442, 0.5720950961112976, 0.5922655463218689, 0.580683708190918, 0.5894408226013184, 0.5892347693443298, 0.5962365865707397, 0.5737959146499634, 0.5933282971382141, 0.6006220579147339, 0.5932695865631104, 0.587990939617157, 0.6055589914321899, 0.5874373316764832, 0.5842882990837097, 0.5868453979492188, 0.58851158618927, 0.5870717167854309, 0.5805997848510742, 0.592762291431427, 0.5809112787246704, 0.589463472366333, 0.5890533328056335, 0.5945529341697693, 0.5845362544059753, 0.5713363885879517, 0.5876516699790955, 0.5770784616470337, 0.586093544960022, 0.5867393016815186, 0.5886819362640381, 0.5879824757575989, 0.5761946439743042, 0.5862174034118652, 0.5805908441543579, 0.5881707668304443, 0.5712226033210754, 0.5840544700622559, 0.5920599102973938, 0.5804201364517212, 0.579797625541687, 0.5744974613189697, 0.5745342373847961, 0.5944766998291016, 0.5731887817382812, 0.591748833656311, 0.579291820526123, 0.5961493253707886, 0.574198842048645, 0.5762640237808228, 0.5758134126663208, 0.5747937560081482, 0.5788027048110962, 0.5819980502128601, 0.5894843935966492, 0.5860174298286438, 0.5831598043441772, 0.5746495127677917, 0.5741695165634155, 0.589009165763855, 0.5821722745895386, 0.5747697353363037, 0.5836130380630493, 0.5839934349060059, 0.5870622992515564, 0.5893298387527466, 0.5795090794563293, 0.5799641013145447, 0.5864670872688293, 0.5711745619773865, 0.5753807425498962, 0.5750056505203247, 0.5776045918464661, 0.5728641748428345, 0.5783480405807495, 0.585544764995575, 0.5829165577888489, 0.5594159364700317, 0.5738140344619751, 0.5740936994552612, 0.5625264644622803, 0.5703399777412415, 0.5660383701324463, 0.5777021646499634, 0.5675269365310669, 0.5726856589317322, 0.5794661045074463, 0.5886508822441101, 0.5742022395133972, 0.5788387656211853, 0.5712130665779114, 0.5734783411026001, 0.5675666332244873, 0.5707990527153015, 0.5737886428833008, 0.5758559107780457, 0.5803560614585876, 0.5690986514091492, 0.5711715221405029, 0.565590500831604, 0.5705703496932983, 0.5646770000457764, 0.5709124803543091, 0.5615835785865784, 0.5714352130889893, 0.5742365121841431, 0.5669583082199097, 0.5780966877937317, 0.5748507976531982, 0.565092921257019, 0.5797537565231323, 0.5639206171035767, 0.5657323598861694, 0.5761219263076782, 0.583672046661377, 0.5657593011856079, 0.5710500478744507, 0.5683459639549255, 0.578395664691925, 0.5639296770095825, 0.5733975768089294, 0.5592585802078247, 0.5655713677406311, 0.5689505338668823, 0.5618940591812134, 0.5752434730529785, 0.5646952986717224, 0.561619222164154, 0.5667341947555542, 0.5715120434761047, 0.5699846744537354, 0.5651918649673462, 0.5613889098167419, 0.5707802772521973, 0.5597128868103027, 0.5721163749694824, 0.569457471370697, 0.5569864511489868, 0.5559179186820984, 0.5686549544334412, 0.5553698539733887, 0.5727035403251648, 0.5547287464141846, 0.5624168515205383, 0.5690377950668335, 0.5648689270019531, 0.5540972948074341, 0.5668779611587524, 0.5619970560073853, 0.5625461339950562, 0.5604817867279053, 0.5581261515617371, 0.5597845315933228, 0.5565581321716309, 0.5698482394218445, 0.5728108882904053, 0.5555188059806824, 0.5570616722106934, 0.5698490142822266, 0.5667620301246643, 0.5628601908683777, 0.5574716329574585, 0.5663174390792847, 0.5542188882827759, 0.5582727789878845, 0.5515024065971375, 0.5560105443000793, 0.5495864152908325, 0.5659863948822021, 0.5587815642356873, 0.5627785921096802, 0.562853217124939, 0.5610386729240417, 0.5559195280075073, 0.5585209727287292, 0.5543800592422485, 0.5467818975448608, 0.5644785761833191, 0.56241774559021, 0.5646233558654785, 0.552808940410614, 0.5551246404647827, 0.5467349886894226, 0.559019923210144, 0.5694577693939209, 0.5668574571609497, 0.5738382339477539, 0.5526905059814453, 0.5608150362968445, 0.5578764081001282, 0.5755057334899902, 0.5454307794570923, 0.5626643896102905, 0.5591084361076355, 0.5684035420417786, 0.5642367005348206, 0.5473353266716003, 0.564378023147583, 0.558104932308197, 0.5572090148925781, 0.5554312467575073, 0.5450872182846069, 0.5687110424041748, 0.5504021048545837, 0.5442178249359131, 0.5481031537055969, 0.557327151298523, 0.5436320304870605, 0.5528939962387085, 0.555407702922821, 0.5523390769958496, 0.5534988641738892, 0.541702151298523, 0.5429894328117371, 0.5532017946243286, 0.548169732093811, 0.5491373538970947, 0.547412633895874, 0.5565201044082642, 0.5471681356430054, 0.5618330836296082, 0.5446385741233826, 0.5539520978927612, 0.5587137937545776, 0.5496137738227844, 0.5553992390632629, 0.553246796131134, 0.5529764294624329, 0.5589171648025513, 0.5501657724380493, 0.5531152486801147, 0.542809784412384, 0.5509699583053589, 0.5541591644287109, 0.552190899848938, 0.550670325756073, 0.5557856559753418, 0.5377289056777954, 0.5478484630584717, 0.544096827507019, 0.5317391157150269, 0.5505267977714539, 0.5557243824005127, 0.5547930598258972, 0.5576809644699097, 0.5516805052757263, 0.5406332015991211, 0.5388609170913696, 0.553020715713501, 0.5533142685890198, 0.5487157106399536, 0.5433946847915649, 0.5389596223831177, 0.542035698890686, 0.5354937314987183, 0.534837007522583, 0.5446984171867371, 0.5407588481903076, 0.5361311435699463, 0.5384812951087952, 0.552625834941864, 0.5422932505607605, 0.5460594296455383, 0.548058271408081, 0.5388419032096863, 0.5378607511520386, 0.5423750281333923, 0.5496975183486938, 0.5610802173614502, 0.5489311814308167, 0.546591579914093, 0.5418597459793091, 0.536521852016449, 0.5475165843963623, 0.5440822839736938, 0.5538524985313416, 0.5488967895507812, 0.5489541292190552, 0.5401232242584229, 0.5408743619918823, 0.5452147722244263, 0.5461532473564148, 0.5475801229476929, 0.5332573652267456, 0.5463935732841492, 0.5455424189567566, 0.5404453873634338, 0.5408884286880493, 0.5492597818374634, 0.5438326001167297, 0.5290563106536865, 0.5358431935310364, 0.5525944232940674, 0.5451290011405945, 0.5449377298355103, 0.5426305532455444, 0.5397895574569702, 0.5460957884788513, 0.5432003140449524, 0.5337833762168884, 0.5464993715286255, 0.5311298370361328, 0.5443300604820251, 0.5366105437278748, 0.5413397550582886, 0.54401034116745, 0.5437216758728027, 0.5429237484931946, 0.5443987250328064, 0.5246890187263489, 0.5421158075332642, 0.5470255613327026, 0.5429214239120483, 0.5431855320930481, 0.541664183139801, 0.5460721850395203, 0.5353402495384216, 0.543846845626831, 0.5474214553833008, 0.5471738576889038, 0.5337751507759094, 0.5315620303153992, 0.5254103541374207, 0.5351934432983398, 0.5320655703544617, 0.5293240547180176, 0.539886474609375, 0.5420112013816833, 0.5373488664627075, 0.5431514978408813, 0.5294939875602722, 0.5417559146881104, 0.5343515872955322, 0.5382031798362732, 0.5240445137023926, 0.5482742190361023, 0.5332577228546143, 0.5282896161079407, 0.5334368944168091, 0.5432788133621216, 0.5333425998687744, 0.5319725871086121, 0.5352767705917358, 0.5302475094795227, 0.5392785668373108, 0.5225639343261719, 0.5382668375968933, 0.5266532897949219, 0.5283668637275696, 0.5310600996017456, 0.531623125076294, 0.5349941253662109, 0.5327566266059875, 0.5270602107048035, 0.5332172513008118, 0.5201916694641113, 0.5437799692153931, 0.5408819317817688, 0.5371413230895996, 0.5163053870201111, 0.5261045694351196, 0.5326753854751587, 0.5314581990242004, 0.5190204381942749, 0.5297307372093201, 0.5267354846000671, 0.5248655676841736, 0.5239641666412354, 0.5204405188560486, 0.5157588720321655, 0.5379654765129089, 0.5261220932006836, 0.516113817691803, 0.5406345725059509, 0.5227887034416199, 0.5328512191772461, 0.536089301109314, 0.5168746113777161, 0.5306586027145386, 0.5321866869926453, 0.5167048573493958, 0.5307751893997192, 0.5344545841217041, 0.5287190675735474, 0.5234588384628296, 0.5195774435997009, 0.5222362279891968, 0.5214134454727173, 0.5144209265708923, 0.5248743891716003, 0.5332319736480713, 0.5248558521270752, 0.5197064876556396, 0.5268563628196716, 0.5179134607315063, 0.5248796343803406, 0.5296870470046997, 0.5156775712966919, 0.5223002433776855, 0.5244752764701843, 0.5220288038253784, 0.5179912447929382, 0.5243321061134338, 0.516054093837738, 0.5242812037467957, 0.5347102880477905, 0.5229014754295349, 0.5192524194717407, 0.5166133642196655, 0.5164170265197754, 0.5095068216323853, 0.5167331099510193, 0.5116199851036072, 0.5317522883415222, 0.5231324434280396, 0.5116159915924072, 0.513091504573822, 0.5133641362190247, 0.5173293352127075, 0.5229712724685669, 0.5312111377716064, 0.5274618268013, 0.5271849632263184, 0.5278452038764954, 0.5215880870819092, 0.5230329036712646, 0.5231411457061768, 0.5155478715896606, 0.5214645266532898, 0.5253645777702332, 0.5211454629898071, 0.5149124264717102, 0.5232812166213989, 0.5115259289741516, 0.5184885859489441, 0.522958517074585, 0.5064926147460938, 0.5305944681167603, 0.5319258570671082, 0.5115793347358704, 0.5109795928001404, 0.5234891772270203, 0.5217837691307068, 0.5102723240852356, 0.5231707692146301, 0.508367657661438, 0.519040048122406, 0.5121965408325195, 0.5254430174827576, 0.5113890171051025, 0.5255354642868042, 0.5114434361457825, 0.5087971687316895, 0.5224030613899231, 0.5239865183830261, 0.50689697265625, 0.5102294683456421, 0.5134078860282898, 0.5100863575935364, 0.5086866021156311, 0.5092723369598389, 0.5122001767158508, 0.5126507878303528, 0.5051223039627075, 0.509242057800293, 0.5151921510696411, 0.5185157656669617, 0.5038861036300659, 0.5110743641853333, 0.5084668397903442, 0.5237610936164856, 0.5088621377944946, 0.5142040252685547, 0.5030601024627686, 0.504450261592865, 0.5137755870819092, 0.5119978189468384, 0.5153786540031433, 0.5040764808654785, 0.5206291675567627, 0.5143218636512756, 0.514806866645813]
Validation Losses: [0.6937666535377502, 0.6930841207504272, 0.6937433481216431, 0.694649338722229, 0.6951296925544739, 0.6944997310638428, 0.6946415305137634, 0.6961972117424011, 0.6982055902481079, 0.7005177140235901, 0.7029472589492798, 0.7060238122940063, 0.7083423137664795, 0.7108190059661865, 0.7128766775131226, 0.7156880497932434, 0.7172808051109314, 0.7189496159553528, 0.720212996006012, 0.7211582064628601, 0.7219003438949585, 0.7233960032463074, 0.7247506976127625, 0.7246794104576111, 0.7240989208221436, 0.7230798602104187, 0.7232367992401123, 0.7222877740859985, 0.7197927832603455, 0.7205860018730164, 0.7192644476890564, 0.7177724242210388, 0.7171517014503479, 0.7143355011940002, 0.7142913937568665, 0.7072712182998657, 0.7109110951423645, 0.7078806161880493, 0.7063676118850708, 0.7021142840385437, 0.703656792640686, 0.6995819807052612, 0.700895369052887, 0.6920983791351318, 0.6932159066200256, 0.6914948225021362, 0.6837260723114014, 0.693755567073822, 0.6911712884902954, 0.6873517632484436, 0.6807543039321899, 0.6820597052574158, 0.6880038380622864, 0.6791556477546692, 0.6851922273635864, 0.6777785420417786, 0.6789316534996033, 0.6755698919296265, 0.6825918555259705, 0.6742737293243408, 0.6810867190361023, 0.6774237751960754, 0.6766447424888611, 0.6707316040992737, 0.675828754901886, 0.6723793148994446, 0.674595296382904, 0.6677470803260803, 0.6679457426071167, 0.6670138835906982, 0.6720282435417175, 0.66912442445755, 0.6714112758636475, 0.6654539108276367, 0.6587898135185242, 0.6678215265274048, 0.6680019497871399, 0.6710291504859924, 0.6611301302909851, 0.6605947017669678, 0.6695574522018433, 0.6694546937942505, 0.6593679785728455, 0.6712521314620972, 0.6684828996658325, 0.6615383625030518, 0.6670858263969421, 0.6540478467941284, 0.6661948561668396, 0.6627210974693298, 0.662033200263977, 0.6680212616920471, 0.6590926051139832, 0.6592233180999756, 0.6649783253669739, 0.6646674871444702, 0.6618949770927429, 0.6556621789932251, 0.6544983983039856, 0.6615225076675415, 0.6614087224006653, 0.6601517796516418, 0.6629969477653503, 0.6570632457733154, 0.6633230447769165, 0.6536843776702881, 0.6597636342048645, 0.655578076839447, 0.6651765704154968, 0.6494232416152954, 0.665907621383667, 0.6638779044151306, 0.6547762751579285, 0.6570815443992615, 0.6503205299377441, 0.6665066480636597, 0.6569489240646362, 0.6557168960571289, 0.6560781002044678, 0.659062385559082, 0.6553133726119995, 0.6521831750869751, 0.6513275504112244, 0.6521291732788086, 0.654796838760376, 0.6541776657104492, 0.6548445820808411, 0.6473815441131592, 0.6573149561882019, 0.6598885655403137, 0.6462613940238953, 0.645927906036377, 0.6548311710357666, 0.6479299068450928, 0.6505407094955444, 0.6537918448448181, 0.6473875045776367, 0.6532630920410156, 0.6529285907745361, 0.6534765958786011, 0.643346905708313, 0.6556219458580017, 0.6559168696403503, 0.6484273076057434, 0.6452944874763489, 0.6443727016448975, 0.650510311126709, 0.644591748714447, 0.6438980102539062, 0.6504640579223633, 0.6478959918022156, 0.6446153521537781, 0.6447407007217407, 0.6511414051055908, 0.6472980976104736, 0.6485612988471985, 0.6459128856658936, 0.6539807319641113, 0.6475068926811218, 0.6445047855377197, 0.6411932706832886, 0.6407010555267334, 0.6370205283164978, 0.6465463042259216, 0.6462318897247314, 0.6519507169723511, 0.6452268958091736, 0.6485395431518555, 0.6488295793533325, 0.6417872309684753, 0.6478981375694275, 0.6503927111625671, 0.6443583369255066, 0.6385239362716675, 0.6417000889778137, 0.6480216383934021, 0.6416446566581726, 0.6408810019493103, 0.6399562954902649, 0.64274001121521, 0.6418043971061707, 0.6451050639152527, 0.6444935202598572, 0.6363477110862732, 0.6387168765068054, 0.6437409520149231, 0.6412984728813171, 0.6432105302810669, 0.6311551928520203, 0.6427644491195679, 0.6332313418388367, 0.6394714713096619, 0.6357318758964539, 0.6388643980026245, 0.6358058452606201, 0.638299822807312, 0.6416510343551636, 0.6347915530204773, 0.6344038248062134, 0.6347054243087769, 0.628452479839325, 0.6284817457199097, 0.6396936774253845, 0.6393786668777466, 0.6304044723510742, 0.6394932270050049, 0.6362707018852234, 0.6356517672538757, 0.6301989555358887, 0.6360995173454285, 0.6353294253349304, 0.6351687908172607, 0.629612147808075, 0.6418067812919617, 0.6262971758842468, 0.6352776288986206, 0.6288785338401794, 0.6375716328620911, 0.6284292936325073, 0.6303474307060242, 0.6372156143188477, 0.636803150177002, 0.6275580525398254, 0.6365760564804077, 0.6324790716171265, 0.6328026652336121, 0.6297847628593445, 0.6320436000823975, 0.6393941044807434, 0.6345075964927673, 0.6371564269065857, 0.6287006139755249, 0.6310747265815735, 0.6366147994995117, 0.6253569722175598, 0.6252362132072449, 0.6307441592216492, 0.6356027126312256, 0.6269165873527527, 0.6326125860214233, 0.6270129680633545, 0.6330506801605225, 0.6291954517364502, 0.6285765767097473, 0.6257733106613159, 0.631069540977478, 0.6253799200057983, 0.630300760269165, 0.6358855962753296, 0.6275986433029175, 0.6279125213623047, 0.6246628761291504, 0.6328284740447998, 0.6212365627288818, 0.6237887144088745, 0.617495059967041, 0.6310040354728699, 0.6236721277236938, 0.6230000257492065, 0.6262074708938599, 0.6286575198173523, 0.6287434697151184, 0.6320382952690125, 0.6263718008995056, 0.6234102249145508, 0.6261192560195923, 0.6322745084762573, 0.6289830207824707, 0.6197273135185242, 0.6229446530342102, 0.6259781718254089, 0.6224240064620972, 0.6321109533309937, 0.6245337724685669, 0.6254714131355286, 0.61848384141922, 0.6264369487762451, 0.6176393628120422, 0.6201087832450867, 0.6227215528488159, 0.6256646513938904, 0.6222919225692749, 0.6196290850639343, 0.6163351535797119, 0.6245720982551575, 0.6185599565505981, 0.6180185675621033, 0.6187136769294739, 0.620306670665741, 0.6207574009895325, 0.6297434568405151, 0.6207565069198608, 0.6145206689834595, 0.6135701537132263, 0.613457441329956, 0.619038999080658, 0.6247838735580444, 0.6224834322929382, 0.6215326189994812, 0.6153414249420166, 0.6147036552429199, 0.6207513213157654, 0.6179134249687195, 0.6238803863525391, 0.6120367050170898, 0.6178943514823914, 0.6183351874351501, 0.6201537251472473, 0.6174613237380981, 0.6112169623374939, 0.6168658137321472, 0.6127199530601501, 0.6217970252037048, 0.6135270595550537, 0.6185572743415833, 0.6149628758430481, 0.6160172820091248, 0.6146821975708008, 0.6088497042655945, 0.6147430539131165, 0.6109207272529602, 0.6136717200279236, 0.6103337407112122, 0.6100810170173645, 0.6220554709434509, 0.6130468249320984, 0.6108443140983582, 0.6206748485565186, 0.613099992275238, 0.6191505193710327, 0.6100231409072876, 0.6160055994987488, 0.612003743648529, 0.609553337097168, 0.6087846755981445, 0.6137282848358154, 0.6088171005249023, 0.6111830472946167, 0.6145040988922119, 0.6079810261726379, 0.610942542552948, 0.6045626997947693, 0.6155229806900024, 0.6106075644493103, 0.6064625978469849, 0.6071690320968628, 0.6062761545181274, 0.6124474406242371, 0.6062992811203003, 0.6033918261528015, 0.6118804812431335, 0.6031773090362549, 0.6115302443504333, 0.6060550212860107, 0.6087582111358643, 0.6138982176780701, 0.6105987429618835, 0.5993596911430359, 0.6044718623161316, 0.6104152202606201, 0.6017348766326904, 0.6092151403427124, 0.6096237897872925, 0.600928544998169, 0.6010745763778687, 0.6003344655036926, 0.609398365020752, 0.6125462651252747, 0.6056495904922485, 0.6064670085906982, 0.5994648337364197, 0.5972695350646973, 0.6024591326713562, 0.5988562703132629, 0.6019719243049622, 0.604002833366394, 0.6075530052185059, 0.5981882214546204, 0.6058827638626099, 0.5976123809814453, 0.6057505011558533, 0.6004854440689087, 0.5977923274040222, 0.594030499458313, 0.5964959859848022, 0.5990923047065735, 0.595924973487854, 0.5984033942222595, 0.6012718677520752, 0.6037336587905884, 0.5951858758926392, 0.5949884653091431, 0.5985027551651001, 0.5977624654769897, 0.608960747718811, 0.6036194562911987, 0.6002490520477295, 0.6007644534111023, 0.5972270965576172, 0.5945413112640381, 0.5970475673675537, 0.6035405993461609, 0.5915725231170654, 0.6032795310020447, 0.5976495146751404, 0.600325345993042, 0.6004670858383179, 0.591052234172821, 0.5998787879943848, 0.5955860018730164, 0.5992587208747864, 0.5952709317207336, 0.6007351875305176, 0.5944148898124695, 0.6004967093467712, 0.5908697247505188, 0.5999269485473633, 0.5989652872085571, 0.5914438962936401, 0.5905975699424744, 0.5936391353607178, 0.5985697507858276, 0.5927011966705322, 0.593099057674408, 0.5976926684379578, 0.5897128582000732, 0.5981385707855225, 0.598211944103241, 0.5976948142051697, 0.6007330417633057, 0.5941464900970459, 0.5912189483642578, 0.5910739302635193, 0.5934249758720398, 0.5913468599319458, 0.5872561931610107, 0.5934029817581177, 0.5879557728767395, 0.5978140234947205, 0.5844590067863464, 0.5960648059844971, 0.5898873805999756, 0.5897042751312256, 0.5921441316604614, 0.592406690120697, 0.5917937755584717, 0.5916975736618042, 0.5951859951019287, 0.585727870464325, 0.5977687835693359, 0.5849307179450989, 0.5902966856956482, 0.5899804830551147, 0.5901319980621338, 0.587483823299408, 0.592027485370636, 0.5871207118034363, 0.5836898684501648, 0.5926005840301514, 0.5872405767440796, 0.592070996761322, 0.589424729347229, 0.583789587020874, 0.5883539915084839, 0.5831413269042969, 0.5921964645385742, 0.594998836517334, 0.5862576961517334, 0.5857555270195007, 0.5874201059341431, 0.5850846767425537, 0.590557336807251, 0.5933483839035034, 0.5871207118034363, 0.5876607894897461, 0.5894047617912292, 0.5897361636161804, 0.5836297273635864, 0.5805402994155884, 0.5830070972442627, 0.5835034847259521, 0.582952618598938, 0.5821713209152222, 0.5900915265083313, 0.5843155980110168, 0.5866241455078125, 0.58372563123703, 0.5843395590782166, 0.5838231444358826, 0.5806025266647339, 0.5890487432479858, 0.5800685882568359, 0.5827824473381042, 0.5801347494125366, 0.5884632468223572, 0.5798060894012451, 0.5881338119506836, 0.5826109647750854, 0.5804704427719116, 0.5791762471199036, 0.5798859596252441, 0.5885597467422485, 0.5769186019897461, 0.5847973227500916, 0.581436276435852, 0.5812454223632812, 0.5812934041023254, 0.5817897319793701, 0.5784001350402832, 0.5839325785636902, 0.5779405832290649, 0.5801047086715698, 0.5852245688438416, 0.5820677280426025, 0.5801795125007629, 0.5848233103752136, 0.5773937702178955, 0.5764626264572144, 0.5790324211120605, 0.5800344944000244, 0.58354252576828, 0.5848600268363953, 0.5792340040206909, 0.5812332034111023, 0.5778525471687317, 0.5729783773422241, 0.5745986104011536, 0.5770986676216125, 0.5742325782775879, 0.5751449465751648, 0.5746599435806274, 0.5736565589904785, 0.5712450742721558, 0.5738455057144165, 0.5812762975692749, 0.5785054564476013, 0.5732733607292175, 0.5685256719589233, 0.5804066061973572, 0.5729607343673706, 0.5754902958869934, 0.574180006980896, 0.574884295463562, 0.5769881010055542, 0.5737543106079102, 0.5691461563110352, 0.5797159075737, 0.5658363699913025, 0.5737869143486023, 0.5716831088066101, 0.5767782926559448, 0.5763692855834961, 0.5764341354370117, 0.5680438876152039, 0.5701825022697449, 0.5653913021087646, 0.5698082447052002, 0.5758894681930542, 0.5779420137405396, 0.5720646977424622, 0.5742044448852539, 0.5690214037895203, 0.5715292692184448, 0.5768594741821289, 0.5681340098381042, 0.5705308318138123, 0.5725558400154114, 0.5651931166648865, 0.5704073905944824, 0.5698993802070618, 0.5747405886650085, 0.570014238357544, 0.5673297643661499, 0.5677087306976318, 0.5775098204612732, 0.5670534372329712, 0.5690904855728149, 0.5637029409408569, 0.5655972957611084, 0.5686007738113403, 0.5692585706710815, 0.5641013979911804, 0.57279372215271, 0.5684380531311035, 0.5657334923744202, 0.572068989276886, 0.5721824169158936, 0.5700656175613403, 0.567118763923645, 0.5669782161712646, 0.5665363669395447, 0.5711027979850769, 0.5635173916816711, 0.5656062364578247, 0.5587851405143738, 0.5636779069900513, 0.5634356737136841, 0.568879246711731, 0.5664262175559998, 0.5681704878807068, 0.5632156729698181, 0.5675485134124756, 0.5677515864372253, 0.5678564310073853, 0.565083920955658, 0.5647497177124023, 0.5675375461578369, 0.5658127069473267, 0.5695402026176453, 0.5619542598724365, 0.5672789812088013, 0.5718861818313599, 0.5622447729110718, 0.5590378046035767, 0.5693203806877136, 0.5633083581924438, 0.5656306147575378, 0.5606590509414673, 0.5630790591239929, 0.5626660585403442, 0.5650531053543091, 0.5579043626785278, 0.5583636164665222, 0.5630413889884949, 0.5605693459510803, 0.5600083470344543, 0.5573707818984985, 0.5593611001968384, 0.559347927570343, 0.5615971684455872, 0.561653733253479, 0.5631795525550842, 0.5586459636688232, 0.5581473112106323, 0.565497875213623, 0.56041419506073, 0.5533900856971741, 0.5580934286117554, 0.5577074289321899, 0.5647876262664795, 0.5621618032455444, 0.5575445294380188, 0.5572590827941895, 0.5616239905357361, 0.5568549036979675, 0.5640426278114319, 0.5579072833061218, 0.5647570490837097, 0.5547503232955933, 0.5571903586387634, 0.557132363319397, 0.5615373849868774, 0.5589327216148376, 0.5519232153892517, 0.5589684247970581, 0.5570173263549805, 0.5563564300537109, 0.5583419799804688, 0.5540142059326172, 0.5538689494132996, 0.5554528832435608, 0.5561874508857727, 0.559802234172821, 0.5558423399925232, 0.5556835532188416, 0.5533087253570557, 0.5574172139167786, 0.5555152297019958, 0.5528615713119507, 0.5549103021621704, 0.5555334091186523, 0.5525389313697815, 0.558462917804718, 0.5504206418991089, 0.557732343673706, 0.5537585616111755, 0.5532892942428589, 0.5528680682182312, 0.5531414747238159, 0.5566608905792236, 0.5489661693572998, 0.5506008267402649, 0.5521185994148254, 0.5521523356437683, 0.5484583377838135, 0.5542697310447693, 0.5558726191520691, 0.5469964742660522, 0.5519005060195923, 0.5508252382278442, 0.5486197471618652, 0.5518988370895386, 0.5549023151397705, 0.5517861247062683, 0.5507709980010986, 0.5486496686935425, 0.5467403531074524, 0.5484335422515869, 0.5540040731430054, 0.5476711988449097, 0.5497667193412781, 0.549672544002533, 0.555140495300293, 0.5469763278961182, 0.5471276044845581, 0.5493292212486267, 0.5508064031600952, 0.5525368452072144, 0.5481936931610107, 0.550083339214325, 0.5478898286819458, 0.5481254458427429, 0.5440467596054077, 0.5455129146575928, 0.5455634593963623, 0.5497584342956543, 0.5510932803153992, 0.5509843826293945, 0.5434238910675049, 0.5433005690574646, 0.5433979034423828, 0.5502046346664429, 0.5502784252166748, 0.5501695871353149, 0.5490977764129639, 0.5511918067932129, 0.5491524934768677, 0.5465155243873596, 0.5461280345916748, 0.5462502837181091, 0.542297899723053, 0.5505157113075256, 0.5499365925788879, 0.5459653735160828, 0.5488530993461609, 0.5429112911224365, 0.5452035069465637, 0.5424191951751709, 0.5473564863204956, 0.5484597682952881, 0.5419806241989136, 0.5436633825302124, 0.5439645648002625, 0.5455979704856873, 0.5442418456077576, 0.5410436987876892, 0.5430240631103516, 0.5436819791793823, 0.5436689853668213, 0.5451852679252625, 0.5411561727523804, 0.5438812375068665, 0.5403071045875549, 0.5416802763938904, 0.5414198637008667, 0.5401761531829834, 0.5417024493217468, 0.5419280529022217, 0.5392448306083679, 0.5412715673446655, 0.5408769845962524, 0.5383691191673279, 0.5422136783599854, 0.5398015975952148, 0.5437825918197632, 0.5379223227500916, 0.5437135100364685, 0.5431646704673767, 0.5375410914421082, 0.542020320892334, 0.5439738631248474, 0.5432488322257996, 0.5398885607719421, 0.535719096660614, 0.5358353853225708, 0.5372508764266968, 0.5407037138938904, 0.537146270275116, 0.5408775210380554, 0.5405535101890564, 0.5401191711425781, 0.5402413606643677, 0.5382752418518066, 0.5358902215957642, 0.5373383164405823, 0.5340369343757629, 0.5375231504440308, 0.5383984446525574, 0.5384662747383118, 0.5392285585403442, 0.5393588542938232, 0.538368821144104, 0.5323179364204407, 0.5402344465255737, 0.534325122833252, 0.5378596782684326, 0.5330647826194763, 0.5370551943778992, 0.5347416400909424, 0.5386614203453064, 0.5344884991645813, 0.5334357023239136, 0.5345628261566162, 0.5316447615623474, 0.5314745903015137, 0.5310657620429993, 0.5289549231529236, 0.5355398654937744, 0.5372312068939209, 0.5371071696281433, 0.5323038101196289, 0.5382667779922485, 0.5341156721115112, 0.5298219323158264, 0.5357491970062256, 0.530089795589447, 0.5321558713912964, 0.5359612703323364, 0.5302391648292542, 0.5381001234054565, 0.537782609462738, 0.5337132215499878, 0.5355589389801025, 0.5290943384170532, 0.5289422869682312, 0.527044951915741, 0.5345203876495361, 0.5281686782836914, 0.5284108519554138, 0.527536153793335, 0.5294696092605591, 0.5271230340003967, 0.5311838984489441, 0.5261256694793701, 0.5307115316390991, 0.5288072824478149, 0.5260989665985107, 0.5305721163749695, 0.5236570239067078, 0.529843807220459, 0.5291693806648254, 0.5310050249099731, 0.5318926572799683, 0.5312871932983398, 0.5267385244369507, 0.5226656198501587, 0.5245718955993652, 0.5203921794891357, 0.5265405178070068, 0.5269964933395386, 0.5282713770866394, 0.5237637758255005, 0.5260498523712158, 0.5274814367294312, 0.5210608243942261, 0.5225376486778259, 0.5247989296913147, 0.5263521075248718, 0.5265272855758667, 0.5220147967338562, 0.5220322012901306, 0.5198208689689636, 0.5275259017944336, 0.5218395590782166, 0.5254267454147339, 0.5236552357673645, 0.5217522382736206, 0.5275160670280457, 0.5256397724151611, 0.5207052230834961, 0.5191932916641235, 0.5213465690612793, 0.5268051624298096, 0.520585298538208, 0.5220191478729248, 0.52622389793396, 0.5277942419052124, 0.5201824307441711, 0.5212287306785583, 0.5197127461433411, 0.5212199687957764, 0.524807333946228, 0.5215195417404175, 0.5204893350601196, 0.5203240513801575, 0.5218713283538818, 0.5196673274040222, 0.52159184217453, 0.5217301845550537, 0.5218775272369385, 0.5184826850891113, 0.5199435353279114, 0.5193754434585571, 0.5200704336166382, 0.5195218920707703, 0.5189918279647827, 0.5191317796707153, 0.5166749358177185, 0.5189309120178223, 0.5133864879608154, 0.5168933272361755, 0.5186236500740051, 0.5182551741600037, 0.5162016153335571, 0.5161013603210449, 0.5191171169281006, 0.5227476954460144, 0.5150207281112671, 0.5155729651451111, 0.5194720029830933, 0.5169371366500854, 0.5148565769195557, 0.5169037580490112, 0.5185533761978149, 0.5129339098930359, 0.5146059989929199, 0.5142070055007935, 0.5175632238388062, 0.5140683650970459, 0.5196307897567749, 0.5133205056190491, 0.5168889164924622, 0.5152930021286011, 0.5115107893943787, 0.5185906291007996, 0.5132443308830261, 0.5128963589668274, 0.5112566351890564, 0.5145329236984253, 0.5125535130500793, 0.5162981748580933, 0.5163796544075012, 0.5180364847183228, 0.5178221464157104, 0.5122590065002441, 0.511399507522583, 0.517198920249939, 0.5128440856933594, 0.5076549053192139, 0.5111421346664429, 0.5125419497489929, 0.5127546787261963, 0.5082597136497498, 0.5156309008598328, 0.5161852836608887, 0.5140981078147888, 0.5138370394706726, 0.5138294696807861, 0.5133620500564575, 0.5131403803825378, 0.5114439725875854, 0.5112018585205078, 0.5111448764801025, 0.5054302215576172, 0.512574315071106, 0.5069082975387573, 0.5080873370170593, 0.5078561305999756, 0.5116080045700073, 0.5039216876029968, 0.5077995657920837, 0.5086926817893982, 0.5095776915550232, 0.5075713992118835, 0.5083721280097961, 0.5089618563652039, 0.5100308656692505, 0.5080822706222534, 0.5104297995567322, 0.5075852870941162, 0.5119605660438538, 0.5075585246086121, 0.5074462294578552, 0.5051848292350769, 0.5073570609092712, 0.504973828792572, 0.5065295100212097, 0.5105711221694946, 0.506222665309906, 0.5017921924591064, 0.5052658915519714, 0.5052586197853088, 0.5050008893013, 0.5015745162963867, 0.5032029747962952, 0.5070219039916992, 0.5046365261077881, 0.5011494755744934, 0.5043930411338806, 0.5068405270576477, 0.5047657489776611, 0.5026375651359558, 0.5007752776145935, 0.5082299709320068, 0.5026427507400513, 0.5041386485099792, 0.5060778260231018, 0.5054325461387634, 0.5041273236274719, 0.5030102729797363]
