Enhancer: E22P3B3
Label: mm_v_all
Padding: True
Batch Size: 256
Learning Rate: 2e-06
Epochs: 1000
Subset: 1.0 (number of training samples: 210532)
Weight Decay: 0.01
Optimizer: adam
Coverage: 1
Jiggle: 3
Confusion Matrix: [[0.8303728898966994, 0.1696271101033006], [0.4560104529616725, 0.5439895470383276]]
Unnormalized Confusion Matrix: [[52732, 10772], [1047, 1249]]
Number of Epochs: 134
Train Losses: [0.6926539955278214, 0.6918337288632862, 0.6910494207466793, 0.690247428880717, 0.6890622101461612, 0.6877847683965653, 0.6860170404937114, 0.6840188033236043, 0.681436914502488, 0.6788955204831584, 0.6762772498704394, 0.6729248706364545, 0.6696707528098096, 0.665980990138697, 0.6615376300104913, 0.6576447911279893, 0.6516775356318217, 0.6447950976007909, 0.6360168741656103, 0.6277956134059159, 0.6191525039956752, 0.6107658555556909, 0.602350920330131, 0.5944646598357042, 0.5868591128114072, 0.5786844371735398, 0.5700035021342744, 0.5631690559091719, 0.5568266712301122, 0.5486083222623295, 0.5428020904884014, 0.5359690351952614, 0.52956977837865, 0.5238191306880728, 0.5183291304517053, 0.5136047038244014, 0.5070942212280931, 0.503055724345899, 0.49910479693482307, 0.49471815772363653, 0.48933536476961464, 0.48435692324383434, 0.48110886332765673, 0.4760211475854366, 0.4708375401369422, 0.46907891990347594, 0.4654740198704336, 0.46216394907069525, 0.45941482319576915, 0.4553461551376565, 0.4516215593817747, 0.4491799949947858, 0.44630512968158376, 0.445866971447575, 0.44143318641084367, 0.4382949907826045, 0.43550625812819055, 0.4329807966911344, 0.4297883520004671, 0.4275758122325957, 0.426653932757395, 0.42291679833523416, 0.4201456573073224, 0.41706771965739503, 0.41551529684014626, 0.4121020479016866, 0.412172980796668, 0.4082859597403108, 0.4070252306840834, 0.4048016790124075, 0.40160139515217425, 0.39885590899903167, 0.3974935542045213, 0.394755035675021, 0.3939948557069206, 0.39330377627983415, 0.39216030255992096, 0.3876203590435941, 0.3886047229804506, 0.38585590501457345, 0.38360383831426265, 0.38219530925715967, 0.38190362042094494, 0.3800286791883726, 0.379810331332727, 0.3748326401157194, 0.37568211548238595, 0.3731389089531626, 0.37081903226465385, 0.3719653602359072, 0.3689327092608154, 0.3679437673178797, 0.3671859449198875, 0.3655671442192351, 0.3630845768700828, 0.3623824572215538, 0.36071836792683976, 0.3602240012453944, 0.3581018595982293, 0.3575502010843154, 0.3569417356503256, 0.3557583434396352, 0.3552363654677807, 0.3533571592440437, 0.3523273620469312, 0.3522570403711474, 0.35169178739932444, 0.3481054695669385, 0.3489195017884163, 0.34506999541024247, 0.34606523882430207, 0.3441200654315485, 0.3439591529519995, 0.34266672689888633, 0.34247158632533375, 0.34029766580458837, 0.3410675012543888, 0.3389591569418171, 0.33909445370967306, 0.3382377174036761, 0.33868324644365694, 0.3377274902376775, 0.33543968055836343, 0.33424988001548794, 0.33194972458833044, 0.33423906564712524, 0.33178979632776245, 0.3319393669414636, 0.3303665313439699, 0.3303559411629437, 0.3322877689996872, 0.3298667958266535, 0.327299813598503, 0.3267459456207975]
Validation Losses: [0.6919536162348627, 0.6910696119359396, 0.6900821307909142, 0.6889357459776609, 0.6874037312651143, 0.6861693835952907, 0.6835350958467687, 0.6806173211741215, 0.6773957184796194, 0.6746815474866663, 0.671534898790341, 0.6679563432642557, 0.6652969211629294, 0.6600448827720383, 0.6559342174854094, 0.6518051395717176, 0.6462113359599437, 0.6396061662331368, 0.6326563042923085, 0.6278722801254791, 0.6217488004165945, 0.6152393276830321, 0.6118717818584257, 0.6051941302794854, 0.6020569410717603, 0.5997669109441701, 0.594287111053189, 0.5913425032953614, 0.592934926736702, 0.5954366931058828, 0.5937518376169852, 0.5922738232658905, 0.5934477914305567, 0.5900829344698526, 0.5958587972863206, 0.5946065329232262, 0.5977429209403622, 0.599321078617596, 0.5984174222911446, 0.6024697017901152, 0.6056440070416164, 0.6062358852150371, 0.6103406924645878, 0.6124871405004297, 0.6128384494087071, 0.6208158615723397, 0.620899939710654, 0.6173849565890229, 0.6190544063026465, 0.6267983291334319, 0.632608959397066, 0.6388358627129527, 0.6361538952994115, 0.6373909972246411, 0.637706494447097, 0.6354049768262696, 0.64173972317316, 0.6463228140062499, 0.6525503443282785, 0.6498367236655893, 0.6558108244416783, 0.6579268068364523, 0.6551795989564322, 0.6615046242487084, 0.6635464994074072, 0.6693435033548225, 0.6593230930925573, 0.6800173185404065, 0.6806012730575303, 0.6913748979568481, 0.7023205085865503, 0.6710402693563294, 0.6887085281529473, 0.6869304174358405, 0.7011657082340093, 0.6818618577660867, 0.707536216789079, 0.6983931136941447, 0.7088143556442076, 0.7056142276930577, 0.6958725501611395, 0.7092301006456023, 0.7073883567620249, 0.7163119217724476, 0.720516643767218, 0.7264864300061198, 0.7227760061476994, 0.7387042580877693, 0.7336427685126518, 0.734923672039532, 0.7202418842940654, 0.7269146031546361, 0.7406303512239919, 0.7545610319063502, 0.7464540479252639, 0.763200558215669, 0.7687423313126981, 0.7569329385618562, 0.7490795581664854, 0.7441746783488005, 0.7585354045178127, 0.7629439833673458, 0.7628203202219843, 0.7899781650709874, 0.7741865237939705, 0.7542780571192214, 0.77955571337811, 0.7689707768194883, 0.7578307465442176, 0.8044365945371609, 0.7703466777083943, 0.7873207918069896, 0.7632012737607493, 0.7700858761384649, 0.8054484557179571, 0.8198466121571736, 0.7816083801602854, 0.8089327285590681, 0.7901763606418684, 0.8096446762385877, 0.8465280324510001, 0.7839161472991832, 0.8097637966998572, 0.8466624131480467, 0.810236642082918, 0.8119774012310991, 0.8311541774897899, 0.8290670323140413, 0.8131748866109014, 0.8114667844425127, 0.810695780712424, 0.8721515680979757, 0.835596213352333, 0.837967692069637]
Validation ROC AUC: 0.7318700180747175
Validation Confusion Matrix: [[6007, 1248], [118, 147]]
Validation Precision: 0.1053763440860215
Validation Recall: 0.5547169811320755
Validation F1 Score: 0.17710843373493973
Validation Accuracy: 0.8183510638297873
Test ROC AUC: 0.7337526078633804
Test Confusion Matrix: [[7494, 1578], [149, 179]]
Test Precision: 0.10187820147979511
Test Recall: 0.5457317073170732
Test F1 Score: 0.17170263788968823
Test Accuracy: 0.8162765957446808
Validation Set Size: 7520
Test Set Size: 9400
