Enhancer: E25E10R3
Label: mm_v_all
Padding: True
Batch Size: 256
Learning Rate: 2e-06
Epochs: 1000
Subset: 1.0 (number of training samples: 755055)
Weight Decay: 0.01
Optimizer: adam
Coverage: 3
Jiggle: 3
Confusion Matrix: [[0.8280737226845011, 0.17192627731549887], [0.3349041273968151, 0.6650958726031849]]
Unnormalized Confusion Matrix: [[159723, 33162], [14427, 28651]]
Number of Epochs: 540
Train Losses: [0.6893621108693592, 0.6724111760268777, 0.643236934189069, 0.6281914547540374, 0.6189437147722406, 0.6119158976765002, 0.6055415131884107, 0.599143127586882, 0.5931953830234075, 0.5866555729154813, 0.5822677267405947, 0.5759097337217655, 0.5716016027988013, 0.5674910485845501, 0.5649932579165798, 0.5619985692379839, 0.5594518250429024, 0.5573301043752896, 0.5554841086318938, 0.5529642644777136, 0.5501120919898405, 0.5481878513501862, 0.5467673121872595, 0.5457043007773869, 0.54330689044322, 0.5416500111757698, 0.5402518086110131, 0.5386003133503057, 0.5378340952679262, 0.5358683680073689, 0.5343737100443597, 0.5331302981558492, 0.5327488764564869, 0.531074414505797, 0.5300003805402982, 0.5288332381490933, 0.5279569617368407, 0.5274820447675252, 0.5261599982896094, 0.5255661277447716, 0.5241729530136464, 0.5231379980556036, 0.5225829216787371, 0.5216993981094684, 0.5210349548671205, 0.5187818899498148, 0.5189418877787509, 0.5186139056137052, 0.5179787140781597, 0.5167075784428645, 0.5168691872439142, 0.5157659755520901, 0.5143669136702004, 0.5153591704065517, 0.5135312793315467, 0.5127256743180549, 0.5123338164414389, 0.5113979991411759, 0.5107607794515158, 0.5101195343167095, 0.5098123991590435, 0.5098071974717965, 0.5083600653531187, 0.5077380196926957, 0.5070924490589207, 0.5073328737485207, 0.5076904164835558, 0.506404606730251, 0.5047257972268735, 0.5045904653759326, 0.5055168023149846, 0.5043422326091993, 0.5036540693448762, 0.5027277941218877, 0.5041931043034893, 0.5032640793768026, 0.5026564058914023, 0.5020479228536961, 0.5023016150017916, 0.5010328999515307, 0.5011017472360094, 0.5005347576383817, 0.5017081900269298, 0.5004113699521049, 0.4993213819548235, 0.49836984072701407, 0.49853375833923536, 0.49730323649058905, 0.4973936910851527, 0.4987015523041709, 0.49732899810298015, 0.49856738200632195, 0.4977936111668409, 0.49801419003535125, 0.49718993117243554, 0.49759288914122823, 0.49645220862606826, 0.4959882690138736, 0.4968453923726486, 0.4956295804351063, 0.49666959899967, 0.49558659014055284, 0.4956762648942107, 0.4954627257989625, 0.4962103026701232, 0.49439551613088384, 0.4950029628155595, 0.4946841400255591, 0.4943884590015573, 0.4953565642490225, 0.495906051447836, 0.4952072816986149, 0.49434453089358443, 0.49413576873682313, 0.4944774930760012, 0.4948661575074923, 0.49417236335196735, 0.49485658320329956, 0.4956870351201397, 0.49435103391186663, 0.49445912636942785, 0.49422933886616915, 0.4937140939801426, 0.49464837002552164, 0.49371543736781104, 0.4942277514328391, 0.49430366354473565, 0.4949422164286597, 0.49371276290739996, 0.49355984027102845, 0.49356573860524067, 0.49291245319075505, 0.49443838636753923, 0.4934452483714637, 0.4942316418381061, 0.49381889335179735, 0.49316687490980504, 0.4929729331246877, 0.49264096983408523, 0.49344731225805766, 0.493113208180767, 0.49289766079288416, 0.4925183671409801, 0.49293581572629636, 0.4926228386466786, 0.4939910100274167, 0.4930126141390558, 0.49223197848109873, 0.493063463245408, 0.4932800699694682, 0.49259521492456987, 0.4919925966505277, 0.49123774002164095, 0.49123273264553585, 0.49124303567207467, 0.49281203146708213, 0.4916245654073812, 0.4917573807401172, 0.490819275318566, 0.4909548077744953, 0.4915024215387086, 0.4917446145364794, 0.4904740657543732, 0.49000780799631344, 0.490126456911281, 0.4899326134536226, 0.49119616729728244, 0.4890718002844665, 0.4888076496528367, 0.4898067753900916, 0.4878225682953657, 0.4890143271624032, 0.4896897151106495, 0.4886298217510773, 0.48759523463451254, 0.48841287876589823, 0.48842921698497516, 0.4882408906847744, 0.4875671675548715, 0.48907108571569796, 0.48785027827246713, 0.4875513111231691, 0.48805985724521894, 0.48755754055613176, 0.4870162349535247, 0.48700699926432917, 0.4863216574717376, 0.4855487184302282, 0.48583231455188686, 0.48523539311805014, 0.4861026419017275, 0.4864210806458683, 0.4849910399772353, 0.48657947189727074, 0.4854013975798073, 0.4843471453048415, 0.4844860088825226, 0.4848477873458701, 0.4858552061400171, 0.48453521960872714, 0.4848484408350314, 0.4844976668842768, 0.48372148847175855, 0.4844101856017517, 0.4834051602169619, 0.48395562273971104, 0.4847006613420228, 0.48410523040819975, 0.4829123634807134, 0.4836720673613629, 0.48308903465836733, 0.4821831824314796, 0.48273046293501126, 0.48206549647500957, 0.48290453728982957, 0.48274483070535174, 0.4823055273900598, 0.4816499410645436, 0.4815050270294739, 0.4817876496961561, 0.48230798512192097, 0.48195255279541016, 0.48179161248570784, 0.48117983826136185, 0.48043178577544327, 0.4821085303011587, 0.48176400128057445, 0.4811854322380939, 0.48080037624148997, 0.4806653146016396, 0.4808347506341288, 0.479092763531006, 0.47952218044612366, 0.4792246912798639, 0.48076524276854626, 0.47910672429254497, 0.48017494887618695, 0.4806435933052483, 0.4796873857308242, 0.4787820057242604, 0.48037801587985735, 0.47876004615072476, 0.4800813494395402, 0.47845602844731283, 0.4792411925732079, 0.47863629055225243, 0.4790578904293351, 0.4784377136573953, 0.4784181844683017, 0.4789150625770375, 0.479834241230609, 0.4784029072523117, 0.4777090363987422, 0.478775412460505, 0.4771300454462989, 0.47786030139963503, 0.47795787801176814, 0.4776156234842236, 0.4772413166902833, 0.4767709686493469, 0.4773911398447166, 0.47723213549387655, 0.47729651375342225, 0.4759755164889966, 0.4769682774200278, 0.47760210224127364, 0.47672053049176427, 0.476076519671133, 0.4770728771161225, 0.47650537605002774, 0.4766870390661692, 0.4771764340845205, 0.47605436537225365, 0.4760571433123896, 0.47606934271626555, 0.4773827318518849, 0.476285186278618, 0.47655304232896384, 0.47545966531260536, 0.4757701886508424, 0.4753298539832487, 0.47538503856982217, 0.4744319995278019, 0.47501180001234605, 0.4756264543533325, 0.4759903580152382, 0.47552235655865427, 0.47505894462941056, 0.4759961358571457, 0.47506263789484054, 0.47410907325098073, 0.47542170974157627, 0.4745211534985041, 0.4747326438305742, 0.47499775721865184, 0.4740639214293431, 0.47447375554149435, 0.47406570211305454, 0.47463299886654997, 0.47359040892730325, 0.4744182028103683, 0.47438817539457545, 0.47357598185539246, 0.4739420954453743, 0.47443506813655467, 0.4739981469158399, 0.4739155847339307, 0.47464351126703164, 0.4741552299867242, 0.47400285328848885, 0.47279881501601917, 0.4736194646964639, 0.4739094424146717, 0.47324925343869095, 0.4732154828310013, 0.47298706266839624, 0.4728612958273645, 0.47197450744903696, 0.47341711721177826, 0.47182340469400763, 0.4716435729245008, 0.4721185771186473, 0.4727596391863742, 0.47232697633363435, 0.4724769249811011, 0.47164170588477183, 0.47224314584570415, 0.4722450729446896, 0.4713461637092849, 0.47194337377103707, 0.47254742906255237, 0.4723211548692089, 0.4729178914175195, 0.4725908598253282, 0.4721245309255891, 0.4715270619675265, 0.4710937492524163, 0.4718227687124479, 0.4715585381095692, 0.4710139892566002, 0.47165960591728406, 0.4710879813008389, 0.47186193074210214, 0.47115204306982333, 0.47088232559672855, 0.47157187060784483, 0.47128534190735577, 0.4702809017391528, 0.47093677535905676, 0.4705540475198778, 0.4704002925298982, 0.47120194584636366, 0.4693259344161567, 0.4713365564204879, 0.4704670081199226, 0.4701960447380098, 0.47034291954363805, 0.46950038534099775, 0.46995072498159896, 0.47100294111138685, 0.469844853433512, 0.4699943181417756, 0.4698966584569317, 0.4706973272461002, 0.4689009742615587, 0.46916137943833564, 0.4692387303255372, 0.46920333048044627, 0.4699095074807183, 0.4692389783010644, 0.46839243586790763, 0.4692302979453135, 0.4697737930689828, 0.4699103192454678, 0.46973815953327436, 0.4701943657963963, 0.46865874383409145, 0.46932069719847985, 0.4687659423735182, 0.468160231012409, 0.4678690036575673, 0.46875192039093727, 0.4694218916711161, 0.4691742007207062, 0.4688555868601395, 0.4691462220579891, 0.4690599601753688, 0.46921121281082345, 0.4678837879835549, 0.46819854377690007, 0.46761631245330226, 0.46766492728459635, 0.46768135650683257, 0.46753667911230506, 0.46758982593730347, 0.4681796784825244, 0.46757584922394513, 0.46834014710733446, 0.4677355503934925, 0.46766461701716405, 0.46881507629055086, 0.46755820522874086, 0.4673594203843909, 0.4673673697346348, 0.4679646217722004, 0.4679746514457767, 0.4669635771795855, 0.4673155136431678, 0.46648223281916923, 0.4669629085164959, 0.4672722287905418, 0.46609896240598064, 0.467189231080524, 0.4666720980708882, 0.46665621841357924, 0.4669260193937916, 0.4667004217939862, 0.46715277132341415, 0.4663727618880191, 0.46668284918292097, 0.46607178456702475, 0.4661028072187456, 0.46624658873525715, 0.46788763059397875, 0.46643361795756777, 0.4666801127437818, 0.46657337334196447, 0.46663571893158606, 0.4661215451006162, 0.4658074319665715, 0.46648312669689374, 0.4651280213311567, 0.46559312716379003, 0.4658834823107315, 0.46548155699746085, 0.46657066532110764, 0.4654580680293552, 0.46513911056316504, 0.4653548517873732, 0.46506304539866367, 0.46609882434545935, 0.4658594029434657, 0.46504630505028416, 0.4649862992965569, 0.4658307862382824, 0.4651748649548676, 0.4651648286035505, 0.4646639754711571, 0.464327313546407, 0.46507547016871176, 0.4649119506650052, 0.4651898433596401, 0.4642302429170932, 0.4642887322175301, 0.4640474493220701, 0.465522049412889, 0.4641582279286142, 0.4648893184783095, 0.4637690967220371, 0.46439553099163505, 0.4649030067152896, 0.46389532645880166, 0.4642698548910982, 0.46412462894189155, 0.4642898566136926, 0.46386239816576746, 0.4633248079631288, 0.46409169105149933, 0.46382933905569174, 0.4641536353806318, 0.46365703017024673, 0.46417704650911235, 0.4636768714553219, 0.46383685318090145, 0.46425272469803436, 0.46375072287300884, 0.4637606300236815, 0.4631171345508705, 0.46355072610459086, 0.4633469808808828, 0.46453612209376643, 0.4633752906423504, 0.4642601163104429, 0.4635821147591381, 0.4635208537922067, 0.46252707121735914, 0.4633428544614275, 0.46284699733984674, 0.4632981589992168, 0.46332668584282116, 0.46193250134839847, 0.4622729638370417, 0.46205417583554476, 0.4631425648725639, 0.4626939262474998, 0.4628742315607556, 0.46336208759728126, 0.4618890084452548, 0.46330209872480166, 0.46236564502877703, 0.46293664167493076, 0.4617067346431441, 0.46270686303154895, 0.4624288558555862, 0.4620514179993484, 0.4620469865152391, 0.461315953084978, 0.4617368074089794, 0.4620482648631274, 0.46213151987326345, 0.46226399801545226, 0.46200273910821493, 0.4619310433480699, 0.4628829653182272, 0.4616154715267278, 0.46045502508090713, 0.4618301435951459, 0.4612499745720524, 0.4619587954828295, 0.4617427351515172, 0.4614863393468372, 0.46110964109331876, 0.46079726985955644, 0.4621076594570936, 0.4611473230588234, 0.4612900037078534, 0.4620880086038072, 0.4611458210015701, 0.4604323518983388, 0.4607791708889654, 0.46102025779627137, 0.46068290751869395, 0.46133395173792113, 0.4606243835162308, 0.4606096977904692, 0.46040060425208784, 0.4607826368485467, 0.46178137831768745, 0.4604141121496588, 0.4611748899847774]
Validation Losses: [0.6831699573412174, 0.6555094097849476, 0.6331413332524338, 0.6238163279162513, 0.6146712912130485, 0.6089181536581458, 0.6014121112623189, 0.5973107973088417, 0.5921556318032386, 0.5866414498345962, 0.581046263619167, 0.5772535366013767, 0.5741768197477025, 0.5708515940481408, 0.5695811742689552, 0.5660146128355972, 0.5643136191578092, 0.56476790807273, 0.5646224861464849, 0.5615049792014486, 0.5605841304470853, 0.5616955936035812, 0.5601013898041837, 0.5583121056156106, 0.5575421593861205, 0.557534582852348, 0.5528653430421824, 0.5540175454080266, 0.5546696109742653, 0.552392203108405, 0.5516096636612564, 0.5504403192660996, 0.5504164045176855, 0.5547833581603963, 0.5507058243199092, 0.5500218047682186, 0.5488732987787666, 0.5503549398930092, 0.5461151954846654, 0.5473727624267744, 0.5472784198638869, 0.544228320885803, 0.5469018735375185, 0.5462821316993657, 0.5470608614970675, 0.5447688565506199, 0.5460137272591836, 0.5435523155339688, 0.5443070358054102, 0.5420868005452117, 0.5434283655752657, 0.5456264034761646, 0.5453302223023361, 0.5418562630246971, 0.5458045699166735, 0.5416089398912621, 0.5404696931764685, 0.5436239860406736, 0.543203839724303, 0.5424785653588572, 0.5393680036471789, 0.5412877865923129, 0.5388964323735819, 0.5397071760844409, 0.5429024526743385, 0.539361970413345, 0.5412035283195941, 0.5444768975339931, 0.5423626557275208, 0.5426987662790267, 0.5379790583357902, 0.5386617053249664, 0.5426386541467372, 0.5401531700196305, 0.5409385495715671, 0.5373358205162736, 0.5433087221329128, 0.5462751610653833, 0.5386430468097289, 0.5351267022492117, 0.5377108988157779, 0.5459161517500555, 0.5397485555187473, 0.5357971333956654, 0.5416122812646514, 0.537085331188954, 0.5354303471683487, 0.5380087933000833, 0.5545937618427483, 0.5386919418001562, 0.5348751006652992, 0.5349051128558027, 0.538133140259642, 0.5390550575362958, 0.5361679070364169, 0.5409440657472223, 0.5372327442980072, 0.5407570000021116, 0.5411577507005474, 0.5432308373573996, 0.5412186735933066, 0.5422453316973477, 0.5389735620761629, 0.5366434347500323, 0.533069490901823, 0.5354064129555451, 0.5385521125341173, 0.5384322791726286, 0.5410368090399559, 0.5348260176133334, 0.5459702548780415, 0.5386505356729838, 0.5368462945549146, 0.5352806588660087, 0.5381731291208164, 0.5340229722300196, 0.5350161736331335, 0.5334313874079929, 0.5344194554620318, 0.5394923547257576, 0.5350442947895546, 0.5373353145229138, 0.534800229356864, 0.5423523221962497, 0.536842507802374, 0.5557808277972023, 0.5385235865022432, 0.5350262811028861, 0.5322895959867695, 0.5453178679070821, 0.5360787425664705, 0.5355882031242376, 0.534395466005899, 0.5336310227065875, 0.5341162646446771, 0.5376965210124406, 0.5364545991184911, 0.5394002201595927, 0.5382634132373624, 0.5353070033113485, 0.5360759933628041, 0.5350769981943818, 0.5341293206867487, 0.5351875047615873, 0.5353534429215481, 0.5331295407238369, 0.5362963582765119, 0.5365360695414427, 0.5369349330421386, 0.5344718658342594, 0.541798349197318, 0.535393601227905, 0.5348767882520914, 0.5334484604235264, 0.5320403609010909, 0.5400259033612765, 0.5365820767352898, 0.5337656638244304, 0.5341683141988144, 0.5334420245756625, 0.5355279488049871, 0.5339407248871759, 0.5332696639344621, 0.5388825839451012, 0.5336465574700012, 0.5348641645456071, 0.5344544346658842, 0.53053204384115, 0.5376792871532078, 0.5410531721302487, 0.5316589400374147, 0.531213712441889, 0.5331929822762808, 0.5326865563790003, 0.5349692530667556, 0.5344175578052113, 0.537509330242953, 0.5323379904758639, 0.5344539263303364, 0.5325848476754295, 0.5323123382278251, 0.5342189705953365, 0.53505310912927, 0.5301521418459694, 0.533225921313291, 0.5337277327368899, 0.5322106942978655, 0.5316418987221834, 0.532365031116377, 0.5324400894364044, 0.5347061930956233, 0.5363477237098585, 0.5451344164810207, 0.533357504018277, 0.5330483744218744, 0.5343491591735261, 0.5329287055385145, 0.5345823200656793, 0.5318082986162284, 0.544546521493413, 0.537575175203282, 0.5359608640031117, 0.5347973010162028, 0.5323093705949421, 0.5362777605370131, 0.5322368180929484, 0.5323908677511422, 0.5322518282062639, 0.532238734083447, 0.5371783308301191, 0.543402663172099, 0.5326524861459809, 0.5332477752189972, 0.5343755467070473, 0.5340409538125604, 0.5377543328738794, 0.5326196517401595, 0.5385043473666923, 0.5324990301920469, 0.5320172627686162, 0.5327577916829567, 0.5324256101113348, 0.5347555873355245, 0.5320430491674883, 0.5313951366235247, 0.532258075225321, 0.5330636357550376, 0.5329365175429398, 0.5326148031284492, 0.5308700409442751, 0.5405103880457762, 0.5360737388453832, 0.5305739631901588, 0.5597565365516073, 0.5335995799238443, 0.5325364096135627, 0.5390313240651515, 0.5441784609139451, 0.5468373845424755, 0.5306668203213027, 0.5311654050983388, 0.544157119341659, 0.5478570512559032, 0.5315875925911151, 0.5314851356796456, 0.5352332606144391, 0.5504778907470264, 0.5348291207296738, 0.5326513923442138, 0.5335434863803187, 0.5326729309429644, 0.5376929200600157, 0.5375984336544828, 0.5368267535194149, 0.5371729399211361, 0.5303237027511364, 0.5327727563255201, 0.54114035971281, 0.5296236611801758, 0.53060899335679, 0.5389669368341363, 0.5325198092757848, 0.529980632549702, 0.5323281743662144, 0.5366864891717751, 0.5318789902902877, 0.5467709872700012, 0.5358254573936385, 0.5316535840593379, 0.5330289817114833, 0.5380096920541309, 0.5336248626715445, 0.5306576778329808, 0.5372912053089478, 0.5320830948872941, 0.5311164700080385, 0.5325775965846328, 0.5332535229078154, 0.534566756953715, 0.5318572402888844, 0.5308834930987862, 0.5373743426024429, 0.5330693114013852, 0.5332123142513157, 0.5335491915866934, 0.5310571822451382, 0.5335250623665528, 0.5386522409877157, 0.5544299252714892, 0.5304548300620986, 0.5338566753518613, 0.5298026637817786, 0.5320652005714452, 0.5336480442343688, 0.5335476423505199, 0.5344898256909879, 0.5285896335836995, 0.5312933106490267, 0.5303898621300048, 0.5429361712964893, 0.5316089450263073, 0.5324881154347242, 0.5333785284663927, 0.5303822809926216, 0.529503004337714, 0.5334078359410046, 0.5338939315258326, 0.5319484812295857, 0.5322877762682716, 0.5387396813246615, 0.5346931059186052, 0.5329849346058801, 0.5457681278953062, 0.5296925283302136, 0.5308932522286568, 0.534038518704373, 0.5314886613589961, 0.5322260835225666, 0.529853376229281, 0.5389025343788995, 0.5318303458332047, 0.5284033900677028, 0.53385383851806, 0.5511299695587417, 0.5310930215973195, 0.5289716773482196, 0.5315283872086182, 0.5325561730761516, 0.5298188330358283, 0.5298671609744793, 0.5323492838599817, 0.5299633584290662, 0.5312148559141935, 0.5423020386518178, 0.5328185550646407, 0.530714105824791, 0.5289851599107913, 0.5287539249028617, 0.5322312662998835, 0.5311431049250652, 0.5399035328852775, 0.5329553421112257, 0.5294077862407457, 0.531534923447503, 0.5313026481850683, 0.5329743341459492, 0.530269167731771, 0.5339341088119884, 0.5294355887384595, 0.5329905535955093, 0.5282071533241892, 0.5361990226801172, 0.5345355726192961, 0.5329379611787434, 0.5288837148245111, 0.5294544677424237, 0.5293805573771639, 0.5330164235458787, 0.5343015241994444, 0.5342690866329483, 0.5285559066427432, 0.5295858406196765, 0.5333239931239668, 0.5312294804952978, 0.5362283783714946, 0.5287068167191534, 0.5283265886752586, 0.5506388051965372, 0.5378291283438845, 0.5358200012264536, 0.5283603132336443, 0.5370267048518509, 0.5312469646859621, 0.5319572813142606, 0.541079443200494, 0.5299556783544339, 0.5313566780591076, 0.5306232089030387, 0.530636118841042, 0.5323667929666799, 0.5284359155873942, 0.5470958535021883, 0.5296041389225621, 0.5290387127861421, 0.5319820274182452, 0.5325513200627433, 0.5295123368259368, 0.5404538379775153, 0.5340901185180437, 0.5333204942990125, 0.5295286620777797, 0.5320299546004634, 0.5302553253202904, 0.5360921005084909, 0.5276373428542439, 0.5307115148803406, 0.5289607238640307, 0.5287455210921564, 0.5305184644412219, 0.5303273119012192, 0.5301684666536042, 0.535061350642504, 0.5304693628132828, 0.5277390241784455, 0.5340902277932258, 0.5329511901792795, 0.5353539551742031, 0.5308659656987926, 0.5334635218630638, 0.5265798615569345, 0.536625273101698, 0.5312778684828017, 0.5289621830067337, 0.5309469476140288, 0.5325992429240286, 0.5333507199920613, 0.5291727310839062, 0.5384571984369904, 0.5307310750571693, 0.5287848340705804, 0.5299587817534521, 0.5286640574938559, 0.5367193056881266, 0.5290979947743377, 0.527874944373198, 0.5325707964053968, 0.5364257554778562, 0.5302753428698879, 0.5269983577211375, 0.530673055104447, 0.5394876063435381, 0.5328551671773114, 0.5292088855411302, 0.5339351195064663, 0.5318374532832686, 0.5293262108231624, 0.5358470236140538, 0.5314057718124493, 0.5327871457590321, 0.5265610083978027, 0.5357301418131929, 0.5330332360131954, 0.5297551306928723, 0.5407012776146091, 0.5294783325376227, 0.5343405408103291, 0.5333853106753936, 0.5297114945201047, 0.5312465357021264, 0.5275043479714613, 0.5365647348527339, 0.5343017216297347, 0.5430928553911406, 0.5270982385489352, 0.5381370539345393, 0.5372153505642563, 0.5319881305138916, 0.5294587155829277, 0.5292449515605684, 0.5301354098206936, 0.5302262206064653, 0.5291909644920328, 0.5309032039429115, 0.5288730426451701, 0.5278516280538021, 0.5400496307346556, 0.530450003781939, 0.5300077718044038, 0.5319400440628935, 0.5314794647176737, 0.5303156610103804, 0.5301610335182692, 0.5310249927890333, 0.5343921527387651, 0.5326256365149324, 0.5422255885067994, 0.5443006291945129, 0.53055424152351, 0.5345176065032721, 0.5272460500318507, 0.5313255080201116, 0.5322230469970523, 0.5281357908151983, 0.5373820792126461, 0.5330221957872877, 0.5295002596568932, 0.5290393711832481, 0.5363927267108183, 0.5270861452268715, 0.533104256320452, 0.5337887082077301, 0.5312500684080408, 0.5445099218589503, 0.5271414353191691, 0.5318615976872483, 0.5298606338216684, 0.5353614765050289, 0.5314149265366841, 0.5308241336568584, 0.5281880835934383, 0.5284790082514125, 0.5394962140861242, 0.528938845284586, 0.5333077702418898, 0.5315564169389445, 0.5313816853978124, 0.528982592145925, 0.5384462577136875, 0.531088558558203, 0.5293151961997918, 0.5289073669248157, 0.5370635909601279, 0.5303695085572033, 0.5296127885418532, 0.5298719249443633, 0.5305884798287053, 0.5358560867102812, 0.5281971980158876, 0.5328061284653862, 0.5306344327080218, 0.5345664742354778, 0.5424200473681375, 0.537073089501399, 0.5393009062624237, 0.5332225881375594, 0.540283568183258, 0.5309334453447725, 0.5434005960700957, 0.5373701934568927, 0.5295430389119358, 0.5319901143066929, 0.5325240894627119, 0.5304136031930685, 0.5284043736251066, 0.5358201393347769, 0.5297994423445648, 0.5330240378373361, 0.534610186206293, 0.5387061646960292, 0.5282528230006779]
