Enhancer: E24C3
Label: mm_v_all
Padding: True
Batch Size: 256
Learning Rate: 2e-06
Epochs: 1000
Subset: 1.0 (number of training samples: 205800)
Weight Decay: 0.01
Optimizer: adam
Coverage: 1
Jiggle: 3
Confusion Matrix: [[0.7969882877858337, 0.2030117122141662], [0.3088151927437642, 0.6911848072562359]]
Unnormalized Confusion Matrix: [[40012, 10192], [4358, 9754]]
Number of Epochs: 327
Train Losses: [0.6979357476406429, 0.6926889385453504, 0.6905525335625037, 0.6887992344685455, 0.6863485442761758, 0.6825747026584634, 0.677473122430085, 0.6720031234458904, 0.6668356177373905, 0.663294587414063, 0.6607770047970672, 0.6586019424953271, 0.6560471916376654, 0.655238099803972, 0.6518860663199306, 0.6509845005487328, 0.6488772558039101, 0.6464889211885965, 0.6447162940282727, 0.6424486223441451, 0.6411253367342166, 0.6384675243304143, 0.6361202532379189, 0.6343716140558471, 0.6331925868839767, 0.6287969828986409, 0.6255805255910057, 0.6232159386078516, 0.6215966372792401, 0.6197771147560718, 0.6174989424979509, 0.6151449234034885, 0.61393334312522, 0.6104831978752838, 0.6079507911976297, 0.6068604948063988, 0.6039957481978545, 0.6023046459576383, 0.6007220704312348, 0.5975197317143578, 0.59640888343403, 0.5940920586757992, 0.5898763077027762, 0.5891405929676929, 0.5869956269341322, 0.5857614501940077, 0.5824078024175037, 0.5806810051499315, 0.5775269745890774, 0.5770684533303057, 0.5744888704659333, 0.5718708884953266, 0.5696898216928415, 0.5687676479122532, 0.5657250633213058, 0.5653591534095024, 0.5633685628498964, 0.5597055047676338, 0.5599854178541336, 0.5587516155705523, 0.5560607053524819, 0.5541033508320946, 0.5507896926569108, 0.551580100584386, 0.5497083320324101, 0.5473415827128425, 0.5443293263218296, 0.5454825228126488, 0.5424277422884803, 0.5399559648031026, 0.5395505973207417, 0.5383029957834761, 0.5386045824977296, 0.5334573540818038, 0.5344355224599293, 0.5331518053637808, 0.531395487079573, 0.527832221517812, 0.5270271329440881, 0.5267229383783554, 0.5253186780421888, 0.523222171733925, 0.5234762435009823, 0.5220193842898554, 0.5190927007082683, 0.5196699797365796, 0.516611275870112, 0.5173672535526219, 0.5148417624593967, 0.5149228814896659, 0.5133717692461773, 0.5093763880616989, 0.5081053522244021, 0.5092261563708533, 0.5077256128488489, 0.5060462337079926, 0.5059967836485574, 0.5059347327668868, 0.5034907443161628, 0.5040392374888581, 0.5016004759725646, 0.5005187998289493, 0.4998195424527671, 0.5007180771720943, 0.4970329432048608, 0.49635233681889906, 0.497100880971892, 0.49424127956379704, 0.4958386459753881, 0.493588480116123, 0.4918399060617632, 0.4920024934470357, 0.4904379480662037, 0.4903621635404392, 0.4881491060206546, 0.4893018409461524, 0.48753519056003486, 0.4861227528595213, 0.4867367999470649, 0.4853968267787748, 0.4846605188514463, 0.4833333315096091, 0.48098515000064573, 0.48023477886150134, 0.4793714261173609, 0.4806337070776455, 0.48038581262032193, 0.4757677838206291, 0.4776089206263794, 0.4749788005108857, 0.4736221001590069, 0.4748853638175115, 0.4731896798038364, 0.471650958172421, 0.47388949337883374, 0.4714833134368284, 0.4721219623785707, 0.46974346890526625, 0.4698100799129377, 0.4703222482803449, 0.4675239961019796, 0.4681138905942144, 0.46618299282605374, 0.46730113003532686, 0.4667956853906314, 0.4645422140312432, 0.4647036060616745, 0.46365481077586834, 0.4624856218918046, 0.46099047574089536, 0.46252338402899934, 0.4627814949003618, 0.45923900682089935, 0.4598274438906072, 0.4590302310624526, 0.45868059659182137, 0.457044216197225, 0.456563966117095, 0.4547799469078358, 0.4569427083010104, 0.4554589272509167, 0.45383941270967026, 0.45524662006553723, 0.45491060614585876, 0.4529703370670774, 0.4519393025939144, 0.4531660770154118, 0.45092992936793846, 0.45069978363923174, 0.45164661413401513, 0.45031022302695173, 0.4497761708586963, 0.4497094942785021, 0.4487400659503628, 0.44712822806479324, 0.44719490831467645, 0.446179442997299, 0.44705514339220465, 0.44550483325375845, 0.44356885140956337, 0.4458427257576392, 0.44231998282878554, 0.4438204151480945, 0.4429472951005347, 0.4433639878731462, 0.44086106840650835, 0.4421533298729664, 0.44096756670902026, 0.4398114752042946, 0.4412274482238352, 0.44039515687606823, 0.440101423147899, 0.4396306014253725, 0.4403542330979708, 0.43972353852210355, 0.4375844471045394, 0.43842264035003103, 0.4374440784255664, 0.43806504814037633, 0.4354992032940708, 0.43450150231075524, 0.43610436791804297, 0.43816878086891936, 0.4349005463630406, 0.43464606622261787, 0.43452078660032645, 0.43198647376020155, 0.4337244274011299, 0.43207217330363257, 0.431883803388076, 0.4312438451828648, 0.4311959814669481, 0.43192995925299565, 0.4315897738607369, 0.43112739509166176, 0.43085524951344106, 0.4310265840286046, 0.42903734461881626, 0.4291289854257261, 0.4286282735677501, 0.4284333349831069, 0.42952007348116356, 0.42793894473889577, 0.4283605845487533, 0.427456513417894, 0.4285726636944719, 0.4271556090804475, 0.42649083365848406, 0.42704551426035847, 0.42470556089830636, 0.4272509259889968, 0.42468603878323713, 0.42539319499808165, 0.4215005612862644, 0.4237320639600801, 0.42363402369751857, 0.42408362813108597, 0.4226618510721928, 0.42281120240836595, 0.422302094190868, 0.4227987073769617, 0.422082460934843, 0.4216325265999457, 0.4227590424504446, 0.4200327257018777, 0.42137352970257325, 0.4215981977347711, 0.41972951490932436, 0.41968298481026695, 0.4191284648221524, 0.4202859423202069, 0.41741539230245855, 0.42032556836284807, 0.4171729542277939, 0.41931521162316576, 0.41961525866196525, 0.4198027989312784, 0.4189348523296527, 0.4183517662224485, 0.4172295230019152, 0.41617817179628863, 0.4166398767511643, 0.41607693171323235, 0.4153045276133575, 0.41729838827356175, 0.41653573642767483, 0.4153104848900245, 0.41678372433233024, 0.415224245531642, 0.41684468857832807, 0.4148313234472156, 0.41433828342613294, 0.41643253280155695, 0.41410444009659897, 0.41446367080383634, 0.41560454396021307, 0.4146870615989415, 0.41347485732528105, 0.4138719932875823, 0.41468681595218715, 0.412826185647528, 0.41349644614244574, 0.4137848066675722, 0.4123036288725796, 0.41329436389664514, 0.411847411918996, 0.4125356594499071, 0.4139909674575673, 0.4127278668963494, 0.41133823516357004, 0.41285353342988595, 0.41029846149297494, 0.41271014652441984, 0.4109487055768421, 0.41241533427837473, 0.4112214777081167, 0.41249566629010054, 0.41316801921200397, 0.40988076337386126, 0.4100007675402793, 0.40813256392431496, 0.4086166165064816, 0.40910701909616815, 0.40896152601164965, 0.41021254625338227, 0.4102649689091379, 0.41049638579585657, 0.40840072681506473, 0.4111138690096229, 0.4095673645239564, 0.40801163499628135, 0.4070028720877657, 0.4068031238753404, 0.4086765858219631, 0.40707292048195703, 0.40875737094760534, 0.4059582347819461, 0.4072226304838906, 0.409385919645058, 0.4069326543689367, 0.40731844009451607, 0.40799725745151294, 0.4076769256695586, 0.4059523096057906, 0.4053206233242851, 0.40779307910903767, 0.4077229553194188]
Validation Losses: [0.6938283997981702, 0.690988149809007, 0.6892737648380336, 0.6875472878342244, 0.6846601452993516, 0.6799495866642663, 0.6743145813396321, 0.6690023811302375, 0.6664777848851028, 0.664268580835257, 0.6611950308529299, 0.659227569008348, 0.6571397404765609, 0.6561736612770688, 0.6538588988840284, 0.6515007490542397, 0.6510104981820974, 0.649137152664697, 0.6461120496934919, 0.6459610693490327, 0.6428488721301899, 0.6410319760664186, 0.6366404627093035, 0.6378568544316647, 0.634370897243272, 0.6343873347809066, 0.6328083822383216, 0.6303372534353342, 0.6284389736047432, 0.6260599867621465, 0.6252175516157008, 0.6210886355656297, 0.619483436221507, 0.6212934439455099, 0.618297898947303, 0.6189442392605454, 0.6150971796382126, 0.6128092541623471, 0.6094538249186615, 0.6059621587321533, 0.6081924610470065, 0.6040836035908751, 0.6026394482868821, 0.6004304417330234, 0.6026089425703779, 0.6015707829698401, 0.5986815403349957, 0.5947179577836943, 0.5932853678565714, 0.5932643013213997, 0.5886528411907936, 0.594899197716025, 0.5899519718701567, 0.5880928407261028, 0.5852662511725923, 0.5848381190157649, 0.583001413748632, 0.5861809053527776, 0.5808336509400932, 0.5809792555979828, 0.5794281621477497, 0.5805133492199342, 0.5779389169678759, 0.5759293525966246, 0.5781153596159238, 0.5748251857449166, 0.5730600951619409, 0.5773487698972521, 0.5783689947270635, 0.573485205126046, 0.5693100293477377, 0.574120793917879, 0.5691617536011027, 0.5684781795117393, 0.5706820837893889, 0.5668441871208931, 0.5686706199278286, 0.5689853185148381, 0.5651624069285037, 0.5677784135685632, 0.5662204907901252, 0.5638534122735114, 0.5645209817744014, 0.5646094417394097, 0.5609745721318828, 0.5642135639985403, 0.5665530583158654, 0.5576421372332976, 0.5631599530058714, 0.56201752130665, 0.5595579282264804, 0.5660760109104327, 0.563721045036221, 0.5573326900823793, 0.5610838456829982, 0.5556855004521745, 0.5567724296999215, 0.5581654760968032, 0.5544249169269011, 0.5560882952972431, 0.5494542777241759, 0.5534778680670914, 0.5539271708448135, 0.5567367245901876, 0.554362552231224, 0.5510936936928859, 0.5524956411983243, 0.5555282837122827, 0.5498065574845271, 0.5470902918286584, 0.5522994385726416, 0.5535137171472483, 0.555583454483184, 0.5485220028096763, 0.5479535565743991, 0.5481854454794927, 0.5507628124448197, 0.5493233759901417, 0.54806905673511, 0.5488367371298187, 0.5507825884356428, 0.5477211832703642, 0.5609713585222539, 0.5518328121942074, 0.5590476461903966, 0.5424392708201906, 0.540237746725035, 0.5433853304208215, 0.5441448544684927, 0.5491733073595151, 0.5484594852473605, 0.5473762565287784, 0.5490514022200855, 0.5416677222026521, 0.5409509459538246, 0.5438396278305433, 0.5422227877882583, 0.5435487441162565, 0.5462694839755101, 0.5453146286864778, 0.5412907320172039, 0.5427038933507246, 0.5464202677136036, 0.5441325041488628, 0.5539178848266602, 0.5429632972128948, 0.5418934785014954, 0.5406601058309944, 0.5451895690972532, 0.5384851187022764, 0.5429780954745278, 0.5490291209066686, 0.538564563687168, 0.5392202531816948, 0.5429930597988527, 0.535875855541941, 0.5394556288102373, 0.5468609635509661, 0.5402705433653362, 0.5466913018950182, 0.5501048705767636, 0.5348959842428046, 0.5398079208770201, 0.539331299896857, 0.5376530940556408, 0.5407078679817826, 0.5429133688335988, 0.5436000305028698, 0.5404846622279628, 0.5411059014239714, 0.5420138712842666, 0.5425519996614598, 0.5379122210972345, 0.534179296659593, 0.5436079764544074, 0.556377405847483, 0.5471309049805598, 0.539290054372294, 0.5364457428158812, 0.534640717713987, 0.5408261763812298, 0.5431567454219457, 0.53418715691092, 0.5370387909424246, 0.5350897834075624, 0.5337145349279565, 0.5373752244669406, 0.5425432226551112, 0.5419601124910572, 0.5749741619202628, 0.539456551347799, 0.5394255880692705, 0.541257071406094, 0.543000581697445, 0.5450680580601763, 0.5371012801851206, 0.5410894149571509, 0.5430293501313053, 0.5506123111615726, 0.5317681793549761, 0.5509699172344967, 0.5378097509270283, 0.5486767071100017, 0.5403723776043944, 0.5411956655741924, 0.5351497796340962, 0.5382985170207807, 0.5354198976535702, 0.5359381908801064, 0.5618923328705688, 0.5439255534119867, 0.5295248906410749, 0.5441321607549392, 0.5435197915307325, 0.5374081506954497, 0.5375202728148124, 0.5432888548172529, 0.5397828470415144, 0.5376613178656469, 0.5340584125091781, 0.538196457855737, 0.5441482804011349, 0.5555489528831558, 0.5365951817427108, 0.5362790619852531, 0.5385604665350558, 0.5293896133033791, 0.5594990767946291, 0.5408006595141852, 0.5376392496165945, 0.5412081182003021, 0.5417189738940243, 0.5379659795939032, 0.5433343301958112, 0.534875879685084, 0.5411225038381359, 0.5402305130638293, 0.5408633628591376, 0.5298893703750117, 0.5477873533222806, 0.5453364251561426, 0.5380150612017408, 0.5389327948069691, 0.5372909475025253, 0.540009439732898, 0.5363903752903441, 0.5367415201901203, 0.542056502246145, 0.5505147245689411, 0.538460265789459, 0.5450472210473682, 0.5463604451115451, 0.5381166596910847, 0.5370540930264032, 0.5375179458613419, 0.5437419364108375, 0.5430642434613622, 0.5446721632682269, 0.5513861584129618, 0.5367687856083485, 0.535348675440793, 0.539435964763461, 0.5366746553437627, 0.5419944803513105, 0.5411536945632441, 0.5442090406643217, 0.5391244900167285, 0.5367250427677857, 0.5522728887066912, 0.5317076809370695, 0.53739990212431, 0.5319912452899401, 0.5431009114381686, 0.5367696310453747, 0.5381482068578995, 0.5405840577177741, 0.5530455073907008, 0.5425146767749122, 0.5462913138059834, 0.5398181860719747, 0.539387991624092, 0.5423888782067086, 0.5359783187434448, 0.5632038135730212, 0.546578570236614, 0.5377346834733119, 0.5356645379493485, 0.5404968986760325, 0.5414860276737024, 0.5413495447505173, 0.5366368873498926, 0.5507119163055325, 0.5355630073677841, 0.5353664180532617, 0.5482341258680049, 0.5352637265155564, 0.534015695847089, 0.5432046880176411, 0.5637841826647668, 0.5456013652815748, 0.5330193229575655, 0.5393954011338267, 0.5339591823407074, 0.5383988727087998, 0.5405572019702759, 0.5447024194458824, 0.5326839311799006, 0.5346130958540523, 0.548208994503638, 0.5355367900720284, 0.534465867191998, 0.5570956389998916, 0.5407689769766224, 0.5411443946076863, 0.5496309288402101, 0.5382691660330663, 0.5378415027068029, 0.5358148114894753, 0.5343185998314056, 0.5335132450013611, 0.5704328365883424, 0.5376586725759269, 0.544425911571256, 0.5381464127877459, 0.5418386703996516, 0.5457070904288126, 0.5396411820727202]
Validation ROC AUC: 0.8049885167464114
Validation Confusion Matrix: [[4483, 1217], [528, 1122]]
Validation Precision: 0.4796921761436511
Validation Recall: 0.68
Validation F1 Score: 0.5625470042617197
Validation Accuracy: 0.7625850340136054
Test ROC AUC: 0.807020619760267
Test Confusion Matrix: [[5642, 1530], [615, 1401]]
Test Precision: 0.4779938587512794
Test Recall: 0.6949404761904762
Test F1 Score: 0.566403881140085
Test Accuracy: 0.7665433173704832
Validation Set Size: 7350
Test Set Size: 9188
