Enhancer: E22P3B3R3
Label: mm_v_all
Padding: True
Batch Size: 256
Learning Rate: 2e-06
Epochs: 1000
Subset: 1.0 (number of training samples: 2453556)
Weight Decay: 0.01
Optimizer: adam
Coverage: 1
Jiggle: 3
Confusion Matrix: [[0.8199392147538611, 0.1800607852461389], [0.3173301192987155, 0.6826698807012845]]
Unnormalized Confusion Matrix: [[555212, 121926], [28435, 61172]]
Number of Epochs: 422
Train Losses: [0.6899069472098015, 0.6758720502358398, 0.6627907193322696, 0.6499298510230577, 0.6370076529296911, 0.6244656569956489, 0.6111289413757602, 0.5977736224528707, 0.585326489366214, 0.5741052620754182, 0.564113382728509, 0.555255884040938, 0.5476032411299712, 0.5414455778970654, 0.5358826681264192, 0.5304742445999219, 0.525747347661587, 0.5216952327644694, 0.5183615791996631, 0.5145918359716671, 0.5121894233196927, 0.5089099263143714, 0.5067488297579124, 0.5052628876706493, 0.5024591434853861, 0.5006668103972511, 0.49896863836699873, 0.4976717552948446, 0.49672841970722814, 0.4949252271223143, 0.4938653735363303, 0.49307321682844424, 0.4927794531166522, 0.4916536265602321, 0.4910821507203436, 0.49094054800617115, 0.4906362478504221, 0.4900071423813646, 0.4895208733182558, 0.48926750454171347, 0.4891426624484403, 0.4887752097350704, 0.48788067729571366, 0.4874383646713052, 0.4872705178392636, 0.4866400956236949, 0.48637204264437833, 0.4854509090127333, 0.4845220056249253, 0.48371426844323245, 0.4829727199902184, 0.48300022814941707, 0.48220927087540544, 0.48130172699083557, 0.4806101616559454, 0.48020890685003376, 0.47957683596128464, 0.4786970317270461, 0.4783437908068882, 0.4778187883634025, 0.4772334204904102, 0.4765705847000168, 0.4760205766808943, 0.47540396208183555, 0.4751982139558548, 0.47489244614222054, 0.47410978975554713, 0.47374170497798274, 0.4732966093918776, 0.4732545654600837, 0.47243062915998507, 0.4721982806376884, 0.47173586115279914, 0.4710758919136314, 0.4706664540553752, 0.47057500502437616, 0.47003200485734936, 0.46963035597985275, 0.4690217485730077, 0.46874434470695076, 0.46829659056713263, 0.4681285681827776, 0.4677629478629455, 0.4670898656143642, 0.4669828999987728, 0.4664230211737508, 0.4665192606801096, 0.4655692685191434, 0.46541233423108164, 0.46549026835505763, 0.4649419525823807, 0.4647852487220824, 0.46496458566928817, 0.46458830347456653, 0.4641793009416474, 0.46419769580872905, 0.4636250266073642, 0.4634605014765704, 0.46319118445903357, 0.4625429670295805, 0.4623328520689523, 0.4624395460714321, 0.46135995029532545, 0.4618002180389022, 0.4610719508128547, 0.4612842558011078, 0.46085563191972057, 0.4608750073220746, 0.45974236913316874, 0.46052709053939495, 0.46049305133727547, 0.4605106764742653, 0.4597361105459708, 0.45949896501574466, 0.4591595462106079, 0.45907052500706885, 0.4583549092850712, 0.45841308765008415, 0.45833310337196, 0.45825915051178195, 0.45785137308906254, 0.45786070504969584, 0.4577951421635687, 0.4573623661206424, 0.4579589079740959, 0.45638444189858673, 0.45685091850094706, 0.4565363313390615, 0.4565770546191051, 0.4563669372363581, 0.4560193540313683, 0.45590688032785553, 0.45531227333071833, 0.4559753316109169, 0.4551246388355269, 0.45508725072918427, 0.4548611720403036, 0.4546987741734749, 0.4546619149534169, 0.45469292184929705, 0.45444528301930015, 0.45411734044956054, 0.4538361059481363, 0.4532971623824423, 0.4534511687299144, 0.45392605287679233, 0.45378637581861575, 0.4532580608555471, 0.4533014130517724, 0.45362254593853657, 0.4533046601679279, 0.45291197280368894, 0.45210482130525753, 0.45243297400235755, 0.45192234303780876, 0.45207441498913614, 0.4519568224188308, 0.45211583150198015, 0.4515707179849572, 0.45123838028935137, 0.4512255941416114, 0.4516505460130963, 0.45133100459211245, 0.4510074092002355, 0.45122758745525304, 0.4505308529767259, 0.4507139853406338, 0.45040156170920154, 0.4510290919024309, 0.4501330850332058, 0.4504942356296424, 0.4502378667681927, 0.4496810909665744, 0.4499894569022119, 0.4499425060685625, 0.4500294584126042, 0.44965451196201406, 0.4496527263007564, 0.44965419531428197, 0.449403282022128, 0.4490505765146057, 0.4497051501124864, 0.44884993899098646, 0.4487254759981785, 0.44858591358799704, 0.4484776153406502, 0.4484347095356425, 0.44804862692882197, 0.4483376294421105, 0.4477174895128112, 0.44785109612241536, 0.4477217555388101, 0.4478884633065016, 0.44734694978876166, 0.4479067932396552, 0.4482793899800047, 0.44746474371518574, 0.4474264958903512, 0.4477294193280508, 0.44682006038410566, 0.4468186725131161, 0.44651276255313094, 0.44646763388664074, 0.4465867431324226, 0.44634325026719596, 0.4463419051703899, 0.44635369259364666, 0.44598380544251554, 0.44648599740298517, 0.4461344545031813, 0.44638142850974855, 0.44599442514331006, 0.44554210663401467, 0.4457487795150212, 0.44574041171315193, 0.44511270119799384, 0.4455545266811339, 0.44557415987590854, 0.4456531632860688, 0.4452962443582329, 0.4448291515116276, 0.4448665102913657, 0.44503158484204214, 0.4450287921638867, 0.44489722405800797, 0.4446479822579435, 0.4444877740269722, 0.444409325518332, 0.4447267569131259, 0.4447036561116491, 0.4444711473999262, 0.4442800375683953, 0.44423951522471944, 0.4443719382670377, 0.4443623468007778, 0.44416577095281473, 0.4435677849661887, 0.4440705029741824, 0.44357203375130316, 0.44332874278631695, 0.44357783082380975, 0.4439642623960816, 0.44340717084220005, 0.4433010503502021, 0.4431372160487456, 0.44308682335001387, 0.4431318631536586, 0.44304543027171384, 0.4429886648819107, 0.4427638309258126, 0.44293097281866417, 0.44256075889291896, 0.44241309655664113, 0.4427479171945704, 0.4423149886856368, 0.44254140457761243, 0.44205140772435464, 0.44214157422943295, 0.44270459525772976, 0.44178992425891717, 0.4417774249565869, 0.4419099591023361, 0.4421271186541566, 0.44197499130813167, 0.44184266293366004, 0.4416784609676216, 0.44116604492324807, 0.44136154821096885, 0.4410850933149076, 0.4411538655116151, 0.4411985920286452, 0.4410641976085627, 0.44119348540925457, 0.440477266750674, 0.4406395242465432, 0.44063003143420987, 0.4406769765374806, 0.4405881704112547, 0.44028017753788623, 0.4407335836749308, 0.4408679832253036, 0.4404660125107086, 0.4404998840456153, 0.44021155453001887, 0.44051211103835825, 0.4399957738976088, 0.4403438857463604, 0.43951545691639415, 0.43996743243003056, 0.43964964275131263, 0.4397764216068827, 0.43957472599354896, 0.4397237921544644, 0.43921923894526504, 0.4389577010148008, 0.43872896224866637, 0.43882369605526056, 0.43920247658939493, 0.43874178252371887, 0.4385785760547447, 0.4391626855390546, 0.4385203489333189, 0.43837063218319733, 0.4380257611263526, 0.4384152641070032, 0.43826924151720076, 0.4380705962500724, 0.4384466754594195, 0.43841251857466046, 0.4380209682039998, 0.4377910514268393, 0.43846109852731135, 0.43817619155270393, 0.4372753433342955, 0.4377021792286936, 0.43781536709970026, 0.4371427150679306, 0.43755871220746884, 0.4373687703378137, 0.4375209037220347, 0.4366318710439828, 0.437191407784361, 0.4370689914944151, 0.4369877626451901, 0.43703960557436655, 0.4367305451902052, 0.43673871570287676, 0.43662220173100974, 0.4365757038429123, 0.43623533484583793, 0.43599017312828925, 0.43612309159807194, 0.43612871540046694, 0.43615594282085596, 0.43610914756869923, 0.4358040512976201, 0.4359070840140588, 0.43576201646975943, 0.43567729979116093, 0.43578140081125555, 0.43608862087324873, 0.435460170719483, 0.43595738390739475, 0.43553208132926907, 0.4355873641771268, 0.4346195079910923, 0.4348172061724407, 0.4347611724615221, 0.4347649835427105, 0.4347244946920567, 0.43427505041387593, 0.4342113831948662, 0.4342921002370091, 0.4339973469139949, 0.434582594159872, 0.43421564439217375, 0.4342377684454652, 0.43435708676767526, 0.4339589229243213, 0.4336276020802243, 0.4341327275530895, 0.4337247792046457, 0.43373620781851235, 0.43317958372734955, 0.43301651033499494, 0.43296106953638325, 0.4329202954384829, 0.43360531221906157, 0.43303587051748793, 0.4330340392339584, 0.43272855328779763, 0.43301719607757166, 0.4323947782527673, 0.4316342911219062, 0.4317172551627699, 0.4319221186059555, 0.4319758025848685, 0.4324811831792942, 0.432197016642376, 0.43179928990596894, 0.4314769562079251, 0.43165419041084385, 0.43190768393427986, 0.4317246668682039, 0.4317611560606372, 0.43122609649776605, 0.43138251891345114, 0.43163165526584096, 0.4308175169215205, 0.43096813523153743, 0.4305560842521749, 0.4302074263446581, 0.430460008137787, 0.4303762337162772, 0.43041759944546637, 0.43015104317702413, 0.42998407105014047, 0.4303252959164344, 0.4298805001849113, 0.42941079445039476, 0.4297307493603348, 0.4296684415189935, 0.42933440304511405, 0.4294151644969148, 0.42923535883084646, 0.42932357798346515, 0.42917219720971295, 0.4296205553246092, 0.42907324665899876, 0.4291006207310662, 0.42877556090561375, 0.4282965283842838, 0.42849801278201377, 0.42838391752745497, 0.4282724486239328, 0.42830230430444827, 0.42765662059475495, 0.4281885751069805, 0.42763616957264017, 0.4273485941692884, 0.42778474335317257, 0.4279004893516835]
Validation Losses: [0.6833951108944033, 0.6689472075646551, 0.656783758201448, 0.6438569221886487, 0.6314237746637366, 0.6210375749846025, 0.6083810313771454, 0.5971080473825043, 0.5858550266046846, 0.5763289141664915, 0.5658424576596016, 0.5587551698343526, 0.5541589785527328, 0.5465271281584333, 0.545544899425061, 0.538897275104093, 0.5426958024153672, 0.5327556643403467, 0.5309735644743947, 0.5268910343591302, 0.5236148284433482, 0.5225492073910705, 0.523403885268051, 0.5179716525945158, 0.5234276141083932, 0.5187835303081987, 0.5150472279210662, 0.5157688667016274, 0.5120763702471156, 0.5141417069588297, 0.5147087765351702, 0.5227055280070331, 0.5194544433478171, 0.511246003120404, 0.5088791712950705, 0.5196801393938204, 0.5100818335089924, 0.507780338644136, 0.5195971349651335, 0.5239227498925424, 0.5207918231120247, 0.5133817130742493, 0.5126517244339188, 0.5076308862636822, 0.5095141530534253, 0.5091975891669691, 0.5053143471193453, 0.5078675628553891, 0.5044541591199477, 0.5020401481916669, 0.5043149012846901, 0.501345253383611, 0.5188428356988658, 0.5058297686617624, 0.5041701637385635, 0.5014304176911644, 0.4995590217744105, 0.5060766449584332, 0.5098874443612796, 0.5010254046148094, 0.5020449485538102, 0.5010221882268295, 0.5005789055991382, 0.5106877625411284, 0.5043269628204303, 0.4975384615538863, 0.4976249076845649, 0.5016313668683912, 0.4976324136673932, 0.49835763061648364, 0.49752932275938005, 0.4998830057926162, 0.4968391752611064, 0.5012821372742945, 0.4973462747940681, 0.5024953279014821, 0.4992637684507374, 0.49696854623496955, 0.5031531329049534, 0.49738085130676407, 0.49741064408047275, 0.49491633997641854, 0.4943194171265358, 0.4994483047417914, 0.4939958932353001, 0.49709535437073865, 0.49348644025135796, 0.49546912287641276, 0.49725868839197074, 0.4937487665344687, 0.5007921881261944, 0.4934596885454172, 0.4930016206088641, 0.49786709423705744, 0.49907033072693624, 0.49362647552066513, 0.4995440164356367, 0.4908191536210903, 0.49239095534490557, 0.4956961415139247, 0.4954079901570323, 0.49133564936503005, 0.49301511314097274, 0.4946507431961469, 0.49510770545037625, 0.4919770110459143, 0.4951978705925995, 0.4932966658509071, 0.4960461188392138, 0.4915176219849672, 0.49878667222245016, 0.49828211078556267, 0.49078749031338237, 0.5052045440867786, 0.5023756633836327, 0.49604593179451706, 0.4935874202672173, 0.48967985642866435, 0.49235285233595893, 0.5039927253983744, 0.49165498526532997, 0.4916698215999452, 0.49182078760765374, 0.4913996710074062, 0.4931277934466495, 0.4961748380038357, 0.49333771652960506, 0.4903157901704237, 0.4954786634862945, 0.49036866554529607, 0.4909049115506221, 0.4924340906693232, 0.4905903373950215, 0.49165701535427425, 0.49163123285168653, 0.4909447677865544, 0.49420853494404254, 0.48981475310371375, 0.491745801197274, 0.49252448822490164, 0.4891792012966818, 0.48863098173276753, 0.4953151107282006, 0.4929936823493797, 0.48974583177055275, 0.49002085867950607, 0.49565955500429654, 0.48919663566771177, 0.4996239389162736, 0.48974883531499613, 0.4898452189846938, 0.49138733298270265, 0.4880201906450699, 0.49354376078497436, 0.4898904890232301, 0.4883522158694556, 0.49233999986374033, 0.4914175981424926, 0.49473261789674805, 0.4902161198280034, 0.4891399654513555, 0.4973059032278654, 0.48980499094707247, 0.48752779432471016, 0.4917646107521463, 0.4888002744156667, 0.4900802058083443, 0.4931392715680485, 0.4887571812770145, 0.49503966994369136, 0.4893912340284737, 0.48764956617882516, 0.487632262070178, 0.489234742680141, 0.49712562786075637, 0.4863738161999333, 0.4869456958860271, 0.5041020453647618, 0.49113103276150494, 0.48727573845403416, 0.49376016523274074, 0.5008683483278349, 0.4881863986073209, 0.4865995685309234, 0.4900434793508893, 0.4888880442941393, 0.4891180163455298, 0.48710489820131025, 0.49394996831652815, 0.4890646569346904, 0.4875010480893668, 0.4875549995556045, 0.4908552331555422, 0.4928732237618915, 0.49705095164567964, 0.4880250511837841, 0.48682754300612435, 0.4887162061920254, 0.48908795807378513, 0.488910672139465, 0.4868603363900469, 0.48553934662253545, 0.486341931221134, 0.48748602361593535, 0.48815226576007004, 0.49037802492920735, 0.4857986371717107, 0.4882833909555729, 0.4947345542395468, 0.48828494221805085, 0.48909760406726493, 0.4918055877518445, 0.4861266878206232, 0.4946346559970141, 0.49071592111163803, 0.4924470571413307, 0.5074908179842933, 0.4881061142591024, 0.49135309924023024, 0.48894047932322443, 0.489174648081207, 0.4892244049420593, 0.4862957709547774, 0.4872142743905186, 0.48818646584593556, 0.49202237336348137, 0.4876038803375906, 0.49324425483028445, 0.48871261326531645, 0.4886392731566105, 0.49576263482191685, 0.4891821805466997, 0.5061826061645447, 0.4917314442361848, 0.48763603930628496, 0.4930240520100122, 0.4900610620372734, 0.4909266187814459, 0.4909066023879316, 0.5017953535070209, 0.4916835910437452, 0.4863938368828932, 0.4856852200263035, 0.4878520671034237, 0.4903849462170774, 0.4970720261646202, 0.48709884765847405, 0.48608397185479196, 0.48594057168322, 0.4857514574471045, 0.4862799307033824, 0.488465567541759, 0.4862567470204994, 0.48566680694054104, 0.4869926559661496, 0.4971217139964806, 0.5009973068310909, 0.48850616479496883, 0.48545976696185483, 0.5012605498744191, 0.49321487761061045, 0.48627481313362486, 0.49326244502650435, 0.4995487330976406, 0.494871122965377, 0.4898940418405139, 0.48793709881115715, 0.4857225363757842, 0.48574018005932873, 0.49174872873771375, 0.49563946733138536, 0.5200971685875243, 0.5092374680188481, 0.49540205265663045, 0.4857906810830522, 0.4871779952041298, 0.49952514998655195, 0.48617241559895963, 0.48594388415478246, 0.48863078922990666, 0.49521236021567444, 0.4858464309584363, 0.48683153802173856, 0.49000193277497467, 0.48915955394469157, 0.48650629145183016, 0.501951929264184, 0.48639228413465074, 0.48816500832301457, 0.4916567957595233, 0.5043708903868098, 0.49178290270147695, 0.49177195745355945, 0.49415178250709474, 0.48662925225324716, 0.4868434518389171, 0.48759348124178636, 0.48991882525039404, 0.5026021816231183, 0.48860532105043625, 0.4885425571356906, 0.5036222643537923, 0.49154651498217655, 0.4958084268922054, 0.48638148223503364, 0.48824982650338683, 0.4891353028488, 0.48670768063914843, 0.48627903152367546, 0.489126664800449, 0.48593338745854825, 0.4869932446894568, 0.4866737033806595, 0.48660211140133713, 0.48519385716394925, 0.5007557455430093, 0.48816972257298236, 0.49250343160973425, 0.48724427717299973, 0.4882998274399133, 0.4978116549424047, 0.4850603629884294, 0.4908068808705597, 0.4904556461533358, 0.49139194334105346, 0.4900545686620148, 0.4885830171017732, 0.4895032517577789, 0.4875456037549213, 0.4982845243136486, 0.48870055692664377, 0.4867741665867005, 0.4998954828575247, 0.48676877654389533, 0.48703166777808116, 0.5085610112623716, 0.4870151784651768, 0.4876905310686101, 0.48712186558225723, 0.4867486026593432, 0.48597386599979553, 0.49044293630207686, 0.48747385652253267, 0.491066830154255, 0.4871863207819067, 0.4896539950375762, 0.49385585636211327, 0.48924990349577824, 0.4864541050613946, 0.48550683155525315, 0.48848894329234166, 0.4867694972329305, 0.4885730429967841, 0.4856925446463964, 0.4874050142892361, 0.48821239187710475, 0.48776808146093603, 0.48590662849163285, 0.48963875708651633, 0.48590858347176213, 0.48875712438280206, 0.4911879957045522, 0.48641909073927925, 0.4972950090430009, 0.4915070813374565, 0.489025297876592, 0.4926352020248951, 0.4918621891132732, 0.4882066084983501, 0.4972524694044688, 0.4923853957384489, 0.4868099275956215, 0.4875370655698382, 0.4869349145943988, 0.5111004720641317, 0.4853100695235062, 0.49041024330361566, 0.49104678467954255, 0.4866837431576832, 0.499473520664558, 0.4912044385671118, 0.4910891069488621, 0.49141771733934897, 0.4878273341349378, 0.49972857100345913, 0.4906595536182461, 0.48625622748781555, 0.4890092665894508, 0.49138767254516685, 0.49045722251839574, 0.4859136132135658, 0.48686468052923754, 0.4875796704203773, 0.48965566993555426, 0.4900845650289772, 0.48948762857720013, 0.4875333825026048, 0.4882146473919594, 0.4864960285490336, 0.48884181519772146, 0.4909115973044098, 0.487244344946241, 0.48859404173551824, 0.4872741215195216, 0.48794603576548756, 0.4904224878557036, 0.4864227375140725, 0.48635940228246577, 0.4871207904979792, 0.48553954678423267, 0.48726079063113154, 0.4860326918553053, 0.48607933329799846, 0.4901367970989006, 0.49022228888387126, 0.48754232599678565, 0.4880534444294923, 0.5017114004394537, 0.4860030352248716, 0.48960016724413813, 0.4926265598984624, 0.4866475679250772]
Validation ROC AUC: 0.8378260298780495
Validation Confusion Matrix: [[63132, 14351], [3145, 7000]]
Validation Precision: 0.3278534963233572
Validation Recall: 0.6899950714637753
Validation F1 Score: 0.4445008890017779
Validation Accuracy: 0.8003377915734696
Test ROC AUC: 0.8360450537344774
Test Confusion Matrix: [[79345, 17389], [4121, 8680]]
Test Precision: 0.33296252253634584
Test Recall: 0.6780720256229982
Test F1 Score: 0.44661692822227933
Test Accuracy: 0.8036244122883097
Validation Set Size: 87628
Test Set Size: 109535
