Enhancer: E22P3F2
Label: mm_v_all
Padding: True
Batch Size: 256
Learning Rate: 2e-06
Epochs: 1000
Subset: 1.0 (number of training samples: 83139)
Weight Decay: 0.01
Optimizer: adam
Coverage: 1
Jiggle: 3
Confusion Matrix: [[0.8869104688855408, 0.11308953111445921], [0.26880666503308015, 0.7311933349669199]]
Unnormalized Confusion Matrix: [[19426, 2477], [1097, 2984]]
Number of Epochs: 295
Train Losses: [0.6931603565582862, 0.6923987790254447, 0.6915129551520715, 0.6909578039095952, 0.6906038867510282, 0.6897934323090773, 0.689025847361638, 0.6883345510409429, 0.6874529836728023, 0.6863485439007099, 0.6851787695517907, 0.6839351976834811, 0.682085742033445, 0.6796542545465323, 0.6774558050815875, 0.6742471498709458, 0.6711333652643057, 0.6680642228860122, 0.6635445479246286, 0.6592174181571373, 0.6540969177392812, 0.6485616638110234, 0.6440928633396442, 0.6381738820442786, 0.6343761629324693, 0.6288571979449346, 0.6238638226802532, 0.6204136087344243, 0.615608882353856, 0.612724889425131, 0.6088332508160518, 0.6055023556489211, 0.6005813101621774, 0.5991139589823209, 0.5952676993149978, 0.5919184433496916, 0.5892390150290269, 0.5863160450641925, 0.5836143849446224, 0.5814634425823505, 0.5784475766695463, 0.5769711679678697, 0.5731359503819392, 0.5691028459255512, 0.5665372322155879, 0.5654644659849314, 0.5623021668654222, 0.5594962149399978, 0.554144413287823, 0.5529382100472083, 0.5495897465485793, 0.5484105190863976, 0.5464556861840761, 0.5404513729535616, 0.5366997952644642, 0.5368271261912125, 0.5320917720978077, 0.530118125126912, 0.5268074938884149, 0.5235688049059648, 0.5193460859702184, 0.5165737919624035, 0.5148321016935202, 0.5125086995271536, 0.5101483780604142, 0.5077109829279093, 0.5056407087582808, 0.501342482658533, 0.4974495088137113, 0.4947673562856821, 0.49274061092963584, 0.48944197553854724, 0.48676172036391036, 0.4836635974737314, 0.48034591638124907, 0.48010412665513846, 0.47535638882563663, 0.47479435700636646, 0.47206239058421207, 0.46594793521440947, 0.4664792202986204, 0.46128195203267613, 0.46169312403752255, 0.4577264744501848, 0.45780386677155127, 0.45695681361051704, 0.45207846073003916, 0.44746208566885726, 0.44611761074799755, 0.44253553757300745, 0.442510910309278, 0.43878186986996576, 0.4366075729406797, 0.4354315715569716, 0.433004237138308, 0.4304508785101084, 0.4294216341238755, 0.4274806972650381, 0.4235511145224938, 0.4232347110601572, 0.4219055828681359, 0.4208143661572383, 0.41751380626971907, 0.41578786354798536, 0.41473210032169633, 0.4133139806527358, 0.4108446228504181, 0.4076728793290945, 0.40920209426146287, 0.40248599630135756, 0.4032073729771834, 0.40474469835941607, 0.4006749945420485, 0.3980346014866462, 0.39473775551869317, 0.3942558394945585, 0.39346474638352025, 0.3907575068107018, 0.39083949208259583, 0.38872954652859615, 0.38621142075611997, 0.38598485864125764, 0.3843178783930265, 0.3822935484005855, 0.38333899855613707, 0.3812553833998167, 0.3781553878233983, 0.379333270237996, 0.37637298088807325, 0.3733460559294774, 0.37377093425163854, 0.37183653391324556, 0.36692732233267566, 0.3715806928047767, 0.36722547604487493, 0.36698432207107545, 0.3636763596534729, 0.36475991029005783, 0.36447155989133395, 0.3627071986748622, 0.35716711062651413, 0.35990750331145066, 0.3567511008335994, 0.3549084587280567, 0.35561924191621636, 0.356196853014139, 0.3528572706075815, 0.35232899931760936, 0.3533722984790802, 0.350293254668896, 0.35142275085816016, 0.34748770970564624, 0.34707855288798994, 0.3475865991298969, 0.3475201758971581, 0.3422081926235786, 0.3414559801725241, 0.3454860166402963, 0.3451254332982577, 0.3374596245472248, 0.34029032450455887, 0.33954583543997546, 0.33684288144111635, 0.3364125893666194, 0.33662028257663434, 0.33559962235964264, 0.3368696817067953, 0.3320014373155741, 0.32924575842343845, 0.33400644063949586, 0.3316760567518381, 0.3320631405023428, 0.3285257358275927, 0.3303041556248298, 0.3286809426546097, 0.32546051181279695, 0.32551541548508867, 0.3278060728770036, 0.32514197872235223, 0.32120715141296385, 0.32244983054124393, 0.32289536164357113, 0.320209714953716, 0.3199394660729628, 0.32025248334958, 0.31879438996315, 0.31761296859154337, 0.3184002135350154, 0.31577823428007273, 0.31715305887735806, 0.31302637751285844, 0.31424344502962553, 0.31168417481275706, 0.3126357437097109, 0.3117200793669774, 0.31032917086894696, 0.31085035883463347, 0.3111706477862138, 0.3092365963183917, 0.30845996755820054, 0.30769702352010286, 0.3078922722889827, 0.3085442320200113, 0.30871597771461196, 0.3037291372739352, 0.3045015767445931, 0.3074659778521611, 0.30522237525536466, 0.30445523243684036, 0.30244459523604467, 0.3040032012646015, 0.30209695944419274, 0.3022189207718923, 0.3028491238447336, 0.30034590313067805, 0.29817077664228586, 0.3037904427601741, 0.2994833940267563, 0.29825280666351317, 0.30027369072804083, 0.29642473032841316, 0.2970611121104314, 0.29734759252804976, 0.296899907038762, 0.29511191693636085, 0.2941925941522305, 0.2959177535313826, 0.2914667238180454, 0.29409753556434926, 0.29246151694884664, 0.29099307339925035, 0.2934111543802115, 0.2905221744225575, 0.2890184750923744, 0.2897379946250182, 0.2910857586218761, 0.2911773607822565, 0.289736193556052, 0.28800936584289255, 0.2907436383687533, 0.28682788715912744, 0.2903204013292606, 0.28537123707624584, 0.28668434276030613, 0.28777961189930257, 0.2870725442812993, 0.2872427612084609, 0.28789524509356573, 0.28492851802935965, 0.28372929164996513, 0.2840452566513648, 0.28424053013324735, 0.2842743522845782, 0.2835182391680204, 0.2849935615979708, 0.28115875207460844, 0.2819457033964304, 0.28132592104948484, 0.2797712797384996, 0.27843209871878993, 0.28249219270852893, 0.28223149240016937, 0.28207060392086325, 0.27939151516327493, 0.2802466823046024, 0.278709819821211, 0.2780816168968494, 0.2741380146375069, 0.27644473153811233, 0.2797524581964199, 0.27797599109319543, 0.2791973829727906, 0.27647673262999606, 0.2762262429182346, 0.27582925209632286, 0.2766920688060614, 0.27467735762779527, 0.2735311858470623, 0.2753950343682216, 0.2737489760839022, 0.2739437801104326, 0.27149467679170464, 0.2710971709398123, 0.2728964320512918, 0.27431856898161083, 0.27327932953834533, 0.27117080142864813, 0.2748451482791167, 0.2690790444612503, 0.2705504019902303, 0.2720811236363191, 0.2726193690299988, 0.27401023956445547, 0.2696495889241879, 0.2703826133104471]
Validation Losses: [0.6927205963832576, 0.692032409150426, 0.6912958193116072, 0.690690881595379, 0.6901043987855678, 0.6894676808903857, 0.6890694331832048, 0.687793898146327, 0.6871854328527683, 0.6863203361266996, 0.6848678865083834, 0.6833829501780068, 0.6810521149053806, 0.6795979919956951, 0.6768814616087007, 0.6745209439498622, 0.6709163370655804, 0.666973838718926, 0.6629746360022847, 0.6574495223964133, 0.6532487520357457, 0.6490109889972501, 0.6402754114895333, 0.639053266222884, 0.6337078417219767, 0.6273785422487956, 0.6249230387734204, 0.618949821809443, 0.6169678946820701, 0.6109288785515762, 0.6091742631865711, 0.6050957375910224, 0.6023596590611993, 0.5968675380799828, 0.5962475312919151, 0.5929259272610269, 0.5922558314916564, 0.5878674976709413, 0.5837752143057381, 0.5871661385385002, 0.5788947125760521, 0.5759793047497912, 0.5745384773103203, 0.5743405746250618, 0.5702313620869707, 0.5655867951672252, 0.5667828466834092, 0.5626597840611528, 0.5622859858885044, 0.5565671135739583, 0.555575619383556, 0.5533302259154436, 0.5474738289670247, 0.5460296196908485, 0.5473771058931584, 0.5399211608782047, 0.5385670378440763, 0.5374028083027863, 0.5326069520740975, 0.5311410488878808, 0.531573391905645, 0.5248284056419279, 0.5280298336250026, 0.5189397204213027, 0.5155893197146858, 0.5124247564775187, 0.5132496934838411, 0.517014329389828, 0.5097023877428799, 0.508338839179132, 0.5021993964910507, 0.5006690305180665, 0.5074310916952971, 0.4979133024448302, 0.5007355333101459, 0.4998003131732708, 0.4990871595900233, 0.4944094964643804, 0.4968990556350568, 0.4892917104610583, 0.4897794385508793, 0.4848564725096633, 0.4882146814247457, 0.48622031655253434, 0.483960294505445, 0.4816834297848911, 0.480215072268393, 0.4779321896593745, 0.4803359690235882, 0.47532141608435935, 0.4753510101539333, 0.4746087898568409, 0.4740350166471993, 0.47340070656160027, 0.468176716711463, 0.4695495599653663, 0.47103515630815085, 0.4676786573921762, 0.4616070426091915, 0.4619834739260557, 0.46220417248039714, 0.46267210310552176, 0.4619029455068635, 0.4608973511835424, 0.46143507157883995, 0.4596361532443907, 0.4528426128189738, 0.46200963018870933, 0.4566973244271627, 0.45176083830798547, 0.4572908820175543, 0.45789688462164346, 0.4491491750246141, 0.4527821395455337, 0.45557157331850473, 0.45070060724165384, 0.44955485877467366, 0.4521471156579692, 0.4442319426594711, 0.44940526383679086, 0.44603731465048907, 0.45478132258101206, 0.44683221891158964, 0.45325681421814895, 0.44030924541194266, 0.44914092850394366, 0.44950285008767754, 0.4575892029012122, 0.44546321216152934, 0.44345442878036967, 0.4363161950576596, 0.4347756632217547, 0.44131160472951286, 0.44530682847267244, 0.44854152347983384, 0.44180229415253897, 0.4457223455353481, 0.4376005821111726, 0.4405737544705228, 0.4373592650744973, 0.4416550139828426, 0.43947709733393137, 0.4302831673767509, 0.44867665774938537, 0.43590860395896724, 0.4432400388688576, 0.43457306194596174, 0.4366135066602288, 0.4410298466682434, 0.4385551417746195, 0.43802239037141566, 0.4352789590271508, 0.4412414417034242, 0.44295634511040477, 0.4477404061614013, 0.4315245427736422, 0.4385828244976881, 0.4292299471250394, 0.4435099199777696, 0.4415351821155083, 0.4419117355492057, 0.4360876581290873, 0.4456525295972824, 0.44618364623407036, 0.434673110159432, 0.43434015970404555, 0.44043909376714285, 0.42913641508032635, 0.43647737110533363, 0.434812217587378, 0.4399832556160485, 0.44662695178171485, 0.4341801532158038, 0.44039587095016386, 0.4295257500758985, 0.43560828922725303, 0.43598644580782914, 0.4280698019556883, 0.4391026158885258, 0.43653633936149316, 0.4373742131198325, 0.4327969391171525, 0.4369306775127969, 0.43467034435853724, 0.43237398019651085, 0.44590506393735, 0.43689574482964305, 0.4446720887974995, 0.4389057879040881, 0.43722267848689383, 0.43325975719021587, 0.43798286631339933, 0.44220558499417656, 0.4289916986372413, 0.4224442556136992, 0.44483951860811655, 0.433514061134036, 0.44204388558864594, 0.4475710671849367, 0.44030932936726547, 0.4428831495162917, 0.43350644518689413, 0.43704431413150413, 0.4412981994995257, 0.4361275016534619, 0.4343824266660504, 0.4424583439419909, 0.439251316029851, 0.44474644995317225, 0.44464661326350235, 0.4359984990300202, 0.4418407722217281, 0.43349405905095545, 0.44597055163325333, 0.4360623432368767, 0.44043507953969446, 0.4368684709798999, 0.44238444981051656, 0.44211907975557374, 0.4363833883913552, 0.43403594813695767, 0.42739012764721385, 0.4443857382710387, 0.44973551064002804, 0.4303845483355406, 0.4414628776835232, 0.44473067761921303, 0.4384899673665442, 0.4363763088860163, 0.44430457273634466, 0.4370880901086621, 0.4460458308458328, 0.43326378595538256, 0.435958313869267, 0.44741675984568713, 0.45297961918319146, 0.4352632800980312, 0.4424167170030315, 0.43477893966000253, 0.4592533718522002, 0.4393392034420153, 0.4501210382071937, 0.4368198786566897, 0.4377447868265757, 0.4454509270627324, 0.4282614272542116, 0.4485519386646224, 0.44397528033430983, 0.44575828459204697, 0.44749093382823757, 0.457173797415524, 0.4441609756975639, 0.450814326725355, 0.45059733965047977, 0.4430210375931205, 0.4419214612827068, 0.44747564741751045, 0.44376048954521735, 0.4370527191133034, 0.4363163691468355, 0.44302094927648217, 0.43936735864092663, 0.44565108127710296, 0.4466911198162451, 0.44441679828777547, 0.4244939245101882, 0.44533955214954, 0.4435267415715427, 0.4469581122805433, 0.44035433632571525, 0.44210547826639035, 0.4437118121763555, 0.4376786609248417, 0.4446061584280758, 0.4382914806284556, 0.4527489637456289, 0.4368040892409115, 0.4394629281468508, 0.4405920073026564, 0.44211958639505433, 0.4443114490770712, 0.4536046109548429, 0.4461632018409124, 0.44931116482106653, 0.4365690481371996, 0.4491384814425213, 0.4527500362657919, 0.4512892474488514, 0.45085938165827494, 0.46251798003185085, 0.4517264478817219, 0.4511449816750317, 0.44180168938346026, 0.44854989865931066, 0.44152205455593946]
Validation ROC AUC: 0.8806550340179855
Validation Confusion Matrix: [[2211, 294], [116, 349]]
Validation Precision: 0.5427682737169518
Validation Recall: 0.7505376344086021
Validation F1 Score: 0.6299638989169676
Validation Accuracy: 0.8619528619528619
Test ROC AUC: 0.8769262479532202
Test Confusion Matrix: [[2786, 343], [159, 424]]
Test Precision: 0.5528031290743155
Test Recall: 0.7272727272727273
Test F1 Score: 0.6281481481481481
Test Accuracy: 0.8647629310344828
Validation Set Size: 2970
Test Set Size: 3712
