Enhancer: E25B2
Label: mm_v_all
Padding: True
Batch Size: 256
Learning Rate: 2e-06
Epochs: 1000
Subset: 1.0 (number of training samples: 18690)
Weight Decay: 0.01
Optimizer: adam
Coverage: 1
Jiggle: 3
Confusion Matrix: [[0.75, 0.25], [0.42409158785465406, 0.5759084121453459]]
Unnormalized Confusion Matrix: [[2877, 959], [852, 1157]]
Number of Epochs: 574
Train Losses: [0.694261899671039, 0.6936541908496136, 0.6932012930109694, 0.6932174627845352, 0.6921621480503598, 0.6922640357468579, 0.6916713118553162, 0.6919844706316252, 0.690576037845096, 0.6909269473037204, 0.6903837572883915, 0.6901669043141443, 0.6896740552541372, 0.6891909644410417, 0.6887966700502344, 0.6891869926774824, 0.6884592594327154, 0.6874611707958015, 0.6874410010672904, 0.687366797311886, 0.6861957649926882, 0.6863027947980005, 0.6848186834438427, 0.6844343003388997, 0.6839292605180998, 0.6838307300129453, 0.6829325218458433, 0.682276819203351, 0.680690959498689, 0.6816579208180711, 0.6793718893785734, 0.6785857943264214, 0.6778189531854681, 0.6772709786891937, 0.675595359222309, 0.6756545965735977, 0.6731323221245328, 0.672986496139217, 0.6721369205294428, 0.6724008571457218, 0.6711717747353219, 0.6682560298893903, 0.6682707087413685, 0.6677233923125911, 0.6659894255367486, 0.6641870189357448, 0.6646152187038112, 0.6647524865897926, 0.6624144984258188, 0.6614192128181458, 0.6622259149680266, 0.6610054921459507, 0.6587356812245136, 0.6581323219312204, 0.6571930211943549, 0.6570573843814231, 0.657478993808901, 0.6529614852892386, 0.6572991875377862, 0.6510019721211614, 0.6535408464637963, 0.6522999123947041, 0.6525854685822049, 0.6540716564333117, 0.6505017490000338, 0.651076390936568, 0.6519721496749569, 0.6476078339525171, 0.6503618480385961, 0.6499781914659448, 0.6497131247778196, 0.6468765703407494, 0.6474831434520515, 0.644331936095212, 0.6436482812907245, 0.6430654767397288, 0.6433575910490912, 0.6412831432110554, 0.6457066664824614, 0.6419638894699715, 0.6449734012822848, 0.6454047890933784, 0.6443905774000529, 0.6415888570450448, 0.6449305906489089, 0.6455400731112506, 0.6376562372252748, 0.6429111981714094, 0.6398920755128603, 0.6423674185533781, 0.6421762124912159, 0.6403545068727957, 0.6372673624270672, 0.6429005949883848, 0.6404500933917793, 0.6403923050777333, 0.6385701081237277, 0.6411019104558069, 0.6432050571248338, 0.6372781661716668, 0.6367180814614167, 0.6382535293295577, 0.6341133230441326, 0.63382465130574, 0.6352656697099274, 0.6364794735972946, 0.63567684147809, 0.6335677407883309, 0.637837108728048, 0.6339388691090249, 0.6359492709507814, 0.6431718686142484, 0.636646848272633, 0.6346755494942536, 0.6333164105544219, 0.6347719495360916, 0.6337808797488341, 0.6351420379973747, 0.6310519471361831, 0.6345499689514572, 0.6313914358615875, 0.6293397578033241, 0.6278712761563223, 0.6280546655526033, 0.6306026996792974, 0.6303669866677877, 0.6340572487663578, 0.6323470795476759, 0.6328072080741057, 0.6306912899017334, 0.6369978334452655, 0.6288169445218267, 0.6297264977081402, 0.6344106157083769, 0.62900302377907, 0.6331257505996807, 0.6287946197632197, 0.6312573286327156, 0.6295949454243118, 0.6332348818714554, 0.6319927452383814, 0.6277788402260961, 0.6268260027911212, 0.6271658298131582, 0.6287513318899516, 0.6317906822707202, 0.6252852323892955, 0.6285493430253621, 0.6308284015268892, 0.6279009435627911, 0.6295910066849476, 0.6303878821231224, 0.6266035630896285, 0.623981932530532, 0.6248243708868284, 0.6235665703142012, 0.6225488234210659, 0.6289062483890636, 0.6268758129429173, 0.6274655155233435, 0.6229762998787133, 0.6265881850912765, 0.6268932779093046, 0.6197496998954464, 0.624284215875574, 0.6286129798438098, 0.6223574691527599, 0.6220408653890764, 0.6256248701263118, 0.6238921397441143, 0.634692832424834, 0.6235437071001207, 0.6223660933004843, 0.6239085785440497, 0.6341080327291746, 0.6233624219894409, 0.6190278828144073, 0.6201716210391071, 0.6209967273312647, 0.6207558206609778, 0.6213565484897511, 0.621407570871147, 0.6202492665600132, 0.618430508955105, 0.6184452458007915, 0.616917311339765, 0.6199433207511902, 0.6213769316673279, 0.6250907069927937, 0.623162908328546, 0.6163813101278769, 0.6183500716815123, 0.618021496244379, 0.6209083400868081, 0.6202250437156575, 0.6207791139950624, 0.6186828532734433, 0.6145449264629467, 0.6202237195259815, 0.616256935370935, 0.6188843612735336, 0.6152258362319019, 0.6137887706627717, 0.6210387904901762, 0.6243030976604771, 0.6170772442946563, 0.6256520748138428, 0.6194078221514419, 0.6176472837860519, 0.6162422379931888, 0.6120176895244701, 0.6152079532275329, 0.616938567644841, 0.6157015666768357, 0.6158301048987621, 0.6137871363678494, 0.6140796026668033, 0.6125733538253887, 0.6151642203330994, 0.6145317997481372, 0.6150185651070362, 0.6236122218338219, 0.609117100367675, 0.6137945466750377, 0.6174503798420364, 0.6121773027084969, 0.6113389907656489, 0.6114490418820768, 0.6122705179291803, 0.6124426931948275, 0.6132006379398139, 0.6165263765567058, 0.6135245311904598, 0.6137422742070379, 0.6106813469448605, 0.611066973692662, 0.6149691222487269, 0.6130772804891741, 0.612213121072666, 0.6127134851507239, 0.607749235791129, 0.6098299976941701, 0.6112041634482306, 0.612824522160195, 0.6120764105706602, 0.6094076214609919, 0.6137732412364032, 0.6085206761553481, 0.6095207091924306, 0.6072200947516674, 0.6099703424685711, 0.6155855244881397, 0.6095214188098907, 0.607972898998776, 0.6051782796511779, 0.6043701091328183, 0.6058547230991157, 0.6095039256521173, 0.6059621749697505, 0.6055904038854547, 0.6141637241518175, 0.6058293355477823, 0.614685711828438, 0.6041414310803285, 0.6083396657093151, 0.6089755208105654, 0.60731983829189, 0.6052599613730972, 0.6068296496932571, 0.6032275243385418, 0.6034820224787738, 0.6099061071872711, 0.6017850919349773, 0.6012607744416675, 0.6028065995590107, 0.6026767097614907, 0.6082828125438174, 0.6068310310711732, 0.606427695300128, 0.5982965794769494, 0.6067229291877231, 0.601993324788841, 0.6056306555464461, 0.599001468436138, 0.6042074053674131, 0.6035463093100367, 0.6003190818670634, 0.6017670647518055, 0.5989810719683364, 0.5939256130038081, 0.5998459925522676, 0.5996593212759173, 0.5972095361432513, 0.5983285670344894, 0.6018833115294173, 0.5977478140109295, 0.5980862153543008, 0.5989601998715788, 0.5911276839874886, 0.5984336089443516, 0.5979996484679144, 0.5988583951383024, 0.5984347970099062, 0.5978874177546114, 0.5963767879718059, 0.5954591865475113, 0.5996730053747023, 0.5919740949128125, 0.5911183349184088, 0.5919372165525282, 0.5893297481375772, 0.5924207584278004, 0.5955433789137248, 0.5982697630250776, 0.5880087630168812, 0.590929468741288, 0.5983947112753585, 0.593147285886713, 0.5867593538116764, 0.5929867625236511, 0.594158290205775, 0.590075214166899, 0.5869596560259123, 0.5924632895637203, 0.5914435813555846, 0.5932318979018444, 0.5808765102882643, 0.5822681373841053, 0.5861373277934822, 0.5875979565285347, 0.5873658512089703, 0.5860236021312507, 0.5865124713730168, 0.5812305115364693, 0.5805952782566483, 0.5861718131078256, 0.5809084547532571, 0.5798823321993286, 0.5852415988574157, 0.5820009684240496, 0.577803896085636, 0.5813417394418974, 0.5854646394381652, 0.5815476283833787, 0.5790378781589302, 0.5765621243296443, 0.5770664529220478, 0.5788231572589358, 0.5796533734411806, 0.5765866798323553, 0.5728494315534025, 0.5742926500939034, 0.5740785155747388, 0.5721363747442091, 0.5697168852831866, 0.5734514223562704, 0.5798667943155443, 0.5740161965022216, 0.5735556942385596, 0.5681959567843257, 0.5786023027188069, 0.5748262357067417, 0.574344385314632, 0.5674528632615063, 0.5744462496525532, 0.5701873729357848, 0.5721463077777141, 0.5714006456168922, 0.5700447229114739, 0.5732067847574079, 0.5683454138201636, 0.5571326790629206, 0.5711238617832596, 0.5630705465336103, 0.5677297977176873, 0.5675295849104185, 0.5670143083946125, 0.5746946302620141, 0.5642323848363515, 0.5683226996176952, 0.5590662932073748, 0.5575131632991739, 0.5649053124157158, 0.5599876332121927, 0.5579280885490211, 0.5677140540367848, 0.5648888059564539, 0.5640071086786889, 0.5654575623370506, 0.5618130274721094, 0.5572323722613824, 0.5560862385743374, 0.5607995749325365, 0.5621037418777878, 0.5534521240640331, 0.559089757300712, 0.554992535629788, 0.5606033576501382, 0.5540498124586569, 0.5529997187691766, 0.5558261243072716, 0.552787301508156, 0.5596167380745346, 0.5541603291356886, 0.5478265579487827, 0.558170913039027, 0.5507881899137754, 0.5523576180677157, 0.550238208593549, 0.5452464528985925, 0.5553592451520868, 0.5521882655652793, 0.5541664345844372, 0.5495114636582297, 0.5512664197264491, 0.555892983803878, 0.5487822048567437, 0.5484434265542675, 0.5430438832656758, 0.5489443081456262, 0.5469089351795815, 0.548969478220553, 0.5477836977791142, 0.5451515743861327, 0.5438086632135752, 0.5415136270426415, 0.5454463604334239, 0.5411290969397571, 0.5428564608902544, 0.5401677565800177, 0.5440880881773459, 0.542626366019249, 0.534764299118841, 0.5406935343871245, 0.5468493506715104, 0.5356140656245721, 0.5393599904066807, 0.5434677427684939, 0.539571542997618, 0.5326127502563838, 0.5421332531684154, 0.5381246837409767, 0.5297822021954769, 0.5420501401295533, 0.5337597860677822, 0.5521785737694921, 0.5410512476354032, 0.5315506941563374, 0.5297743311604938, 0.5377053372763299, 0.5330543562367156, 0.5321446177927224, 0.533927820824288, 0.5364072995411383, 0.5288147020178873, 0.5288904011249542, 0.5271610436407296, 0.5343616794090014, 0.5300441360151446, 0.5224487700977841, 0.5301084611061457, 0.5298540036420565, 0.5302540216896985, 0.5261017539211221, 0.5277120120622016, 0.5301635825150722, 0.5301872652930182, 0.5200050010068996, 0.5280095975141268, 0.5335807312984724, 0.5360307939149238, 0.521830826997757, 0.5287700802893252, 0.5231379137651341, 0.5168981467549866, 0.5204740871448774, 0.5195192855757635, 0.5286879857649674, 0.5215390678998586, 0.5255491399281734, 0.5260696415160153, 0.522285147293194, 0.5190598900253708, 0.5245604059986166, 0.521328520935935, 0.5127259009593242, 0.5187638647652961, 0.5168159906123135, 0.5147172506596591, 0.5144965660733145, 0.5172188414915188, 0.5140659519144006, 0.5149083516082248, 0.5131621207739856, 0.5175853154143771, 0.5082651288122744, 0.5143711397776732, 0.5166488950316971, 0.5081793259124499, 0.5067254655264519, 0.5112598933078147, 0.5117123151147688, 0.5124583107394141, 0.512223057247497, 0.5084357225411648, 0.5201432032359613, 0.5035337560080193, 0.5103973279128203, 0.5081871361345858, 0.5059873868484754, 0.5096530801541096, 0.5073511523974908, 0.5109980823220434, 0.5018361466559204, 0.5031390061249604, 0.5060666255854271, 0.5053954571485519, 0.5111186826551283, 0.4994311739464064, 0.5002938061952591, 0.5054228897835757, 0.5059939131543443, 0.4987536894308554, 0.5036953433945373, 0.5010759749928037, 0.5031788337069589, 0.5102250040382952, 0.5024180637823569, 0.4987553559445046, 0.5041614311772424, 0.5027243378194602, 0.5078079611868471, 0.4976175459655556, 0.4983841374113753, 0.504024475812912, 0.5002687786881989, 0.5031256856950553, 0.4974083964889114, 0.49619482739551646, 0.5022631658090128, 0.4916851492346944, 0.4877846116149748, 0.5031377709395176, 0.49132398093068924, 0.49659529046432394, 0.4893462106182769, 0.4851246033165906, 0.48949808647503723, 0.49604849195158157, 0.48584893668020096, 0.4931358268132081, 0.4965714711595226, 0.4975282352518391, 0.48796056774822444, 0.4877006471962542, 0.4977062183457452, 0.491986329491074, 0.4951780986141514, 0.48741718764240677, 0.4848939490479392, 0.4952684294533085, 0.4919337497369663, 0.48889767720892624, 0.48698834631894083, 0.4872720209327904, 0.48083318931025426, 0.4874036598044473, 0.488013660182824, 0.4803489764799943, 0.4858399492663306, 0.47752244166425756, 0.48047463032039434, 0.48199181097584803, 0.4871942775475012]
Validation Losses: [0.6944227877416109, 0.6934213606934798, 0.693790034243935, 0.6931992612387005, 0.6927138472858229, 0.6919406025033248, 0.69094402225394, 0.6911684776607313, 0.6913685233969438, 0.6904114390674391, 0.6904681450442264, 0.6897546178416202, 0.6894463143850628, 0.688636695083819, 0.6884947136828774, 0.6879030340596249, 0.6871196690358614, 0.6870779583328649, 0.6863543297115126, 0.6854758419488606, 0.685564398765564, 0.6845504641532898, 0.6834286639564916, 0.6831113570614865, 0.6820734362853201, 0.6812710448315269, 0.6801186423552664, 0.6791927877225374, 0.6786759746702093, 0.6770447586712084, 0.6764652070246244, 0.6744461718358492, 0.6744903984822725, 0.6736436109793814, 0.6729675468645597, 0.6715120516325298, 0.6713469153956363, 0.669523646956996, 0.6681280104737533, 0.6662395910212868, 0.6683873753798636, 0.6650198447076898, 0.6646094165350261, 0.6622495525761655, 0.661781907081604, 0.6632175445556641, 0.6589602639800624, 0.657533447993429, 0.6584179370026839, 0.6545465212119254, 0.6543890112324765, 0.6540577944956327, 0.6538487233613667, 0.651076382712314, 0.653568192532188, 0.6531552421419244, 0.6529263508947272, 0.647147840575168, 0.6488768866187647, 0.6502679115847537, 0.6494223067634984, 0.6471166046042192, 0.6472646343080621, 0.6468809843063354, 0.6463085224753932, 0.6447467584359018, 0.6405085419353685, 0.6448912840140494, 0.6430914182411996, 0.6389088756159732, 0.6399434459836859, 0.645299776604301, 0.6421248222652235, 0.6421723271671095, 0.6418781939305758, 0.6452282447563974, 0.6352040453961021, 0.6388206732900519, 0.6383145796625238, 0.6386087850520485, 0.6379257220970956, 0.6382114855866683, 0.6417935584720812, 0.6393060339124579, 0.6315967911168149, 0.6325801203125402, 0.6367692821904233, 0.6349497751185769, 0.6358882063313535, 0.6371071181799236, 0.6325420172590959, 0.6357246668715226, 0.6384846442624142, 0.6297665489347357, 0.6303825503901431, 0.6368581527157834, 0.6276665455416629, 0.6290885210037231, 0.6244411343022397, 0.6279843731930381, 0.6336313674324437, 0.6295440259732699, 0.6269180617834392, 0.6352756933162087, 0.628944312271319, 0.6316004552339253, 0.6276861586068806, 0.6355122453288028, 0.633411799606524, 0.6266083717346191, 0.6271208367849651, 0.6266910810219614, 0.6319989091471622, 0.6324475501712999, 0.6329194777890256, 0.6267474356450533, 0.6223841685997812, 0.627044815766184, 0.6248531780744854, 0.6203798557582655, 0.6238630414009094, 0.6265856090344881, 0.6263169646263123, 0.6255536079406738, 0.6275765613505715, 0.6250204161593789, 0.6300328311167265, 0.6214687573282343, 0.6247500557648508, 0.6229573456864608, 0.6251050296582674, 0.6367637797405845, 0.6239477897945204, 0.6228578467118112, 0.6280765031513414, 0.6292066103533694, 0.6317168505568254, 0.6281122188819083, 0.6207646351111563, 0.6289410402900294, 0.6170509269363001, 0.6203863432532862, 0.6248874413339716, 0.6242238690978602, 0.6207823314164814, 0.6212249711940163, 0.6160841646947359, 0.616437620238254, 0.6097838188472547, 0.6231760319910551, 0.6245806625014857, 0.6107231315813566, 0.6235490002130207, 0.6163199575323808, 0.6193332734860872, 0.6136856361439353, 0.6234169665135836, 0.6160282869088022, 0.6195710803333082, 0.6168496263654608, 0.6195027043944911, 0.6225381242601495, 0.6227419595969351, 0.6247986398245159, 0.6213277452870419, 0.6182782493139568, 0.6279680195607638, 0.6247490017037642, 0.6192056066111514, 0.6161490082740784, 0.6242443668214899, 0.6158697385536996, 0.6139786651259974, 0.6124664545059204, 0.6161544040629738, 0.6118262221938685, 0.6247897806920504, 0.6205869850359464, 0.6186938411311099, 0.6169652876101042, 0.6126455946972496, 0.6223751432017276, 0.6189052556690416, 0.621029257774353, 0.6145865101563303, 0.6244745034920541, 0.6180112926583541, 0.6092647847376371, 0.6197857950863085, 0.6196015069359228, 0.6154349791376215, 0.6179909235552737, 0.6162968058335153, 0.6241146577031988, 0.6117020217995894, 0.615567147731781, 0.6094059065768593, 0.6142964425839876, 0.6058691740036011, 0.6117741496939408, 0.6153201711805243, 0.6116474866867065, 0.6121382180013155, 0.6201458698824832, 0.6076186769887021, 0.6121548539713809, 0.6183940015341106, 0.6146272358141447, 0.6155138329455727, 0.6131830936984012, 0.6132832232274508, 0.6097098620314347, 0.6091957531477276, 0.6112238984358939, 0.6047776812001279, 0.6231678253725955, 0.6136479032667059, 0.6105432447634245, 0.6160134673118591, 0.6058838398833024, 0.6166573511926752, 0.6103021816203469, 0.6186673798059162, 0.6116886546737269, 0.6107676248801382, 0.618336536382374, 0.6155715302417153, 0.6147416516354209, 0.6163501676760221, 0.605909316163314, 0.6111346295005397, 0.6199708424116436, 0.6049829533225611, 0.6148023228896292, 0.5993750534559551, 0.6116834251504195, 0.6063893562869022, 0.61212305332485, 0.6038300144044977, 0.6149145396132218, 0.614608275262933, 0.6072291355384024, 0.6213038626470064, 0.6147634606612357, 0.603333338310844, 0.6061150055182608, 0.6049378922111109, 0.609537472850398, 0.6087503809677927, 0.6029360859017623, 0.6164035044218364, 0.607590160871807, 0.6066132407439383, 0.6070651474751925, 0.6103501978673433, 0.6148224755337364, 0.6070609312308463, 0.6013888528472499, 0.6038316237299066, 0.6062862684852198, 0.6076030574346843, 0.6018954421344557, 0.6037407391949704, 0.6025451390366805, 0.6021416846074557, 0.6067261915457877, 0.6018875743213453, 0.613417387008667, 0.6026101394703514, 0.6044748143145913, 0.60798411306582, 0.6103172584583885, 0.6025563227502924, 0.596648843664872, 0.6108536343825491, 0.6007262248741952, 0.6143729937703986, 0.6003542918907968, 0.6064825591288114, 0.5946794120888961, 0.6024468854853982, 0.6044668116067585, 0.5979762328298468, 0.600068167636269, 0.6032590583751076, 0.608512376484118, 0.6091484270597759, 0.6032167014322782, 0.6080963893940574, 0.5989922630159479, 0.6018627819262052, 0.5943599092332941, 0.6028563286128797, 0.6136780036123175, 0.6017614163850483, 0.598858820764642, 0.6061784279973883, 0.6038511332712675, 0.5948816631969652, 0.6072016389746415, 0.5990581763418097, 0.5980610031830637, 0.5989669718240437, 0.6009301574606645, 0.6002089538072285, 0.60257572563071, 0.602180457428882, 0.6078941351489017, 0.6020297031653555, 0.6010759096396597, 0.6001979426333779, 0.609188973903656, 0.5975534915924072, 0.5934232536115145, 0.6049699846066927, 0.5932766199111938, 0.597848189504523, 0.6011489472891155, 0.6026601948236164, 0.5999875037293685, 0.6073421208482039, 0.6000260146040666, 0.6000526421948483, 0.5983062700221413, 0.5942625936708952, 0.5976485798233434, 0.602607011795044, 0.6008703802761278, 0.5947824465601068, 0.6006580904910439, 0.6052104391549763, 0.5928606547807392, 0.5881640816989698, 0.5961475278201857, 0.5930248028353641, 0.6115168709503976, 0.5984209023023906, 0.58710315352992, 0.5980488877547415, 0.5879347575338263, 0.5946242777924788, 0.5979344813447249, 0.5933244855780351, 0.5926126367167422, 0.5950281337687844, 0.5984874963760376, 0.5939344983351859, 0.5952223037418566, 0.5946199580242759, 0.5944321249660692, 0.5945345100603605, 0.5989193884949935, 0.5992349135248285, 0.5950760998223957, 0.593834008041181, 0.5975606535610399, 0.5911249047831485, 0.5996604593176591, 0.5959680707831132, 0.5859149568959287, 0.5954867444540325, 0.6061618830028334, 0.5913930096124348, 0.5951087412081266, 0.607946304898513, 0.5926388125670584, 0.5957550092747337, 0.5929036203183626, 0.5952702384246024, 0.5990866642249258, 0.5957834030452528, 0.5839954771493611, 0.5834458250748483, 0.596970115837298, 0.596683919429779, 0.5844760003842806, 0.5910182234488035, 0.5773612323560213, 0.5856807514240867, 0.6001765571142498, 0.6001214981079102, 0.5831945789487738, 0.5922047652696308, 0.5936135461455897, 0.5841908172557229, 0.600658096765217, 0.5973814443538064, 0.586508477988996, 0.5955322573059484, 0.5901911917485689, 0.596442881383394, 0.5884406848957664, 0.5891296142025998, 0.597012061821787, 0.5913575887680054, 0.5870795406793293, 0.5932932401958265, 0.593979349261836, 0.5892259227602106, 0.588046133518219, 0.5882524189196134, 0.581719225958774, 0.5956853565416838, 0.5840221988527399, 0.5911606393362346, 0.5944538837984988, 0.5897718385646218, 0.5907257105174818, 0.5850083357409427, 0.583296957768892, 0.5919990853259438, 0.6004581671012076, 0.5943482016262255, 0.5844924104841132, 0.5992299694763986, 0.5840062875496713, 0.5870012044906616, 0.5899148552041305, 0.5833099923635784, 0.5890277969209772, 0.5810219080824601, 0.5765792633357801, 0.5966731184407285, 0.5800875582193074, 0.5899877548217773, 0.5911505096837094, 0.5815874338150024, 0.5937388068751285, 0.5805296646921259, 0.5811709792990434, 0.5921750758823595, 0.587582666622965, 0.5986021035595944, 0.5971299378495467, 0.5981901978191576, 0.5862566734615126, 0.5844219985761141, 0.5813228801677102, 0.5817810987171373, 0.5805505106323644, 0.5984396934509277, 0.5798223897030479, 0.6031211802833959, 0.5877204662875125, 0.5854592354674089, 0.5973590486928037, 0.5821989617849651, 0.5833560008751718, 0.5844327368234333, 0.5808979649292795, 0.5986529996520594, 0.5886207003342477, 0.5840121068452534, 0.5876443229223552, 0.5958211767046075, 0.5787775391026547, 0.5839854290610865, 0.5798787223665338, 0.5796295529917667, 0.5820913440302798, 0.5828879255997507, 0.5933500622448168, 0.5828901184232611, 0.5899999706368697, 0.5746047606593684, 0.5872932358791954, 0.5952121458555523, 0.5841506390195144, 0.5851829679388749, 0.5875604936951085, 0.5868221552748429, 0.5969015955924988, 0.5867270607697336, 0.5735994012732255, 0.577460345469023, 0.5899189020458021, 0.5833177754753515, 0.5893967684946562, 0.5792749680970845, 0.5877551561907718, 0.5884866839961002, 0.5944883509686119, 0.5937069968173379, 0.580199796902506, 0.5920721135641399, 0.5810657269076297, 0.5898215143304122, 0.5852745614553753, 0.6033084612143668, 0.5794278979301453, 0.5967883812753778, 0.6001333970772592, 0.5833665728569031, 0.5858342176989505, 0.5887773350665444, 0.6009707199899774, 0.5834654569625854, 0.5854023506766871, 0.5737880562481127, 0.5912864145479704, 0.5886877994788321, 0.5778878550780447, 0.5851335400029233, 0.5869710947337904, 0.59100594018635, 0.5835439060863695, 0.5983671765578421, 0.5861678092103255, 0.5812242909481651, 0.5911937010915655, 0.5739987586673937, 0.585872703476956, 0.5909304963914972, 0.6032084916767321, 0.5788093036726901, 0.5875181555747986, 0.5911259462958888, 0.5877832613493267, 0.5828263508646112, 0.574540061386008, 0.5984866117176256, 0.5793375419942957, 0.5870334694260045, 0.6018917968398646, 0.5897272197823775, 0.5916610109178644, 0.5998048343156513, 0.5874352862960414, 0.6004442917673212, 0.5881678273803309, 0.5842137085764032, 0.5970303259397808, 0.5881358290973463, 0.5994238037812082, 0.589127844885776, 0.5859516074782923, 0.5875753415258307, 0.5870528064276043, 0.5910851955413818, 0.5850843442113776, 0.579505769830001, 0.5976775790515699, 0.5739671352662539, 0.5909565310729178, 0.6001127048542625, 0.5858445575362757, 0.6032570820105704, 0.5822802217383134, 0.5798154253708688, 0.5930233378159372, 0.5891090443259791, 0.6002334419049715, 0.6035620413328472, 0.5785368649583114, 0.5917521181859469, 0.6029796882679588, 0.5870022334550556, 0.5982300827377721, 0.6047900821033277, 0.5806017392560056, 0.5932762089528536, 0.5964168968953585, 0.5918414969193307, 0.6059935908568533, 0.5978560980997587, 0.5900519835321527, 0.6000907766191583, 0.5971614310615941, 0.6072840408275002, 0.6014128139144496, 0.6023657792492917, 0.5764833375027305, 0.576554935229452, 0.5950083136558533]
