Enhancer: E22P1A3
Label: mm_v_all
Padding: True
Batch Size: 256
Learning Rate: 2e-06
Epochs: 1000
Subset: 1.0 (number of training samples: 544852)
Weight Decay: 0.01
Optimizer: adam
Coverage: 1
Jiggle: 3
Confusion Matrix: [[0.8874411845623144, 0.11255881543768562], [0.1698642629160675, 0.8301357370839325]]
Unnormalized Confusion Matrix: [[125801, 15956], [4843, 23668]]
Number of Epochs: 449
Train Losses: [0.6843774342492132, 0.6341455787658243, 0.5854423447022589, 0.5563383662767845, 0.5357770856107664, 0.5204892717599309, 0.5052039576786232, 0.492401772664712, 0.4782780227581623, 0.46834485481299387, 0.4577017352299939, 0.45153886933682835, 0.4478976237992268, 0.44284174165405427, 0.4404141484795181, 0.43430517459206874, 0.43178841428277415, 0.4321719568595465, 0.42770790463044867, 0.42373724395873796, 0.4213214119788681, 0.41944003655295686, 0.4191004531156182, 0.41506111189310063, 0.41358544005928827, 0.4126497271924357, 0.4096440349234388, 0.4070782910607241, 0.40628968373102, 0.40339552853632665, 0.4038341754672112, 0.4020383758772254, 0.40215366956996157, 0.3985426795488235, 0.3966089349332803, 0.3959056007408547, 0.3937119218652491, 0.39205954740057536, 0.390723300349718, 0.39181827122810137, 0.38934988571534757, 0.3908221308420162, 0.3875106117321102, 0.3852330987976436, 0.3849142025954962, 0.3821563789294661, 0.3826721076844387, 0.3820336684199665, 0.38166420618767694, 0.379448407381675, 0.3775020354983391, 0.3783121654941421, 0.37729969756487897, 0.375893274849712, 0.3736265395912781, 0.372544013975147, 0.3726019735569235, 0.37186410848161544, 0.3714924900394026, 0.36793212645095297, 0.369083806263443, 0.3688408262072286, 0.3678514972546113, 0.36504326588590136, 0.36694034274725246, 0.36319437749008443, 0.36394291363058096, 0.3621853477465485, 0.36132291711065456, 0.3610643300023534, 0.3605969143815307, 0.35973554617253306, 0.3584175564807141, 0.3583011900023599, 0.3566098862295702, 0.3551459080557579, 0.35596753444790336, 0.3543045430423621, 0.35298754890069206, 0.3537713224588845, 0.35333732540420437, 0.35170361807000305, 0.35194820751461864, 0.3506086690709198, 0.35007583873828513, 0.3488782700404924, 0.34905109488387354, 0.34950767129225707, 0.34887071381493207, 0.3477276262121617, 0.34714938984364063, 0.34686807904544714, 0.3466821987691089, 0.34522846354431475, 0.34519357167397824, 0.34460719398709744, 0.3442468080737883, 0.3433408124618208, 0.344054544032208, 0.34208880996916874, 0.34232179031734905, 0.34076400661115747, 0.3404737424548101, 0.339861365272272, 0.3411783340070773, 0.3399177490894981, 0.3393862225139796, 0.33812283074676625, 0.338581423382347, 0.3375964164873869, 0.33776796111174734, 0.3377863483817547, 0.33660992969504655, 0.3353037461603455, 0.3342788265716195, 0.3347169886583339, 0.33534220625336264, 0.33536167696867264, 0.3336095920102929, 0.3332038812720759, 0.3345284392823631, 0.33386831796046096, 0.3333073429388863, 0.3323429671390452, 0.33189819860956715, 0.33187490786364965, 0.33183141222801943, 0.331865980192326, 0.3317180066992835, 0.3312005545049836, 0.3315959101960154, 0.32970068726588886, 0.331238027992748, 0.3297627210799043, 0.3305078026286981, 0.33057640671394084, 0.32909133873561447, 0.3291025581901316, 0.32880428814171286, 0.3288877177344851, 0.32806601596164164, 0.3279675630657479, 0.3285856462101692, 0.3275041576280679, 0.3275371542512783, 0.32696023722694983, 0.32750242599275203, 0.3272494120377227, 0.32699638359448113, 0.32676807761248317, 0.32712715830585665, 0.32606511592109083, 0.32618606971736913, 0.3265109209666626, 0.32586246200462304, 0.3255443070390069, 0.3249541428823771, 0.3259302157437986, 0.3240321674163266, 0.32445735962752614, 0.32577198260879786, 0.3252063629673702, 0.32671406305888945, 0.32534216670516286, 0.3246132269564678, 0.32411740900849784, 0.3240935769703759, 0.3245718832892843, 0.32461212399057404, 0.3251029935211797, 0.32288419716707584, 0.3242274167505213, 0.3238635526444219, 0.3249964967698993, 0.32466669242081925, 0.3231135028427114, 0.3233543598579095, 0.3236809955789988, 0.32405740251531057, 0.3235270283685821, 0.3223343243924818, 0.3221827757546128, 0.3233154480966283, 0.3240273629711961, 0.32292502156833686, 0.3231740522519027, 0.32282015642771533, 0.32353005829468867, 0.32238527206452927, 0.32250524360901767, 0.32298528650463215, 0.3221632700436213, 0.32149431553173646, 0.32211920572816627, 0.32240662903307526, 0.32231574036975374, 0.322839731570139, 0.32262528352106945, 0.32240647690684765, 0.32232510791579677, 0.3220139249718318, 0.3216745666617124, 0.32143369975673475, 0.32095412400447465, 0.32113018857307307, 0.320372627410266, 0.32025942494747167, 0.321333995072312, 0.3208787482338592, 0.3204740969899004, 0.32092659320978, 0.31985749900620997, 0.32114927214515665, 0.3198816570990967, 0.3188514581598436, 0.31912842217243126, 0.31915723791056366, 0.3182761317802293, 0.31892271876027184, 0.3190326095957216, 0.31763754500895947, 0.31971931194352005, 0.3174009212603755, 0.318060406129816, 0.3175929560592444, 0.31724698794677597, 0.3173855849768758, 0.31820636907896005, 0.31828946139035286, 0.31767278388947484, 0.3183820045865047, 0.317082357027263, 0.31728723357545763, 0.3172371877281248, 0.31823958018370335, 0.31619525200719284, 0.31767906277265945, 0.3167588893042422, 0.3159944911891163, 0.3164385173622013, 0.3162553114278488, 0.3142598242673475, 0.31526551355409643, 0.31488475883830147, 0.3154987647548535, 0.31450631328455547, 0.31499563149159476, 0.3146925740619398, 0.31523843041716076, 0.31380515557155186, 0.3140870038054257, 0.31410837522718815, 0.3133663566194268, 0.3144776313629101, 0.3134235257747421, 0.3136682658897649, 0.3143757415831285, 0.31323107190258687, 0.3155065204977933, 0.3144628618414719, 0.313664219850047, 0.3134577347953424, 0.3127736974596809, 0.3128637483333858, 0.31224088464588445, 0.3129679964371498, 0.3135253715369555, 0.31231479108781535, 0.3118741187258694, 0.3109513218271839, 0.31144077918405205, 0.31116691645376554, 0.3109333571440292, 0.3108422595914847, 0.30954364590266326, 0.3110578418085977, 0.31181770893484845, 0.311025194547276, 0.3098214623190641, 0.3104895117656341, 0.3102049055500958, 0.31137905758050977, 0.3109573555656194, 0.3100045450616185, 0.30943400464241577, 0.30946821828244603, 0.3100425992957187, 0.3092478008310019, 0.3089688716149207, 0.31023538146936147, 0.30816359552714456, 0.3087947844353121, 0.30894617365385346, 0.30866228933623274, 0.3083603527202691, 0.3079078352930065, 0.30925634625149534, 0.3077139264893901, 0.309381317712993, 0.30788573862773927, 0.30888472244094495, 0.3077564817490629, 0.30785223651290666, 0.30778025929190955, 0.30734483682112607, 0.3072410475947365, 0.3064940290559676, 0.30684638764585, 0.3081555949474176, 0.3071029191358149, 0.3067710058979722, 0.30653199121642977, 0.3075245534620581, 0.306440038999351, 0.3056841416432299, 0.30618441341459723, 0.3054906876574889, 0.3046132278811937, 0.3060488408162819, 0.306714187000435, 0.3066753224833239, 0.3047935979614912, 0.3051206461346838, 0.30574262093187443, 0.30536910889433155, 0.3074151800517579, 0.3048141574904414, 0.3050171033128879, 0.30385648164182494, 0.30449896987865316, 0.30488584858674633, 0.303759327043721, 0.30400603349609745, 0.30440157667999257, 0.30409850385923687, 0.3038592492053071, 0.3032363465256174, 0.30380869135015615, 0.30426670520615834, 0.30317689778660317, 0.3039757173111205, 0.3026374281012659, 0.3024690243883164, 0.30349342009868907, 0.304251781682724, 0.303552709026424, 0.3044783583951142, 0.3033670499367913, 0.30322384919679013, 0.3027748119360743, 0.30348932370018544, 0.3023487005982952, 0.3033083069766839, 0.3018283074719069, 0.30332335737346205, 0.301613576524747, 0.30165601158825206, 0.30294158652305825, 0.30350864838551556, 0.30304277920286216, 0.3032539835092102, 0.3018879226573816, 0.3012097500170156, 0.3009818274197079, 0.30271075031829026, 0.3024241940173928, 0.30081432994792806, 0.30057761934006255, 0.3015503655259964, 0.30016070875890827, 0.3001359247682575, 0.30058752050025744, 0.29987415144313606, 0.3001020651585398, 0.3018064080353016, 0.3011584830163733, 0.30010891592015454, 0.3017017277208725, 0.300220373036325, 0.2998859807463978, 0.3015775739684694, 0.29963593951353396, 0.2999611963697754, 0.3004756259870619, 0.29924212855988125, 0.2990602184666217, 0.2998581912706244, 0.2995344803136187, 0.30046138170880854, 0.3000628437554685, 0.3007676668671612, 0.2997618162993144, 0.2999940882929058, 0.30038381391368935, 0.30003803490388553, 0.2997478185096443, 0.2997755297700695, 0.3000552822735568, 0.29921455189284724, 0.2991209928700486, 0.29951847495468303, 0.2989047112222455, 0.2978806743085972, 0.29876263511046497, 0.29851458185628416, 0.2989929361332745, 0.2983582620471786, 0.29703119943096024, 0.2988379326867296, 0.29787243688509685, 0.2975985846465157, 0.2989710441227528, 0.2977881165332445, 0.29721232217737853, 0.2966975309497149, 0.2984770703212148, 0.2987538040902145, 0.2980271162996274, 0.2974420999657553, 0.2967802663751475, 0.29833613779831514, 0.2967822471027253, 0.2963765355526085, 0.2988705666916871, 0.29780224931525645, 0.29761854430049056, 0.29781289568049296, 0.2965617868305652, 0.29691100930344505, 0.29829517112561044, 0.2978840180619774, 0.2975903319648982, 0.2959811317285163, 0.2977378108989694, 0.29686927827606185, 0.29695366399284817, 0.29683508584341456, 0.2965707637408128, 0.29666074317433344, 0.29794023023938393, 0.29664013232071673, 0.2960947873013968, 0.29610143996645666, 0.2964579901570947, 0.2959613662935748, 0.29634321038294087, 0.2967747543523322, 0.2957977605375565, 0.2968316752552818]
Validation Losses: [0.665433766582446, 0.5958234989844389, 0.5575638512956715, 0.5332210462603292, 0.5143905809292426, 0.4998194381846272, 0.4821923409237423, 0.4694047833584934, 0.4540068619023121, 0.4447064625053871, 0.43713358368927274, 0.43225894105143664, 0.42514751026822745, 0.42395220934561895, 0.4177849613703214, 0.418904717096021, 0.4164589284508582, 0.4168519255256116, 0.41240947448961285, 0.4119182087578872, 0.4075630515478342, 0.4070597046647242, 0.40536491452641155, 0.40327915185835306, 0.40330676575091723, 0.40397835571815105, 0.39840675910015716, 0.4019768557338285, 0.3978972779429652, 0.39696987434578657, 0.3955771775451431, 0.39534029403725884, 0.3935177971453425, 0.3901085258089355, 0.3927451333565739, 0.3934088150287435, 0.38943486007919453, 0.3922608616092639, 0.3851874831917138, 0.38810914743684694, 0.3838892853617892, 0.3865998433186458, 0.38766570207549306, 0.3965872196274448, 0.3833309053032752, 0.38330943533000983, 0.3882575209547834, 0.38113726443466056, 0.3836945896692169, 0.38498816917358597, 0.38174509689016145, 0.3915132503907631, 0.3838111536811485, 0.38037948156610885, 0.37811849203387077, 0.3804321050867578, 0.38073263802403134, 0.37574674197477875, 0.3788919012720992, 0.37561713351988657, 0.3888986670948551, 0.37705092582201644, 0.37853974349950537, 0.37650332195897485, 0.37789177598246493, 0.3817208165523035, 0.3760021549228432, 0.37747395642479187, 0.38076975013480624, 0.37457447757640433, 0.3736222750641839, 0.373204756744807, 0.3747486493936399, 0.37550625529342924, 0.36926559396577374, 0.37313053034259946, 0.3714911221731, 0.3709994447723339, 0.37100064262440235, 0.3742227107286453, 0.3721031205515477, 0.37019175626547207, 0.3730605978232164, 0.3700596846178817, 0.37261226711756296, 0.37404440234347086, 0.3690059872214834, 0.3688572062001219, 0.3777159583277819, 0.3705491275993118, 0.36726075377294315, 0.3686734302070754, 0.37382955966590714, 0.36737189373424306, 0.37136489175274046, 0.37112060041074235, 0.3682078771698542, 0.36505441719886284, 0.3668407989879039, 0.3699732072525579, 0.3663162457395002, 0.3831641278168498, 0.36920480281953294, 0.36852736231533717, 0.36443545296089286, 0.36560709265674035, 0.3731186761753197, 0.3723178655188705, 0.36783698357739547, 0.368053469939706, 0.36498821592465125, 0.3689826176716731, 0.3694690073408732, 0.3696459020168204, 0.3669285973845011, 0.37630789510304663, 0.3653833386374683, 0.3686716012782496, 0.37253668887530217, 0.3683337235428379, 0.365609178735436, 0.3655905050363594, 0.36432142172700693, 0.3682390244548361, 0.3801303791899171, 0.36434540297926926, 0.3690986125598929, 0.365560541289385, 0.363006564482739, 0.3754688766391819, 0.3634489012032915, 0.3652164646988738, 0.3623023600113101, 0.37320174374678794, 0.36492056605068873, 0.3624024665154391, 0.361264650107101, 0.3659835333112928, 0.36569749582104566, 0.3641411685026609, 0.3707141321550838, 0.36786711579415854, 0.36460102255863275, 0.3635178925731616, 0.3658934053851337, 0.3638800066139193, 0.3634405945747476, 0.3706689501010007, 0.36417833093630664, 0.36234036479389914, 0.36310130592582374, 0.36796580419978775, 0.3645523526822872, 0.36020000583682676, 0.35965198272835697, 0.36256788746501, 0.37853243399068964, 0.3674652042464959, 0.3602801279547514, 0.37644075161967894, 0.360830866317588, 0.36123324586794925, 0.3681413059386706, 0.36144747105593084, 0.36076662056217945, 0.3600895430256681, 0.36272180427082484, 0.3684922677043679, 0.36295597710931504, 0.3635362254186598, 0.36314993794818756, 0.3622383177280426, 0.36240998285125386, 0.36356070827811565, 0.362486515494717, 0.3870397822941893, 0.36350843117451803, 0.3628324090204364, 0.36029698438313396, 0.3604930294275731, 0.36102199252506134, 0.3668296860485542, 0.36329155251747225, 0.3607428413842006, 0.35961049051490557, 0.36411748762202306, 0.36006532013975434, 0.3596397725267661, 0.3608291001805221, 0.3669421481034993, 0.3597707365959268, 0.3668683911018479, 0.36110247090095426, 0.36726900487858627, 0.35950525555109664, 0.3646616169144915, 0.3658645892791855, 0.3668957481241137, 0.3639169546721353, 0.36090786176371975, 0.36397436920965814, 0.3584015797718828, 0.3600011623934554, 0.36019572022931884, 0.36374168257328626, 0.363717868001555, 0.36109865544884556, 0.3721841501585762, 0.3657772508615848, 0.36262767302050597, 0.3580938074982412, 0.3601406981808607, 0.36144637706467625, 0.363476184586423, 0.364596629399967, 0.3669837476444513, 0.3640219128601547, 0.36971722954209707, 0.36198257522108856, 0.3642602131805098, 0.35999932253338385, 0.35877221677361465, 0.3641917373964084, 0.36300480639733246, 0.36251211943590617, 0.36322992005670274, 0.3661178201157425, 0.36446737133204155, 0.37208359846478334, 0.3564157299767292, 0.3647724393943908, 0.36226559508640815, 0.3651168934064332, 0.35922712820108565, 0.37134802486838364, 0.3627757283021988, 0.3604799851243983, 0.3598223134567769, 0.35996240427749016, 0.3609695220977683, 0.35641981708846887, 0.35903442772647004, 0.3575143533397123, 0.36334871555246956, 0.3642166987704515, 0.3595215044705998, 0.3657444998426241, 0.3685075471817217, 0.3628079934817989, 0.3606877611009981, 0.3611637739705771, 0.35704659638440633, 0.35777728541930665, 0.3611331532864812, 0.35876142497805225, 0.35669641669203594, 0.35963150517801856, 0.35961275057094855, 0.3617950859593182, 0.36167080048995887, 0.36354684947131943, 0.36422083883303413, 0.3598244309033954, 0.37165711901201315, 0.36769716408082737, 0.3596144049073697, 0.3598983990094899, 0.3633057683650369, 0.36494909498078737, 0.3625402332302777, 0.37328721043316554, 0.36172114634156005, 0.3563636394591537, 0.3617524756835057, 0.3558695476229598, 0.36318364297695055, 0.3697255876117978, 0.37182876853513447, 0.3584663158957104, 0.36038279209083285, 0.3590471020447157, 0.3616253208599663, 0.3636620326236757, 0.35732794831215103, 0.3744693079764132, 0.35937924683094025, 0.36209791647113065, 0.35913446266029386, 0.3796341367778814, 0.3589956075456308, 0.3613565818565648, 0.3839745393501661, 0.3588962511318486, 0.35901737302597647, 0.36735717887949987, 0.3605879079166094, 0.3593852174438634, 0.3679437476295915, 0.35816271496870283, 0.35942534065157117, 0.3653232954009165, 0.37057894507447503, 0.3621026709200517, 0.3641431996455559, 0.3570303557681769, 0.3614725648350385, 0.35773684895172797, 0.35670265465918893, 0.3663065253178577, 0.3642188146235124, 0.3636455651072132, 0.3595860635977078, 0.36074617054963426, 0.37140324026849436, 0.3597540747493114, 0.37160724407065426, 0.356389281701639, 0.3565641891274175, 0.37007453187768946, 0.356690891883834, 0.35934832666984867, 0.363595849913012, 0.3640306728418504, 0.36670352608021384, 0.37876180943807564, 0.3634503002350147, 0.36051899082888805, 0.3584996145393343, 0.3736085659120141, 0.36033050897644786, 0.36124057880485705, 0.3587713300287164, 0.3587807145731534, 0.36952228749111493, 0.35953296298828624, 0.3559761933045808, 0.3577492463543983, 0.37186522997118965, 0.3602344536311631, 0.35603531851218295, 0.37407322952045063, 0.36859014658274836, 0.36087353055070087, 0.3666718896010132, 0.3766042089708303, 0.36054378815037225, 0.3668216928196669, 0.3619046540018765, 0.35536027860462555, 0.3603793264106335, 0.3560707020603022, 0.35802742780149543, 0.3589581056562642, 0.35726141085320523, 0.3598877463287082, 0.3645724152366842, 0.36483850868289514, 0.35695087372921197, 0.358252409782687, 0.35796884322926875, 0.36595716356783825, 0.359993453992017, 0.3617283021978768, 0.3979482765940296, 0.3700585780738666, 0.36047059932188963, 0.35814048704913143, 0.3590601616124946, 0.3623375360614587, 0.3559187478464495, 0.3830137502744542, 0.3603502310686666, 0.37836059992241816, 0.3575592966397305, 0.35853902534293414, 0.35861208732982514, 0.36133376373359005, 0.3936830204378597, 0.364823904594382, 0.365547585945863, 0.36139749216988654, 0.35851609259564254, 0.3656690097213015, 0.357779994662886, 0.36097315568861327, 0.35699643949518506, 0.35929267720701996, 0.3594863638980751, 0.35846118514354414, 0.367844566758757, 0.35987320223624, 0.3790608345343964, 0.3600937390584659, 0.35766402926946, 0.3601798429162596, 0.3610836775732309, 0.3610421929082101, 0.3645099211365376, 0.36260379165914225, 0.3567655269916241, 0.3614643779190128, 0.36305645958120336, 0.3644778825216848, 0.36701812249858207, 0.3899971997089279, 0.3633819135223947, 0.3615638502990551, 0.3580287122368589, 0.35914137707865934, 0.3657646410684425, 0.3571863784183928, 0.3583713853225028, 0.3628375463145759, 0.3646139345406144, 0.3569833484196976, 0.3570212863287827, 0.3636017529535025, 0.36514725853421676, 0.3583532775879801, 0.3985622651022326, 0.3675437510349066, 0.35771535283852696, 0.3649985390465434, 0.382033838060515, 0.3641724800079446, 0.36626388901393814, 0.3605155670844144, 0.3588320868435765, 0.355734504353933, 0.36964297753113967, 0.3596683880122026, 0.36064708568365444, 0.3596445395284477, 0.3666830347190431, 0.35674660900296684, 0.3665691004685121, 0.3865514660977512, 0.35604157918054213, 0.3560933210724514, 0.36089907390874504, 0.371308970490495, 0.381452284180201, 0.3634879341660029, 0.3616186426795222, 0.35578822614328054, 0.36493504011049505, 0.35601495320980364, 0.3574768211168375, 0.35728473829954693]
