Enhancer: E25B3
Label: mm_v_all
Padding: True
Batch Size: 256
Learning Rate: 2e-06
Epochs: 1000
Subset: 1.0 (number of training samples: 9324)
Weight Decay: 0.01
Optimizer: adam
Coverage: 1
Jiggle: 3
Confusion Matrix: [[0.7204148986327205, 0.2795851013672796], [0.4649122807017544, 0.5350877192982456]]
Unnormalized Confusion Matrix: [[1528, 593], [371, 427]]
Number of Epochs: 714
Train Losses: [0.7033787627477903, 0.7028013322804425, 0.6997615324484335, 0.7016335854659209, 0.7014876587970836, 0.7019776653599095, 0.7011994816161491, 0.6999963264207583, 0.6978365553391946, 0.7003697124687401, 0.6993143687377105, 0.696347032044385, 0.698173067054233, 0.6955408486160072, 0.6973598373902811, 0.6964207919868263, 0.6967151213336635, 0.6981868518365396, 0.695633897910247, 0.6959163884858828, 0.6954271181209667, 0.6947142159616625, 0.6935160353377059, 0.6939699472607793, 0.6928725419817744, 0.6933887343148928, 0.6935512745702589, 0.6929650000623755, 0.6926186503590764, 0.6932643313665647, 0.6930472931346378, 0.6932714726473834, 0.6925676110628489, 0.6926314234733582, 0.6928254237046113, 0.6917262592831174, 0.691505528785087, 0.6920876760740537, 0.6914561326439316, 0.691477936667365, 0.6912560817357656, 0.6916249329979355, 0.6917358814059077, 0.6914941056354625, 0.6906881976771999, 0.691628509276622, 0.6905626847937301, 0.6912281287683023, 0.6911825827650122, 0.6912395970241444, 0.6906818634754902, 0.6907828885155756, 0.6907457886515437, 0.6907166178162033, 0.6900583489521129, 0.6901150297474217, 0.69037575335116, 0.6907624199583724, 0.6911416714255875, 0.6902230349746911, 0.6898686547537107, 0.6895143969638927, 0.6900932853286331, 0.6897445530504793, 0.6896075590236767, 0.6896869395230267, 0.6892668540413315, 0.6894990141327316, 0.6891815211321857, 0.6896061848949742, 0.6890392867294518, 0.6893134133235829, 0.6888781640980695, 0.6892366360973667, 0.6883122776005719, 0.6882059783548922, 0.6888945392660193, 0.6886371631880064, 0.6885167908024143, 0.6886278761399759, 0.6879530146315291, 0.6879856167612849, 0.6881507570679123, 0.6883947591523867, 0.6872732381562929, 0.6884635590218209, 0.687887033900699, 0.6878728834358422, 0.6871005779988056, 0.6874342592986854, 0.6879613544489886, 0.6878868824726826, 0.6875143180022368, 0.6863007239393286, 0.687544500505602, 0.6875597045228288, 0.6868759699769922, 0.686423201818724, 0.6863981356491914, 0.6861311970530329, 0.6862507816907522, 0.6858048970634872, 0.6859637224996412, 0.686639974246154, 0.6860110437547838, 0.6860784614408338, 0.6851485758214384, 0.6854338581497604, 0.6853817105293274, 0.6849002387072589, 0.6854290575594515, 0.6846492403262371, 0.6836875242155951, 0.6839860049453942, 0.6847961287240725, 0.6857992797284513, 0.6844734356210038, 0.6842655168997275, 0.6855900255409447, 0.6844879469356021, 0.6827399456823194, 0.6842506801759874, 0.6827979957735216, 0.6826440627510483, 0.6829182682810603, 0.6828432550301423, 0.6830092330236692, 0.683458956512245, 0.68297287257942, 0.6823370859429643, 0.6820385971584836, 0.6839367473447645, 0.6821789838172294, 0.6817780072624618, 0.6832731865547799, 0.6821019407865163, 0.6836881363714064, 0.681886192914602, 0.6821677137065578, 0.681731589742609, 0.6821417019173905, 0.681337609484389, 0.6816489454862233, 0.6801629291998373, 0.6801652328388111, 0.6811100486162547, 0.6827005872855315, 0.6813975459820515, 0.6802727418976862, 0.6799972830591975, 0.6788918247094026, 0.6806830022786114, 0.6802844276299348, 0.6790820021887083, 0.681654551544705, 0.6784497128950583, 0.679373161212818, 0.6784208561923053, 0.6808079078390792, 0.6813210667790593, 0.6797819636963509, 0.6786022299044842, 0.6804225106497068, 0.6788718571534028, 0.6795724211512385, 0.6791529220503729, 0.6797123937993437, 0.6771454827205555, 0.6786937343107687, 0.6799349607648076, 0.6790319036793064, 0.6781602211900659, 0.6779857970572807, 0.678503202425467, 0.6791877359957308, 0.6782735135104205, 0.6793502230901975, 0.6758257231196841, 0.6773958335051665, 0.6740284739313899, 0.6785167842297941, 0.6776883682689151, 0.6780799756178985, 0.6764345152958019, 0.6770985271479633, 0.6778493749128806, 0.6771472998567529, 0.6778921887681291, 0.6757153304847511, 0.6754728620116776, 0.6791593802941812, 0.6785118225458506, 0.6794295681489481, 0.6782091952658988, 0.6777072613303726, 0.6770968888257001, 0.6769761169278944, 0.6794954602782791, 0.6751983761787415, 0.6778571815104097, 0.677301100782446, 0.6765633112675434, 0.6756305630142624, 0.6778113858119862, 0.6750486509220021, 0.6757936799848402, 0.6751816514376048, 0.6744989849425651, 0.67654199213595, 0.6738680069511002, 0.6764628581098608, 0.6735723163630511, 0.6740893689361779, 0.6753467836895505, 0.6791212929261697, 0.6797749835091669, 0.6743855750238573, 0.6745684662380734, 0.6739850350328394, 0.6726548913362864, 0.6758468763248341, 0.6748637428154817, 0.6754911880235415, 0.6730234204111872, 0.674994133614205, 0.6739730013383401, 0.6728609735901291, 0.6750511849248731, 0.6756691352741139, 0.6760018451793773, 0.6732181552294139, 0.6752022311494157, 0.6737443160366368, 0.6763630541595252, 0.6737550738695506, 0.6711829868522851, 0.671189145461933, 0.6744605270591942, 0.6752262872618597, 0.673296654546583, 0.6743025989145846, 0.6731649653331654, 0.6740670139725143, 0.6751223399832442, 0.6737148552327543, 0.6714946369867067, 0.6725585025710028, 0.6721400151381621, 0.6710892980163162, 0.6736144987312523, 0.6731493263631254, 0.6711840097968643, 0.6761182047225334, 0.6712698936462402, 0.6713142459456986, 0.672964954698408, 0.6728206760174519, 0.6717577882715173, 0.6730842590332031, 0.6694694419164915, 0.6709024535643088, 0.6725749953373058, 0.6727613017365739, 0.673943859499854, 0.6705086666184503, 0.668494379198229, 0.6679125057684409, 0.6702979658101056, 0.6732141746057047, 0.6720832376866728, 0.6691549339809933, 0.6707381718867534, 0.6735414749867207, 0.6690401692648191, 0.6682982154794641, 0.6681072873038214, 0.6697979327794668, 0.669845158989365, 0.6692172578863196, 0.6692919457280958, 0.667676376329886, 0.6696155119586635, 0.6683395585498294, 0.6677136985031334, 0.6691809651013967, 0.6686908006668091, 0.6686580922152545, 0.6685449996510068, 0.6716334803684337, 0.6697613161963385, 0.6664135552741386, 0.6688086309948483, 0.6658979622093407, 0.6682094158353032, 0.6658882901475236, 0.6671859122611381, 0.6705200768805839, 0.6681619882583618, 0.6685452396805222, 0.6708291060215718, 0.668585791781142, 0.6663601656217832, 0.6693383213636037, 0.6702785814130628, 0.6690953132268544, 0.6672784992166467, 0.6671745100536862, 0.6641309406306293, 0.6660031241339606, 0.6671119686719533, 0.6661282874442436, 0.6672962887867077, 0.6682913931640418, 0.6649960215027267, 0.665749962265427, 0.6667484931043677, 0.6638321715432245, 0.6629573638374741, 0.66530410502408, 0.6644169382146887, 0.6658188185176334, 0.6665108961028021, 0.6643524395452963, 0.6633017353109412, 0.6637887117025014, 0.6633288103180963, 0.6601675748825073, 0.663801637855736, 0.6654550707018053, 0.6625397350337054, 0.6644108053800222, 0.6609556078910828, 0.6636157035827637, 0.6616097479253202, 0.6613908361744236, 0.6624020837448739, 0.6592361234329842, 0.6624207110018343, 0.6604629932223139, 0.6623599899781717, 0.6608800130921442, 0.661725448595511, 0.6576451240359126, 0.6618483404855471, 0.6622119272077406, 0.6586391072015505, 0.6602147930377239, 0.6620593828123968, 0.6589402669184917, 0.6578622347599751, 0.6580026278624663, 0.6592793883504094, 0.6588169884037327, 0.6589303161646869, 0.6584936332058262, 0.6603541116456728, 0.6602665991396517, 0.6569754014144072, 0.6588961900891485, 0.6568879807317579, 0.6565323552569827, 0.6594555377960205, 0.6581219450847523, 0.6564399970544351, 0.6557863886291916, 0.6527464776425749, 0.6556465835184664, 0.6570900614197189, 0.6552188009829134, 0.6556310782561431, 0.6572818224494522, 0.6533357436592514, 0.6530888515549738, 0.6543457491977794, 0.6516702819514919, 0.6502050032486787, 0.6526899821049458, 0.6510129119898822, 0.6515110715015514, 0.654147869831807, 0.6497402932192828, 0.6519917346335746, 0.651758490382014, 0.6512018683794383, 0.6536811316335523, 0.6510303584305016, 0.6488702216663876, 0.6489745620134715, 0.6517820712682363, 0.6493140072435946, 0.6499469038602468, 0.6494825643462103, 0.647905899060739, 0.6458721209216762, 0.6460604909304026, 0.6472737370310603, 0.6471661732003495, 0.6454829283662744, 0.6441559501596399, 0.6442040688282734, 0.6448439150243193, 0.6470276568387006, 0.6455909287607348, 0.642677007494746, 0.6428389130411921, 0.6425998275344437, 0.642869192200738, 0.6427421360402494, 0.6411614047514426, 0.6423019057995564, 0.6433726629695377, 0.6381010074873228, 0.6416850315557944, 0.6377311123384012, 0.6384253952954266, 0.638814982530233, 0.6375570329459938, 0.6391266987130448, 0.6408365449389896, 0.6379815017854845, 0.6345095940538354, 0.6368917532869287, 0.6361461136792157, 0.6372083151662672, 0.6378037816769367, 0.6323488741307646, 0.6335685543111853, 0.6333192586898804, 0.631929874420166, 0.6328896412978301, 0.6300659759624584, 0.6316473902882757, 0.6263398383114789, 0.6342280168791075, 0.6334621390780887, 0.6271192963058884, 0.629426896572113, 0.6301082775399491, 0.6275341671866339, 0.6291968451963889, 0.627669091160233, 0.6269725512813877, 0.624690951527776, 0.6239367675136875, 0.6281412227733715, 0.6253039337493278, 0.6208507805257231, 0.6222811889004063, 0.623316368541202, 0.6234598610852216, 0.6198619217485994, 0.6211108661986686, 0.6201565458967879, 0.6196000817659739, 0.6205191821665377, 0.6194219218718039, 0.6201944947242737, 0.6158311222050641, 0.6164592246751528, 0.6140697372926248, 0.613032210517574, 0.6161692142486572, 0.614333315475567, 0.615017145066648, 0.6117304225225706, 0.6127835463833164, 0.6132019999864939, 0.6134875755052309, 0.6101610161162712, 0.6120055076238271, 0.6070631581383783, 0.608234573054958, 0.6108544130583067, 0.6077459567301983, 0.6104752824113175, 0.6044349090473072, 0.6045715841087135, 0.6055481369430954, 0.6017916315310711, 0.6032714408797186, 0.6037311763376803, 0.6031769594630679, 0.6033950512473648, 0.6022096711236078, 0.5986048176481917, 0.6021512021889558, 0.6000377777460459, 0.5979179224452457, 0.602114778918189, 0.5983330655742336, 0.5993189715050362, 0.5978380345009469, 0.596210772926743, 0.5950478444228301, 0.5966414003758818, 0.5939351062516909, 0.5904889783343753, 0.5925908926370982, 0.5922659796637457, 0.5915030965933928, 0.5902378398018915, 0.5900194934896521, 0.587972790808291, 0.586894331751643, 0.5911498408059817, 0.5854261791383898, 0.5855811302726334, 0.5864191151954032, 0.5844949467762096, 0.5829964102925481, 0.5829479597710274, 0.5826285690874666, 0.5844547458597131, 0.5801048762089497, 0.5858541888159674, 0.5797957198039906, 0.5820037593712678, 0.5790455437995292, 0.5802502471047479, 0.5756845474243164, 0.5757428955387425, 0.5753177194981962, 0.5754877715497404, 0.5765913193290298, 0.5731505123344628, 0.5802365267598951, 0.5745971283397159, 0.574273444510795, 0.5742474681622273, 0.5743887182828542, 0.5711134913805369, 0.568171151586481, 0.5691051837560293, 0.571466784219484, 0.5681918811153721, 0.5668001722645115, 0.5699153461971799, 0.5639702919367198, 0.5681154985685606, 0.5639818487940608, 0.567851685188912, 0.5643337433402603, 0.5596055952278344, 0.5615508346944242, 0.55921965676385, 0.5601050885947975, 0.5611492814244451, 0.564511692201769, 0.5580470932496561, 0.5610630367253278, 0.5562271765760474, 0.5606312107395481, 0.5528254251222353, 0.558896765515611, 0.5494090189804902, 0.5513053923039823, 0.5567638020257692, 0.5512234488049069, 0.5522882648416467, 0.5503650178780427, 0.5523923426061064, 0.5438199317133104, 0.544584338729446, 0.5482125298396961, 0.5479534131449622, 0.5459118823747378, 0.5415234904031496, 0.5462705799051233, 0.544418220584457, 0.5409785412453316, 0.5437900826737687, 0.5409075118399955, 0.5411218018145174, 0.5392956041000985, 0.5373053639321714, 0.5344847263516607, 0.5424464135556608, 0.5411220627862054, 0.5373063417705329, 0.5372472075191704, 0.5338724191124374, 0.5376490934475048, 0.5334818765923783, 0.5345141791008614, 0.5375630275623219, 0.5364266730643608, 0.5353633705023173, 0.5330432621208397, 0.5338254925366994, 0.5334957886386562, 0.5325624830013996, 0.5299815841623254, 0.5273740565454638, 0.5267413000802736, 0.5276698164037756, 0.5291067232956758, 0.5268114885768375, 0.5247038457844708, 0.5266090115985355, 0.5249948163290281, 0.5307979487084054, 0.5252997085854814, 0.5241530279855471, 0.5209627739481024, 0.524902003036963, 0.5158870445715414, 0.5153239240517488, 0.5254824749521307, 0.5154201694436975, 0.511561370379216, 0.5159535834918151, 0.5123581765471278, 0.5191542232358778, 0.5226546751486288, 0.5192740527359215, 0.518193123308388, 0.5112826606711826, 0.513891735592404, 0.5100218943647437, 0.5128717245282354, 0.5089861726438677, 0.5081565806994567, 0.510326665800971, 0.5060346182939168, 0.5104054470320005, 0.5059757506525194, 0.5092375479839943, 0.507056713104248, 0.5062051753740053, 0.5032812936885936, 0.49819485077986847, 0.5078656842579713, 0.5006008679802353, 0.4958165980674125, 0.4952703343855368, 0.497450548249322, 0.4985166949194831, 0.4943367291141201, 0.5024418363700042, 0.49594540370477214, 0.4952153434624543, 0.4967286047097799, 0.49296767163921046, 0.49378746909064214, 0.4894772800239357, 0.4955529240337578, 0.4870507402999981, 0.4928734511942477, 0.491471104525231, 0.49168493618836273, 0.4888958077172975, 0.48803575377206543, 0.48683899721583807, 0.4888657565052445, 0.485072677199905, 0.48711316408337774, 0.4925644454118368, 0.48562834230629176, 0.48854395747184753, 0.4843993146677275, 0.47800582164042704, 0.4814562612288707, 0.48622411811673966, 0.4808276666177286, 0.479169907602104, 0.48201475191760706, 0.4779951475762032, 0.4769376161936167, 0.4775111272528365, 0.4768922151745977, 0.47170463687664754, 0.4764766886427596, 0.47402545568105336, 0.475754528432279, 0.4705781203669471, 0.4775521191390785, 0.47311665963482213, 0.4721080934679186, 0.4735151118523366, 0.4721569032282443, 0.46952265017741435, 0.4726419746875763, 0.4664443682979893, 0.46737977056889923, 0.4686479012708406, 0.471257204945023, 0.46674102544784546, 0.462950400404028, 0.4609129146949665, 0.4628735522966127, 0.46362113469355815, 0.4578770697116852, 0.46160035358892904, 0.4629008173942566, 0.46272184397723226, 0.4578179322384499, 0.4634777202799514, 0.45666212568411957, 0.4570017457008362, 0.45975149563840917, 0.45248470515818207, 0.4523796334459975, 0.46009388807657603, 0.45132179518003723, 0.4497831794055733, 0.4537564942965636, 0.4574576632396595, 0.4506154430879129, 0.45007652849764435, 0.455033806530205, 0.4552928998663619, 0.4520387456223771, 0.44917216172089447, 0.4486783034092671]
Validation Losses: [0.6976224958896637, 0.7003841936588288, 0.7037193059921265, 0.6993249416351318, 0.6993845880031586, 0.7020344793796539, 0.7005004167556763, 0.6985287308692932, 0.6980527997016907, 0.6998984277248382, 0.6992568016052246, 0.6948085248470306, 0.6962140917778015, 0.6996018648147583, 0.6953836917877197, 0.6959573566913605, 0.692754739522934, 0.6941182971000671, 0.6977783441543579, 0.6956840038299561, 0.6946012794971466, 0.6937662065029144, 0.6939361751079559, 0.6950233399868011, 0.6952493727207184, 0.6902905225753784, 0.6921233117580414, 0.6926861763000488, 0.6933075785636902, 0.6920315504074097, 0.6935598492622376, 0.6908639907836914, 0.6921756148338318, 0.6910446047782898, 0.69201158285141, 0.6916822850704193, 0.6922995388507843, 0.691791033744812, 0.6894893825054169, 0.690437787771225, 0.691219300031662, 0.6904603123664856, 0.6902285039424896, 0.6906711399555207, 0.6900389552116394, 0.6887029349803925, 0.6908292472362518, 0.6895765721797943, 0.6897724568843842, 0.6892770290374756, 0.6903244495391846, 0.6908517122268677, 0.6897977352142334, 0.6896418035030365, 0.6906470358371735, 0.6896900534629822, 0.689549195766449, 0.6882989525794982, 0.6891729593276977, 0.6895664930343628, 0.6882980287075042, 0.689056932926178, 0.6889340221881867, 0.689458292722702, 0.6885696113109588, 0.6878656685352326, 0.687672221660614, 0.688798063993454, 0.6876513838768006, 0.6891289949417114, 0.6881574749946594, 0.6870464622974396, 0.689119303226471, 0.6879952371120452, 0.6868554651737213, 0.687434995174408, 0.6865969657897949, 0.6873906672000885, 0.687846964597702, 0.6867317438125611, 0.6869438886642456, 0.6849985480308532, 0.6868578732013703, 0.6872991383075714, 0.687577360868454, 0.6861453413963318, 0.68585906624794, 0.6867505013942719, 0.6856406688690185, 0.6873330235481262, 0.6860799491405487, 0.6866132020950317, 0.685795521736145, 0.6852794408798217, 0.6860328495502472, 0.683948415517807, 0.6861823678016663, 0.6844221591949463, 0.6824077010154724, 0.6840869724750519, 0.6842540800571442, 0.6824777126312256, 0.6854218423366547, 0.6847130298614502, 0.6843835115432739, 0.6838025033473969, 0.6824422180652618, 0.6825323760509491, 0.6826125144958496, 0.6840451478958129, 0.6813226222991944, 0.6817384123802185, 0.6819651782512665, 0.6846844851970673, 0.6841364860534668, 0.6841644704341888, 0.6811792552471161, 0.6819162607192993, 0.6810804009437561, 0.6833313226699829, 0.68126939535141, 0.6825756728649139, 0.6816696882247925, 0.6825113117694854, 0.6795072257518768, 0.6811125576496124, 0.6814714431762695, 0.6818658232688903, 0.681193721294403, 0.6802976191043854, 0.6796779632568359, 0.6800262689590454, 0.6839914858341217, 0.6792788743972779, 0.6803736686706543, 0.6758881032466888, 0.6800552129745483, 0.6783918738365173, 0.6790938913822174, 0.6768236339092255, 0.6775298297405243, 0.6759867608547211, 0.6772982537746429, 0.6771542251110076, 0.6759462296962738, 0.6750885128974915, 0.6767379105091095, 0.6752057909965515, 0.6768624126911164, 0.6790121078491211, 0.6789908587932587, 0.6796431124210358, 0.678813248872757, 0.6758635938167572, 0.675367796421051, 0.6771243035793304, 0.6756247222423554, 0.6781547844409943, 0.6769302070140839, 0.6735646188259125, 0.6743483066558837, 0.6725537180900574, 0.6744438171386719, 0.6732839405536651, 0.672568815946579, 0.6782928347587586, 0.6758175849914551, 0.6742190957069397, 0.6728616058826447, 0.6763166606426239, 0.6723510563373566, 0.6714239478111267, 0.6734046101570129, 0.6705824434757233, 0.6729071617126465, 0.6694728612899781, 0.6707916378974914, 0.6725491940975189, 0.673466157913208, 0.6743088603019715, 0.6705963850021363, 0.6718556344509125, 0.6776608109474183, 0.6710444509983062, 0.6690562427043915, 0.6738578140735626, 0.6715019345283508, 0.664689701795578, 0.6704654932022095, 0.6702981173992157, 0.6706951856613159, 0.66833216547966, 0.6650024712085724, 0.6647932529449463, 0.6711924493312835, 0.6663363993167877, 0.667508351802826, 0.6688077390193939, 0.6640286862850189, 0.6683631658554077, 0.6698576629161834, 0.6752161860466004, 0.6704852402210235, 0.6737162947654725, 0.6760757386684417, 0.6703235566616058, 0.6719196498394012, 0.6712624073028565, 0.6694029033184051, 0.6717157542705536, 0.6709087789058685, 0.6741740465164184, 0.6709755301475525, 0.6644949615001678, 0.6742962419986724, 0.6692833244800568, 0.6768838047981263, 0.6666639268398284, 0.6694735884666443, 0.673269635438919, 0.6671533286571503, 0.668560117483139, 0.6652824223041535, 0.6672159492969513, 0.6658738017082214, 0.6582013845443726, 0.6635144650936127, 0.6702827036380767, 0.6737487971782684, 0.6673298299312591, 0.6697634518146515, 0.6755087912082672, 0.6657205402851105, 0.6665235102176666, 0.6660049736499787, 0.6689116060733795, 0.6708227455615997, 0.6616421103477478, 0.67118039727211, 0.6642893433570862, 0.6612072706222534, 0.6706011652946472, 0.6687588930130005, 0.6699636220932007, 0.6738030433654785, 0.6645719289779664, 0.6733606338500977, 0.6701786458492279, 0.6718581676483154, 0.6697624623775482, 0.6657094776630401, 0.673653918504715, 0.6667506396770477, 0.6680690586566925, 0.666152811050415, 0.668523508310318, 0.6659110605716705, 0.6650822937488556, 0.6610076487064361, 0.6640042960643768, 0.6644610702991486, 0.6651827931404114, 0.6635917901992798, 0.6597998797893524, 0.6652943670749665, 0.6686822235584259, 0.6655569851398468, 0.6600635647773743, 0.6619431376457214, 0.6654049813747406, 0.6677101790904999, 0.6614896357059479, 0.6569097220897675, 0.6643678188323975, 0.6646843075752258, 0.6637663125991822, 0.6642215013504028, 0.6571801483631134, 0.6625341892242431, 0.664482194185257, 0.6574537634849549, 0.6637765765190125, 0.6615148723125458, 0.6606986403465271, 0.67190300822258, 0.6532832562923432, 0.6591576337814331, 0.6555405616760254, 0.6661466240882874, 0.6606830298900604, 0.659563547372818, 0.6613848865032196, 0.654865437746048, 0.6583466231822968, 0.6661308825016021, 0.6591934502124787, 0.6656368970870972, 0.6671824634075165, 0.6578447163105011, 0.6535154342651367, 0.6599133789539338, 0.6630990982055665, 0.6569048821926117, 0.6614666640758514, 0.6641751825809479, 0.6557534813880921, 0.6617601394653321, 0.6587572753429413, 0.6582435071468353, 0.6566126823425293, 0.6624823093414307, 0.6622423648834228, 0.6576930284500122, 0.658345204591751, 0.6568371653556824, 0.6583893120288848, 0.6548540949821472, 0.6560265600681305, 0.6574293792247772, 0.665572339296341, 0.6636302947998047, 0.6578632473945618, 0.6606570303440094, 0.6551012396812439, 0.6575062930583954, 0.6539914190769196, 0.665684700012207, 0.6580570697784424, 0.6541041851043701, 0.6579664289951325, 0.6557961344718933, 0.6546925365924835, 0.657843017578125, 0.6581392049789428, 0.6547279357910156, 0.6562532663345337, 0.6539830148220063, 0.6552860975265503, 0.6596003949642182, 0.6616002321243286, 0.6575621902942658, 0.6544702768325805, 0.6558750033378601, 0.6613232851028442, 0.6538759291172027, 0.6520327687263489, 0.6551351726055146, 0.6586775124073029, 0.6538554131984711, 0.6507358968257904, 0.6569328606128693, 0.652087789773941, 0.6579418241977691, 0.6533016860485077, 0.6506611943244934, 0.6600168585777283, 0.657361775636673, 0.6567857444286347, 0.6582833290100097, 0.6544429242610932, 0.6586931467056274, 0.6533137440681458, 0.6470189034938812, 0.6507366538047791, 0.6559563279151917, 0.6556348502635956, 0.6573649942874908, 0.653530764579773, 0.6589407444000244, 0.6531870067119598, 0.6548505604267121, 0.6525346219539643, 0.6500425040721893, 0.6511723816394805, 0.6587723672389985, 0.6610161006450653, 0.642642468214035, 0.6510911285877228, 0.6511707782745362, 0.6513976335525513, 0.6447432458400726, 0.6523461639881134, 0.6515147626399994, 0.6540960133075714, 0.6469642579555511, 0.6510438740253448, 0.6561115622520447, 0.653380274772644, 0.6544163465499878, 0.6465148389339447, 0.6516408026218414, 0.6569675147533417, 0.6426223576068878, 0.6445254802703857, 0.6490368008613586, 0.6592195868492127, 0.6519796192646027, 0.6492313861846923, 0.6530408024787903, 0.6466481328010559, 0.6402414441108704, 0.6459335744380951, 0.6451584458351135, 0.6465642631053925, 0.6454405367374421, 0.6481283962726593, 0.6500683128833771, 0.6412688255310058, 0.6408713757991791, 0.6429210364818573, 0.642969673871994, 0.6483304798603058, 0.6472172856330871, 0.6475269615650177, 0.6405617117881774, 0.6426811993122101, 0.6462191343307495, 0.6437243580818176, 0.6423328459262848, 0.6512045204639435, 0.6459938824176789, 0.6462674260139465, 0.6529886484146118, 0.6466931402683258, 0.6388938307762146, 0.6409242451190948, 0.644614964723587, 0.645346337556839, 0.6404250919818878, 0.6467797756195068, 0.6337527692317962, 0.6469022572040558, 0.6265943825244904, 0.6330257713794708, 0.6475923776626586, 0.6386687517166137, 0.640572440624237, 0.6363401651382447, 0.6352998554706574, 0.6392615437507629, 0.6430449187755585, 0.6493886351585388, 0.6462833523750305, 0.6289562880992889, 0.634844446182251, 0.6362809121608735, 0.6388686895370483, 0.6278187096118927, 0.6322603642940521, 0.6375678062438965, 0.6280318200588226, 0.6456540405750275, 0.6352871179580688, 0.6333648443222046, 0.6351775348186492, 0.6284053564071655, 0.6392109453678131, 0.6334734618663788, 0.6411752343177796, 0.6257219612598419, 0.6355332016944886, 0.6387766480445862, 0.6331387460231781, 0.6333187878131866, 0.6330346941947937, 0.6314435303211212, 0.625812965631485, 0.6193091809749603, 0.6280386686325073, 0.6304294228553772, 0.6210474669933319, 0.6277995586395264, 0.6287468314170838, 0.6366388261318207, 0.6334692060947418, 0.6302014291286469, 0.6372537016868591, 0.635236382484436, 0.6297420740127564, 0.625164657831192, 0.6316890060901642, 0.631080973148346, 0.622599619626999, 0.6296922028064728, 0.6210338294506073, 0.6395634591579438, 0.6255557358264923, 0.6336247801780701, 0.6383683681488037, 0.636984384059906, 0.6334412097930908, 0.6322690784931183, 0.6257984519004822, 0.6346292912960052, 0.6181807219982147, 0.6283384978771209, 0.6311037003993988, 0.6358877658843994, 0.6342213332653046, 0.6419927775859833, 0.6230569124221802, 0.6225831687450409, 0.6297918140888215, 0.6329237759113312, 0.635447233915329, 0.6415042400360107, 0.6288559257984161, 0.6205614507198334, 0.6250588238239289, 0.6244617879390717, 0.629373574256897, 0.6205945611000061, 0.6198589920997619, 0.6322489440441131, 0.6214305877685546, 0.6339814245700837, 0.627215301990509, 0.6212266683578491, 0.6240825831890107, 0.6334704160690308, 0.6302394270896912, 0.6262528717517852, 0.6300730347633362, 0.6255004346370697, 0.6297956168651581, 0.6161435425281525, 0.6225749850273132, 0.6261031866073609, 0.6260407090187072, 0.6220012784004212, 0.6231806933879852, 0.6371762752532959, 0.6289017260074615, 0.6208004951477051, 0.6249005317687988, 0.619433605670929, 0.6153864741325379, 0.6241202533245087, 0.6258808851242066, 0.6174934923648834, 0.622947609424591, 0.6206013977527618, 0.6329878628253937, 0.6127872347831727, 0.6259489297866822, 0.6228366196155548, 0.6073762655258179, 0.6199668228626252, 0.6167926549911499, 0.6250995337963104, 0.6261092722415924, 0.6186782658100128, 0.6199544668197632, 0.6300143480300904, 0.6355595052242279, 0.6270810186862945, 0.6161523580551147, 0.6167202055454254, 0.6167185246944428, 0.6200592339038848, 0.6311246931552887, 0.6140507102012634, 0.6198591232299805, 0.6123702645301818, 0.6233540832996368, 0.6180623412132263, 0.610089385509491, 0.6149386823177337, 0.6122105240821838, 0.6127528488636017, 0.6222537398338318, 0.6126751124858856, 0.60463088452816, 0.6266160428524017, 0.6142690241336822, 0.6327106893062592, 0.6189286768436432, 0.6166834533214569, 0.613394808769226, 0.6154434740543365, 0.6213964581489563, 0.6093626499176026, 0.6215543448925018, 0.6226573705673217, 0.6181936800479889, 0.6385132253170014, 0.6081621944904327, 0.6189561486244202, 0.6232451379299164, 0.6099981546401978, 0.6106259107589722, 0.6248860836029053, 0.6228866338729858, 0.625587010383606, 0.636117684841156, 0.6218395113945008, 0.6079754889011383, 0.6280243039131165, 0.6072263181209564, 0.6224495530128479, 0.6223384976387024, 0.6369946241378784, 0.6225304484367371, 0.6165856957435608, 0.6288303673267365, 0.6134957611560822, 0.6097475588321686, 0.6274599969387055, 0.6358972012996673, 0.6094423115253449, 0.61898233294487, 0.620352590084076, 0.6235576033592224, 0.5993199646472931, 0.6207379937171936, 0.6216269552707672, 0.6336871325969696, 0.6158465027809144, 0.6452020823955535, 0.6250760674476623, 0.6114602327346802, 0.6323490142822266, 0.6169778943061829, 0.6088370203971862, 0.6217009365558624, 0.6177998542785644, 0.6130993396043778, 0.6286897897720337, 0.6036636829376221, 0.6248815894126892, 0.6287143230438232, 0.6154087066650391, 0.6049830615520477, 0.634187662601471, 0.6217329323291778, 0.6026593446731567, 0.620398473739624, 0.6095308780670166, 0.6142535030841827, 0.6019448429346085, 0.6175392985343933, 0.619670295715332, 0.6137723803520203, 0.6150709211826324, 0.6294958889484406, 0.6108159959316254, 0.6075635552406311, 0.6234689891338349, 0.6253703653812408, 0.6136489033699035, 0.6251457512378693, 0.6152068078517914, 0.6186895251274109, 0.6346186757087707, 0.6048564553260803, 0.6270578920841217, 0.6338893175125122, 0.6275706887245178, 0.6241531670093536, 0.6329095721244812, 0.6211366176605224, 0.6368750154972076, 0.6183004140853882, 0.6381434738636017, 0.6156073212623596, 0.6146325707435608, 0.6370151996612549, 0.6142503499984742, 0.6368137061595917, 0.6169397354125976, 0.6357800424098968, 0.626290786266327, 0.6131907999515533, 0.6314334034919739, 0.618540957570076, 0.6187163889408112, 0.6235001564025879, 0.6143674075603485, 0.6188234686851501, 0.6200815141201019, 0.6257644474506379, 0.6085769057273864, 0.6297018885612488, 0.615609610080719, 0.6289479434490204, 0.6220070362091065, 0.6352019309997559, 0.6284885883331299, 0.6349149763584137, 0.6303737461566925, 0.625709992647171, 0.6332045316696167, 0.6571734786033631, 0.6276670873165131, 0.6108960032463073, 0.6355284929275513, 0.6198153138160706, 0.6263176262378692, 0.6503755867481231, 0.6139075040817261, 0.6241632401943207, 0.6108275294303894, 0.6394458830356597, 0.6233925998210907, 0.6242310345172882, 0.6100661158561707, 0.6081283688545227, 0.6324169039726257, 0.6419152677059173, 0.6360304892063141, 0.6350443243980408, 0.6287307560443878, 0.6184813618659973, 0.6286686837673188]
