Enhancer: E25E102
Label: mm_v_all
Padding: True
Batch Size: 256
Learning Rate: 2e-06
Epochs: 1000
Subset: 1.0 (number of training samples: 1795318)
Weight Decay: 0.01
Optimizer: adam
Coverage: 1
Jiggle: 3
Confusion Matrix: [[0.8876766917293233, 0.11232330827067669], [0.42363446739445704, 0.576365532605543]]
Unnormalized Confusion Matrix: [[354183, 44817], [68647, 93396]]
Number of Epochs: 543
Train Losses: [0.6637323785997671, 0.626571708945665, 0.6113584014823089, 0.5968391190118462, 0.5847786027610379, 0.5775539598722661, 0.5736813842910308, 0.5696278286995025, 0.5676564545854427, 0.564622542784351, 0.5632075133973685, 0.5620823992687439, 0.5604132297935523, 0.5591685130552645, 0.5583817639518155, 0.5575213080956527, 0.5558541332555195, 0.5546374648286735, 0.5540879315534775, 0.5530672911934381, 0.5519569637889989, 0.5519726413829205, 0.5509979930563829, 0.54976641718746, 0.5491683704272055, 0.5486603459651674, 0.5479936306680233, 0.5473899938029092, 0.5473891829953084, 0.5461547233171747, 0.5460500608756235, 0.5454958569309978, 0.5454900242004723, 0.5440743916872376, 0.5438048884529675, 0.5442029268386682, 0.5436441778125257, 0.5434048964746767, 0.5425706407440112, 0.5430402884372169, 0.5419357847966839, 0.5416072846079424, 0.5410058976843067, 0.541632032986801, 0.5407523273206312, 0.5410602172805055, 0.5403616495263673, 0.5405482497583115, 0.5400772148228806, 0.5407960205552038, 0.5403107260308048, 0.5407012984056744, 0.5409465829120559, 0.541163410182416, 0.5407102477970366, 0.5403041420675762, 0.5405266410262817, 0.5408908622454903, 0.5411478917481096, 0.5413555716433064, 0.5411827707237955, 0.5408115447434451, 0.5414376189539406, 0.5411084776306805, 0.5413132533441677, 0.5410298732468325, 0.5410573271734134, 0.5411109910802734, 0.5408148002593914, 0.5404462314495155, 0.5404822623467932, 0.5398254089708694, 0.5404126529310801, 0.5404889140483674, 0.5398185746094886, 0.5394172790080084, 0.539017242489843, 0.5394786007221085, 0.5392136131409961, 0.5386213726873628, 0.5385608169137709, 0.5384318920586226, 0.5377879873774419, 0.5379565338146393, 0.537845548984414, 0.5375111336784901, 0.5370875021479158, 0.5375754889485909, 0.5370837225649507, 0.5370239247851478, 0.5368371479193053, 0.5362990236173559, 0.5365666483279117, 0.5363064920334508, 0.535725140064194, 0.5354261298110273, 0.5350457311449999, 0.5354396467047038, 0.5354873342323997, 0.534774867071161, 0.5350951566372179, 0.5343848782914623, 0.5344644291423347, 0.5343576991768855, 0.5337321327660064, 0.5338691514738103, 0.5336158182453399, 0.5334428889671882, 0.5336647129009543, 0.5333712805095998, 0.5330463048991235, 0.5330786491433072, 0.5330098392907995, 0.5328612464794704, 0.532751395021409, 0.5322001759538156, 0.5329955786904306, 0.5327020131639045, 0.5324172009445028, 0.5311819082164533, 0.53162717095085, 0.5314535476096293, 0.5311985812665868, 0.5312822125156239, 0.531202086717481, 0.5311103784016394, 0.530684397115392, 0.5306109168356807, 0.5295548638968738, 0.5302336053383873, 0.5300350980141287, 0.5301997893277817, 0.5296987729373102, 0.5304779611834952, 0.5291956459619206, 0.5291940412770558, 0.5291754836942982, 0.5290703333199288, 0.5288959259094805, 0.5283923850205015, 0.5285606022127919, 0.5287886424826501, 0.5286304102157469, 0.5283979323830599, 0.5280576155543685, 0.527431571260934, 0.527293581315289, 0.5271186234776617, 0.5277628542888051, 0.527168760417991, 0.5268701218843086, 0.5270804122470677, 0.527406868764818, 0.526903009382376, 0.5270385424531204, 0.5267888527189837, 0.5261137280036834, 0.5261740042992297, 0.5257770741451625, 0.5258037306078317, 0.5254151639849284, 0.525602752878002, 0.5252533365371954, 0.5248014914799091, 0.5248374958215453, 0.5247687495087958, 0.5243135486624133, 0.5243902341005178, 0.524141688863952, 0.5244046471164142, 0.5237421993732997, 0.5241707657316043, 0.5237165847510359, 0.5236112173249884, 0.5232444984603842, 0.5231308002887023, 0.523321201772233, 0.5229449871261909, 0.5229131384513254, 0.5221458435755525, 0.5226065780413435, 0.5218932949560066, 0.5221163444821273, 0.5220920504983815, 0.5218273168553236, 0.5214561631773705, 0.5212490603032405, 0.520806433742131, 0.5213200557033023, 0.5207805606730056, 0.5209444183163036, 0.5202895791107691, 0.5206044303585557, 0.520047075531205, 0.5206144386778948, 0.5205503746571833, 0.5194829465548084, 0.5192518010257434, 0.5198572186954212, 0.5198501374927886, 0.518751185919102, 0.5188689811855585, 0.5196438537596908, 0.5185065032598484, 0.5189421689622534, 0.5181256896008375, 0.518479911348338, 0.518293806664464, 0.5182330855311161, 0.5175647161647084, 0.5178297010303377, 0.5174489867903104, 0.5180873040821147, 0.517564845900214, 0.5179577789904302, 0.5169486235479273, 0.5174433724203344, 0.5167823811068984, 0.5169377490191798, 0.5157712150849035, 0.5163713115590557, 0.5165339493384362, 0.5160594213098971, 0.5161189436700058, 0.5150278495022017, 0.5159683512346085, 0.5152404692056396, 0.515747394802124, 0.5155931953805567, 0.5156581294607984, 0.5151614716079187, 0.5152522563832336, 0.515528267347471, 0.514824683058879, 0.514545114739346, 0.5144398456188916, 0.5140725437115623, 0.5142587798265252, 0.514045847396308, 0.5135361106584743, 0.5144915808357153, 0.5131510888970937, 0.5132868927554874, 0.5131680309755493, 0.5130823544576779, 0.5133131303368053, 0.5129147386408117, 0.5125811221501668, 0.5123544887641043, 0.5124064748677822, 0.5118329915063078, 0.5123084922430434, 0.5120620902579367, 0.5113097232604833, 0.5114212252351572, 0.5118375802692836, 0.5107867261210267, 0.5109083328890627, 0.5110766315968455, 0.5105923192232155, 0.5107808164475598, 0.5104441830635275, 0.5109734843651986, 0.5112992300170304, 0.5102182242604477, 0.5105143706009491, 0.5096618245692697, 0.5100373223744802, 0.5097064791911512, 0.5094732372622747, 0.5097239875774758, 0.5094190606347814, 0.5094571795559433, 0.5094032943393234, 0.50956770058248, 0.5089746684613657, 0.508733771504476, 0.5082727261519748, 0.508866503178164, 0.5084319047541654, 0.508732684257281, 0.50833277412595, 0.5085209494699141, 0.5080593946732078, 0.5082312622526548, 0.5081166017460071, 0.5077848771397642, 0.5079204048517851, 0.5075423724893053, 0.5075234159854854, 0.5070955167861428, 0.5070434225093412, 0.5067424834683978, 0.507202223217404, 0.5068634364636567, 0.5063196753921819, 0.5065244546413218, 0.5065955576450631, 0.5063022468767611, 0.5059143624435932, 0.5052796059279984, 0.5064811485309701, 0.5060901194152182, 0.5057728286648245, 0.50518480151505, 0.5057078048461483, 0.5056134380212137, 0.5046596419457684, 0.5053068525046981, 0.5048076398282899, 0.5046193162928834, 0.504542566456605, 0.5049779526384687, 0.5046968396976707, 0.5041698598961984, 0.504951452815412, 0.5046341345107251, 0.5037664696669827, 0.5041044902337459, 0.5037868256050799, 0.5037503088615292, 0.5033670463508297, 0.5033877009155916, 0.5035387422938873, 0.5031997715544636, 0.5040557035770223, 0.5042480176956664, 0.5034559952427415, 0.5029617320508738, 0.5028376690071285, 0.5034150052611165, 0.5031571546966537, 0.5028192092880074, 0.5027386597639889, 0.5024377632018725, 0.5019924157053024, 0.5023111822592214, 0.5025925441618128, 0.5024159053465651, 0.5020258676711696, 0.5017023290527813, 0.5024356607974009, 0.501641365047292, 0.5019603328401924, 0.5015121455600866, 0.5017968722353916, 0.5020757378439548, 0.5008884204125823, 0.5010919926485423, 0.5017003528226651, 0.5010179214516295, 0.5006532369769284, 0.5009619420619795, 0.5008958015719988, 0.5006867060686133, 0.5008245557610359, 0.5005557131456203, 0.5007982466464952, 0.500477129389246, 0.5004628942396269, 0.5003025110890144, 0.5003955529366073, 0.5001118100779076, 0.5002234728950314, 0.4996613436319443, 0.5002707858220259, 0.4997150138749319, 0.5001464704465682, 0.500089237638297, 0.4993303898192329, 0.4998732466305371, 0.49986081305744134, 0.4991181047746701, 0.4993746472538818, 0.4989483203193388, 0.4989254624012719, 0.49918381212595, 0.49898928366033085, 0.4986635357604699, 0.4987434677436521, 0.49887206822816477, 0.49896490557309686, 0.4994089990901009, 0.498337607210855, 0.498438441615701, 0.4984326741035189, 0.49818701900804196, 0.49850314875973556, 0.49856922100991985, 0.49809228594133487, 0.4981902262359819, 0.49810625430641137, 0.49764986455007065, 0.497930525862234, 0.49747970347973586, 0.4974811472966534, 0.497635743480495, 0.49695667222888024, 0.4970983709976912, 0.4972805528451726, 0.49687258910473275, 0.4973426467211699, 0.49743299709990757, 0.49745875956514807, 0.49695630118507944, 0.49653842118825686, 0.49665629922808213, 0.49711088887400556, 0.4976888037256553, 0.4968861108344342, 0.4969928950840509, 0.49657446647037135, 0.4963664828150143, 0.49632498552672416, 0.4961773038343919, 0.4964457450767361, 0.49612241202340424, 0.49626487194344404, 0.4961739919902288, 0.49591920608021167, 0.49536114471726694, 0.49571295995166975, 0.4958190419620205, 0.49568202279951135, 0.49600203471484305, 0.49572477859317293, 0.49590380649822985, 0.49582507622049893, 0.49530551251001165, 0.49569170342929075, 0.4955201345147547, 0.4953798158276222, 0.49572721387169494, 0.49514814356280074, 0.4951510441876097, 0.4952276884217618, 0.4947831186412932, 0.4950099119136494, 0.49552568435481964, 0.49461874064936134, 0.49465188625857337, 0.4947490154014034, 0.49425474428831384, 0.49473119885660044, 0.49507927145390884, 0.4949919913050691, 0.4945615113214982, 0.4948344559187082, 0.49475366226467177, 0.49437938628243633, 0.4943203472953439, 0.4944533139072028, 0.494121587813606, 0.49393326450342734, 0.49420328907648403, 0.4937945372552109, 0.49447822460311636, 0.4942518285094935, 0.4937467102222192, 0.49415379438831347, 0.49391512422542605, 0.49382063144286487, 0.49367296742879596, 0.49318727190103917, 0.4933432263024571, 0.49312923610439896, 0.49351608462107943, 0.4935971621174828, 0.4935953105913663, 0.49303793722308686, 0.493153680990821, 0.4927660939731867, 0.4932125090201367, 0.4930024495032006, 0.49296547490962644, 0.4923006774788319, 0.4927295711952287, 0.4928891214744079, 0.4927852748762128, 0.49236134629131945, 0.49299118134837067, 0.4924490323050393, 0.49252457684496914, 0.49245697467282584, 0.4923758507794802, 0.4925335330186651, 0.4924883001985826, 0.491999155509902, 0.4916688185495945, 0.49247221906005306, 0.49198898169057065, 0.49216769447208353, 0.4924151882386898, 0.4925642121871664, 0.4927160261905637, 0.4913914155028575, 0.492100173811183, 0.491372606438304, 0.49218871433096095, 0.4925964392958567, 0.49127783333203023, 0.49150609735940776, 0.491481056120568, 0.4915503145505099, 0.49155749442419955, 0.4917192892776344, 0.49114837957383833, 0.4916612587164799, 0.49110948552032113, 0.49148229086227396, 0.4917266037908478, 0.49111432045311454, 0.4918294616896671, 0.49138415418591835, 0.4910245397436658, 0.49084710586977026, 0.49087900412876495, 0.49112404849548646, 0.49116105546663, 0.4909485127528792, 0.4904072457359025, 0.49070601962303856, 0.49042197335689397, 0.49072153063332424, 0.49084993259433873, 0.49154456166114135, 0.49116107211649446, 0.4907265298507293, 0.49057586979597456, 0.48998796545488593, 0.49062701225552735, 0.49049588024369767, 0.49067375923586726, 0.4904914052717937, 0.490442556396932, 0.4906267050659539, 0.49092631554290805, 0.48981658436339914, 0.49071300344648705, 0.48983736169435116, 0.4900169766324912, 0.4904281130772624, 0.49035177035949107]
Validation Losses: [0.635673067418852, 0.6180090908653516, 0.6042040250388355, 0.5902554156299056, 0.5822925970315118, 0.5777128336435033, 0.5739634697630305, 0.5721134873555215, 0.5693869621513099, 0.5666979734309043, 0.5659760755137407, 0.5632708343329967, 0.5630287714599883, 0.5666156736040061, 0.5657223105566531, 0.5628484876458973, 0.561022431898688, 0.5600536157087154, 0.5601157305110139, 0.5617643273101022, 0.561120984865567, 0.5579714356255776, 0.5600716249089148, 0.5639524932360296, 0.5567839526260184, 0.5564740200440995, 0.5642900819823299, 0.5616654532801194, 0.558384934913881, 0.5544975998226294, 0.5612197128573736, 0.5582386373861894, 0.5617276121572322, 0.5544097292212559, 0.5559994780385236, 0.5540023844863289, 0.5524911865031298, 0.5522634767785991, 0.555193751268811, 0.5524597931716978, 0.5528261879524864, 0.5521875504349085, 0.5630054447200986, 0.5518606845438141, 0.5798071906599243, 0.5558729950453292, 0.5530049337186727, 0.5578646203131333, 0.552021212442571, 0.5514448293088643, 0.5638492640910697, 0.5567852072630124, 0.5515724365156623, 0.5510849898836088, 0.5609263147874188, 0.5631075055766405, 0.5501319352142351, 0.5530005878638242, 0.5521114807376296, 0.5523636921339731, 0.551019292549913, 0.5558788349412322, 0.5593719364673817, 0.5587306822753143, 0.5520720006292739, 0.5524291939855029, 0.5520424572336768, 0.5506457789220179, 0.5524173171483533, 0.552904440202626, 0.554208780215159, 0.5561800944356581, 0.550201749006454, 0.5516389472964416, 0.5941316610119362, 0.5553592015121519, 0.5520876538318539, 0.5525105671198909, 0.5530598876209868, 0.5659479016996708, 0.5634414161998299, 0.5804418845860417, 0.5517908976144639, 0.5504539210684894, 0.5510820447888858, 0.5553401936453044, 0.5570432336973355, 0.5501875988501915, 0.5589544196934901, 0.5508595972981393, 0.5492372417157705, 0.5503761606586156, 0.5522013630297464, 0.5514954483495471, 0.5507098519441883, 0.5521889680671583, 0.5493903801507798, 0.5505753076096896, 0.5498766749417632, 0.547933998918044, 0.5487410070177087, 0.5514046603998545, 0.548026875612945, 0.5484006855309758, 0.5480891606656828, 0.5491515052257405, 0.5475024020250466, 0.5551394989784114, 0.5543380639979886, 0.5483336409420081, 0.5509447798285816, 0.5505910878374476, 0.5482388674159414, 0.5543961282161106, 0.5612971359946709, 0.5573839442793836, 0.5511473107195227, 0.5572187469989707, 0.5628186996639658, 0.5487606227058097, 0.5521691859176249, 0.5501227606355532, 0.5511739645981598, 0.5493571186521035, 0.5725036415705795, 0.5462701444343123, 0.5477766238297405, 0.5472654167439538, 0.5629781625799606, 0.5468321904760945, 0.5679478264215191, 0.5464909886484679, 0.5458197165684118, 0.5466199981106048, 0.5460766865834679, 0.546140154061187, 0.5559070489221722, 0.5614944547924512, 0.5514473495590781, 0.5444555174869442, 0.5452561275173348, 0.5446011813159951, 0.5508808305862964, 0.5441004475716719, 0.5555818298727512, 0.5510728579256662, 0.5457929325042592, 0.5815972384902199, 0.5674524042190413, 0.5494160323383599, 0.544203702118269, 0.5450400092480799, 0.5513980885460005, 0.5454216007835645, 0.5470124837202248, 0.5513400097665384, 0.5463297494359, 0.5593877766396056, 0.5454871937751499, 0.5473455248088358, 0.5447012793480874, 0.5433164985856825, 0.5521761348031402, 0.5433544501951102, 0.5432794798535115, 0.5456918684963218, 0.5425704942427856, 0.5434848015433434, 0.5487639459705951, 0.5481307881554013, 0.5452998696296489, 0.5432189052399915, 0.546555685497472, 0.5451236936766038, 0.5422898851241598, 0.5504803389412783, 0.5438378655788156, 0.5715325387065195, 0.5666546587457407, 0.5507796116538575, 0.5460635031676483, 0.5531657916518139, 0.5438367032882425, 0.5525028296452156, 0.5632334171094535, 0.5433604349737972, 0.5428271399664363, 0.541165555947319, 0.5665696711197682, 0.5439137483234416, 0.5414338567067987, 0.5437064017578025, 0.5456700848676731, 0.555777636517005, 0.5468888394916886, 0.5569474137427461, 0.5440849176562362, 0.5431941844684368, 0.5423759155935409, 0.547328686275803, 0.5455187029856232, 0.543597640238167, 0.5394861594165337, 0.5505660615326198, 0.5416546377651775, 0.5451051895437654, 0.5403231254087478, 0.5439522941272914, 0.5420946120672107, 0.5415390921563352, 0.5393460826054131, 0.5423376141551419, 0.5442710914218983, 0.5397861672304104, 0.5575574513444064, 0.5442071746325411, 0.5412906068148879, 0.5407384744289936, 0.5492439443328362, 0.5402505643487384, 0.540223618682597, 0.5612942455601937, 0.5530952375760236, 0.5587965049690641, 0.5406564326793329, 0.5546198514297588, 0.5546052815942699, 0.5405630537796183, 0.5406655215890812, 0.5441450784014731, 0.5425503409574893, 0.5417507864288484, 0.5399428263153698, 0.5381268616277245, 0.5480844358082101, 0.5599965201170441, 0.5392058248564754, 0.5407338010884202, 0.5461788236279308, 0.5388317880567967, 0.5391959724533653, 0.5399737469554627, 0.5442213855318496, 0.5445768588659021, 0.5437021849670595, 0.540869701870355, 0.5405927329677812, 0.5476949540653957, 0.5384038694398298, 0.5396997795919192, 0.5494706615244921, 0.5531666345104252, 0.5378533862573662, 0.5480067711429694, 0.54201609448465, 0.5382596650240494, 0.5381408037454264, 0.5399900148436851, 0.5416173153347681, 0.5398070086027361, 0.549321135576122, 0.5423959815107974, 0.5469547811058799, 0.5384387834891762, 0.5460657241033176, 0.5414972710024943, 0.5545861676522237, 0.5384580688200628, 0.5415995015317793, 0.5555825343901374, 0.5424982267373508, 0.5509724080256753, 0.5379030174886895, 0.5366668007766643, 0.5526600685671499, 0.554423772588695, 0.5588180117793339, 0.5430332868951484, 0.5419480600134133, 0.5478217983905103, 0.5477059783760199, 0.5374170908260508, 0.5393744012173116, 0.5373787751661331, 0.5397908054844411, 0.5550703951407185, 0.5359796437359454, 0.5403495482769088, 0.5370776892184124, 0.5807457878557007, 0.5475002643625712, 0.5454862131530094, 0.5356025671503563, 0.5386712846081776, 0.5419956004606006, 0.5419616336799402, 0.5388328677878005, 0.5798192417064306, 0.5383324829209489, 0.5468237240508861, 0.5372261545677142, 0.5400968502055824, 0.550115225847254, 0.5382251083307147, 0.5356434320132571, 0.540051136841252, 0.5356085505867494, 0.54686060552926, 0.5392188700839894, 0.5466015682456975, 0.5525846042953848, 0.5496188751851955, 0.5710943068888468, 0.5353938938036747, 0.5359605564698662, 0.5396346759599047, 0.5417208245094173, 0.5363030693787941, 0.5358368616079658, 0.5380187604317236, 0.5355843911489032, 0.5438156252813992, 0.535649988914977, 0.536989138108023, 0.5361436454572862, 0.5361447163529379, 0.5348799409623021, 0.5354583950515756, 0.5357541991238447, 0.5354974506552435, 0.5437557730938445, 0.5411366856866171, 0.5345439630536152, 0.5352985724008206, 0.5520332524958603, 0.5357635849863801, 0.5374993387452552, 0.5439639768585511, 0.539350879572952, 0.5440167865568311, 0.5346721874437419, 0.5371124860124414, 0.534428337739702, 0.5394056891871695, 0.5402358267604965, 0.5472591976755158, 0.5343079833885147, 0.535121092451747, 0.5361216689970774, 0.5616766885347758, 0.5438428527273094, 0.5438206602937139, 0.5345428305313824, 0.5446388639739057, 0.5370666329985742, 0.5373529586410033, 0.5379294878638593, 0.5371343035212672, 0.5520065796891803, 0.537614150578103, 0.5336234527071906, 0.5381482387622107, 0.5388464765748521, 0.5341589988773198, 0.5369502392808823, 0.5325119447646962, 0.5371280031675896, 0.5437170106029837, 0.534868589199935, 0.5352232544730707, 0.5347605625267312, 0.534331118078433, 0.5335756352207408, 0.5342833494242948, 0.5344468576572369, 0.5399756624937873, 0.5340015727478666, 0.5333878538627581, 0.5466001095120692, 0.5346613137588806, 0.5356956036631846, 0.5369569960484619, 0.5390880597222218, 0.5342775982557164, 0.5446287397138069, 0.5406722222012016, 0.5330628758655307, 0.5371680368787206, 0.5410542500841441, 0.5365300116850278, 0.5506273555137141, 0.5498671636682008, 0.5362512493079173, 0.5339507844422263, 0.5398272903744415, 0.533176924833686, 0.5334446387558733, 0.5337411325293229, 0.5326176400603291, 0.5336242824996754, 0.5334045222982713, 0.5387437406974073, 0.5358218170761926, 0.5375198955852603, 0.5345500197554668, 0.543532157297689, 0.5381901451602086, 0.5356898905715758, 0.5349521755220681, 0.5327923715352468, 0.537752435307954, 0.5460071423374533, 0.5339075645671875, 0.5356476640449827, 0.533564070968155, 0.541036110902322, 0.5597559067515174, 0.5803858685894459, 0.5328803304901417, 0.5352278924892266, 0.5439398772462336, 0.5351190618499518, 0.5361415319900829, 0.5502797019420491, 0.5329220662978791, 0.5458998105986768, 0.5341304528740412, 0.536960377541616, 0.5330682849530619, 0.536263799500846, 0.5387839195631793, 0.5337462642207793, 0.533281496136599, 0.5349680075895555, 0.5353934106798237, 0.534136067485456, 0.5504085124898256, 0.5710934588819436, 0.5357730898373211, 0.5345257660002366, 0.5427673444610637, 0.5333006754092778, 0.5314341715049581, 0.5353616161384496, 0.5333246820125231, 0.5346344292605616, 0.5333237100898064, 0.532806856211534, 0.5344156608614166, 0.5477790307835543, 0.5354081119751577, 0.5395162298069033, 0.5349087228355005, 0.5322245108122973, 0.5368225268144564, 0.5332325825567529, 0.5358511569698425, 0.5332791278374508, 0.5360342908306568, 0.5367916617351356, 0.533921582193168, 0.5342173816778505, 0.5417927221704101, 0.5315100423728318, 0.5334738948835887, 0.538261063065605, 0.5351813107457101, 0.537522325324088, 0.534624564878753, 0.5410961828182878, 0.5332498985216311, 0.5333952759153623, 0.5446610616577392, 0.5327945549036786, 0.5371281094636722, 0.533029977210979, 0.5338961998916134, 0.5357584745167598, 0.533574144985684, 0.5381305713712013, 0.5390304680085373, 0.5376554381956125, 0.5417464759493907, 0.5404254002337309, 0.5440147156012642, 0.545414850931347, 0.5388938677895436, 0.5329950255434217, 0.5386197692040299, 0.5410018792140171, 0.5368696641487026, 0.5319473305918879, 0.5371651812929112, 0.5350845596979255, 0.5426401461101856, 0.5375168050640393, 0.5508125280640688, 0.5355349869861298, 0.5438884577396387, 0.5323457667601965, 0.5393869770837346, 0.5336495461186634, 0.5366073026658463, 0.5322863803486187, 0.5324765126918577, 0.5356013373712857, 0.5356599133771801, 0.5396761719727869, 0.535887787048466, 0.5355402550478482, 0.5342101471046221, 0.534109410939222, 0.5320726395706766, 0.5343815270246367, 0.5331701176366349, 0.5518833003267051, 0.5338157824704693, 0.5325991072465783, 0.5384355340335633, 0.5405171011641469, 0.5350949725002356, 0.5400484445225554, 0.532221980826205, 0.5577754747024828, 0.5356680683732169, 0.536487018640664, 0.5337046496952409, 0.5375420344460378, 0.5322302730420568, 0.5407726145014932, 0.5434250358572843, 0.5397619949982947, 0.534537460727186, 0.5341443519873658, 0.5321722345823845, 0.5432423129083085, 0.5338214987733889, 0.5392612055572708, 0.5397476589768071, 0.5341862580115602, 0.5338595771021555, 0.539861277493403, 0.5430302097968663]
Validation ROC AUC: 0.7985067630062412
Validation Confusion Matrix: [[40749, 5079], [7866, 10425]]
Validation Precision: 0.6724071207430341
Validation Recall: 0.5699524356240774
Validation F1 Score: 0.6169551708832668
Validation Accuracy: 0.7981097646563421
Test ROC AUC: 0.7996304815561734
Test Confusion Matrix: [[50662, 6338], [9869, 13280]]
Test Precision: 0.676929350596391
Test Recall: 0.5736748887640934
Test F1 Score: 0.6210395865971425
Test Accuracy: 0.7977891177681568
Validation Set Size: 64119
Test Set Size: 80149
