Enhancer: E22P1H9
Label: mm_v_all
Padding: True
Batch Size: 256
Learning Rate: 2e-06
Epochs: 1000
Subset: 1.0 (number of training samples: 35)
Weight Decay: 0.01
Optimizer: adam
Coverage: 1
Jiggle: 3
Confusion Matrix: [[1.0]]
Unnormalized Confusion Matrix: [[14]]
Number of Epochs: 1000
Train Losses: [0.6892754435539246, 0.6791929006576538, 0.6897434592247009, 0.6863930821418762, 0.68455570936203, 0.6831227540969849, 0.6809356808662415, 0.6873248815536499, 0.6843138337135315, 0.6803290247917175, 0.6830961108207703, 0.6794627904891968, 0.6857886910438538, 0.6782317161560059, 0.6789647936820984, 0.6867920160293579, 0.6833302974700928, 0.6807225942611694, 0.6804611086845398, 0.6818148493766785, 0.6789984703063965, 0.6747162938117981, 0.6793378591537476, 0.6812919974327087, 0.6791179180145264, 0.6778870224952698, 0.6811441779136658, 0.6838653683662415, 0.6797116994857788, 0.6783764362335205, 0.6797435283660889, 0.6847896575927734, 0.678327202796936, 0.6780846118927002, 0.6717168688774109, 0.6755717992782593, 0.6767563819885254, 0.6784606575965881, 0.6704028248786926, 0.6693392395973206, 0.6725974082946777, 0.6791514754295349, 0.6730517745018005, 0.6741337180137634, 0.6729499697685242, 0.6692661046981812, 0.6713281869888306, 0.6748756170272827, 0.6721909642219543, 0.667894184589386, 0.6743569374084473, 0.6718022227287292, 0.672649621963501, 0.6716083288192749, 0.6688687205314636, 0.6758369207382202, 0.6749730706214905, 0.6703363060951233, 0.6717105507850647, 0.6759175062179565, 0.6748069524765015, 0.6725608110427856, 0.669382631778717, 0.6790410280227661, 0.6741219162940979, 0.6685968637466431, 0.6778865456581116, 0.6736369729042053, 0.6660210490226746, 0.6704468727111816, 0.6671394109725952, 0.6668368577957153, 0.6666422486305237, 0.6644271016120911, 0.6691806316375732, 0.6680301427841187, 0.6656054854393005, 0.6619402170181274, 0.6651862859725952, 0.6672942042350769, 0.6711424589157104, 0.6622666716575623, 0.6620283126831055, 0.6693242192268372, 0.6617435812950134, 0.6635101437568665, 0.664160966873169, 0.6651837229728699, 0.6667502522468567, 0.6661636233329773, 0.6660937666893005, 0.6608175039291382, 0.6605976819992065, 0.6644085645675659, 0.6598749160766602, 0.6640875935554504, 0.6628661155700684, 0.6597510576248169, 0.6616626977920532, 0.6650015711784363, 0.6596367955207825, 0.6606002449989319, 0.6579422950744629, 0.6581969857215881, 0.6544961333274841, 0.6596629023551941, 0.6591939330101013, 0.6582897305488586, 0.6619628667831421, 0.6564544439315796, 0.6570602655410767, 0.6576253771781921, 0.6524337530136108, 0.6572638154029846, 0.662487268447876, 0.6638889312744141, 0.6547264456748962, 0.6581977605819702, 0.6609126925468445, 0.6519618630409241, 0.654628336429596, 0.6544936299324036, 0.6598252654075623, 0.6585243344306946, 0.6629518866539001, 0.6545633673667908, 0.6592988967895508, 0.6515148878097534, 0.6556972861289978, 0.652521550655365, 0.6480750441551208, 0.6582285165786743, 0.6493641138076782, 0.6502760648727417, 0.6532105207443237, 0.6469852924346924, 0.6563926339149475, 0.6486539244651794, 0.6533913612365723, 0.6520557403564453, 0.6507996916770935, 0.6567785143852234, 0.6497520208358765, 0.6491907835006714, 0.6529188752174377, 0.6472633481025696, 0.6568446755409241, 0.6490412354469299, 0.6499369144439697, 0.6460636258125305, 0.6461088061332703, 0.6467159986495972, 0.6514595150947571, 0.6513086557388306, 0.6514716744422913, 0.6481825709342957, 0.6487575769424438, 0.6445608735084534, 0.6426895260810852, 0.6472119092941284, 0.6438977718353271, 0.6416833996772766, 0.6468288898468018, 0.643032968044281, 0.6437636017799377, 0.6474587917327881, 0.6528536081314087, 0.6409031748771667, 0.6458702683448792, 0.6511526703834534, 0.64301997423172, 0.6454185247421265, 0.6420930624008179, 0.6431053280830383, 0.647442102432251, 0.6463598012924194, 0.6440557241439819, 0.6441113352775574, 0.6396060585975647, 0.6467583775520325, 0.6394035220146179, 0.6435650587081909, 0.6391222476959229, 0.6439668536186218, 0.6355621218681335, 0.6445733308792114, 0.6396809220314026, 0.6385486125946045, 0.6375856995582581, 0.6386336088180542, 0.6368858218193054, 0.6480087041854858, 0.6424280405044556, 0.6372945308685303, 0.6345967054367065, 0.6345416307449341, 0.6397206783294678, 0.6392679214477539, 0.6384754180908203, 0.6341240406036377, 0.6350792050361633, 0.6418087482452393, 0.6316273212432861, 0.6355027556419373, 0.6371061205863953, 0.631731390953064, 0.6342021226882935, 0.6369606852531433, 0.632555365562439, 0.635316789150238, 0.6341781616210938, 0.6381205320358276, 0.6318531632423401, 0.6287006735801697, 0.6349619030952454, 0.6341904401779175, 0.6313896775245667, 0.630203902721405, 0.6316332221031189, 0.6295264959335327, 0.6414321064949036, 0.6348786354064941, 0.6364801526069641, 0.6299062371253967, 0.6317371129989624, 0.633986234664917, 0.6280067563056946, 0.6231582164764404, 0.6317833662033081, 0.6351369619369507, 0.6274336576461792, 0.6322588324546814, 0.6281713247299194, 0.628471314907074, 0.6330844163894653, 0.6346585154533386, 0.6304406523704529, 0.632627010345459, 0.6253077983856201, 0.6256765723228455, 0.6259058117866516, 0.6265690922737122, 0.6299031972885132, 0.6275465488433838, 0.6335518956184387, 0.6242945194244385, 0.6311090588569641, 0.6228936910629272, 0.6277927756309509, 0.6243966221809387, 0.6197853088378906, 0.6240043640136719, 0.6235358119010925, 0.6288552284240723, 0.6217321157455444, 0.6224281191825867, 0.6251428723335266, 0.6213215589523315, 0.6254937052726746, 0.6214945316314697, 0.6238441467285156, 0.6265389323234558, 0.626054048538208, 0.6169499158859253, 0.618450939655304, 0.6209423542022705, 0.6230927109718323, 0.6214939951896667, 0.6170505881309509, 0.6194477677345276, 0.6238541007041931, 0.6174108982086182, 0.6179925799369812, 0.6205462217330933, 0.6189984083175659, 0.6189942359924316, 0.6177428960800171, 0.621664822101593, 0.6179641485214233, 0.6187713742256165, 0.6198543310165405, 0.6191074848175049, 0.6166419386863708, 0.6145733594894409, 0.6140795350074768, 0.6163816452026367, 0.6224313974380493, 0.6216751933097839, 0.6136859655380249, 0.6172168254852295, 0.6257814764976501, 0.619810163974762, 0.6173795461654663, 0.612962007522583, 0.6188675165176392, 0.6168745756149292, 0.6188966631889343, 0.6146336197853088, 0.6167406439781189, 0.608445405960083, 0.6168393492698669, 0.6123502254486084, 0.6151743531227112, 0.609862744808197, 0.6164739727973938, 0.6109499335289001, 0.6122629642486572, 0.6091799736022949, 0.614302933216095, 0.6171755194664001, 0.6129721999168396, 0.6147311329841614, 0.6135624647140503, 0.6095888614654541, 0.6139951348304749, 0.6112248301506042, 0.6110792756080627, 0.6097069382667542, 0.6115022897720337, 0.6073659658432007, 0.6085665822029114, 0.6071736216545105, 0.6091031432151794, 0.6068131327629089, 0.6068721413612366, 0.6104452610015869, 0.6148384213447571, 0.6013979315757751, 0.6086716651916504, 0.6036778092384338, 0.6060667634010315, 0.6055708527565002, 0.6109859943389893, 0.6080827116966248, 0.6048222184181213, 0.6111657023429871, 0.6017262935638428, 0.6100858449935913, 0.6030191779136658, 0.609529972076416, 0.6073290109634399, 0.6088675260543823, 0.6060010194778442, 0.6044586896896362, 0.6088419556617737, 0.6061859130859375, 0.6049166917800903, 0.6040608882904053, 0.6049383282661438, 0.6032918691635132, 0.6014003157615662, 0.6035924553871155, 0.6071891784667969, 0.6003795862197876, 0.5967474579811096, 0.6017383337020874, 0.6031104922294617, 0.6005025506019592, 0.5963786840438843, 0.5975888967514038, 0.599091649055481, 0.6000156998634338, 0.6028116345405579, 0.5973255634307861, 0.5989764928817749, 0.5976191759109497, 0.5959969758987427, 0.606884777545929, 0.6019577383995056, 0.601590096950531, 0.5950770974159241, 0.5963720679283142, 0.5987049341201782, 0.6015406847000122, 0.594180703163147, 0.5984547734260559, 0.5936520099639893, 0.5975821614265442, 0.5901476144790649, 0.6042751669883728, 0.5895177721977234, 0.5917145609855652, 0.5946634411811829, 0.5960880517959595, 0.5924531817436218, 0.5885801911354065, 0.5940549969673157, 0.5900497436523438, 0.5938998460769653, 0.5904454588890076, 0.5922871232032776, 0.5943831205368042, 0.5922201871871948, 0.5926594138145447, 0.5885964632034302, 0.5884567499160767, 0.5907391905784607, 0.5916370153427124, 0.5935156345367432, 0.5928131341934204, 0.5989643335342407, 0.5889231562614441, 0.5927834510803223, 0.5915305614471436, 0.5919719934463501, 0.592850387096405, 0.5899664759635925, 0.5869452357292175, 0.5873462557792664, 0.5946735143661499, 0.5865461230278015, 0.5884795188903809, 0.5901318788528442, 0.5929287672042847, 0.5908305644989014, 0.5818070769309998, 0.5810075998306274, 0.5865758657455444, 0.5854889750480652, 0.5886568427085876, 0.5852012038230896, 0.5848957896232605, 0.5958259701728821, 0.5851343274116516, 0.5846346020698547, 0.5836706161499023, 0.5877001285552979, 0.5850557684898376, 0.5855070948600769, 0.5801612734794617, 0.5822701454162598, 0.5880960822105408, 0.5847216248512268, 0.5843669176101685, 0.577344536781311, 0.5814286470413208, 0.5824716687202454, 0.5776115655899048, 0.5830314755439758, 0.5834583044052124, 0.5831347703933716, 0.5820102095603943, 0.5866941213607788, 0.5877342224121094, 0.5822941064834595, 0.580025315284729, 0.5847663879394531, 0.5790765881538391, 0.5764965415000916, 0.5780799984931946, 0.5850207805633545, 0.5812985301017761, 0.5799753665924072, 0.5843693614006042, 0.5786536335945129, 0.5830910205841064, 0.5796407461166382, 0.5745354294776917, 0.5779431462287903, 0.5836898684501648, 0.5821282863616943, 0.5779015421867371, 0.5771751403808594, 0.5812464356422424, 0.5749387741088867, 0.5736744999885559, 0.5749799609184265, 0.5782360434532166, 0.5709623098373413, 0.5780178904533386, 0.5761433243751526, 0.5717929601669312, 0.5845760107040405, 0.5723541975021362, 0.5721448659896851, 0.5767431855201721, 0.5725592374801636, 0.5791561603546143, 0.577129065990448, 0.5781440734863281, 0.5727510452270508, 0.5715845823287964, 0.579176127910614, 0.5675196647644043, 0.5721445679664612, 0.5674275159835815, 0.5711016058921814, 0.5778475999832153, 0.5722977519035339, 0.5681428909301758, 0.5750112533569336, 0.571526288986206, 0.5735039710998535, 0.5722609162330627, 0.5715765953063965, 0.5699697732925415, 0.5694215893745422, 0.5674498081207275, 0.5751221776008606, 0.5726159811019897, 0.5706745982170105, 0.5710574984550476, 0.5735706090927124, 0.5672380924224854, 0.5757542848587036, 0.5711075663566589, 0.5692986249923706, 0.5715997815132141, 0.5703714489936829, 0.5687217712402344, 0.57053542137146, 0.569197416305542, 0.5647048950195312, 0.5668001174926758, 0.5639092326164246, 0.5651327967643738, 0.5618950128555298, 0.5692864656448364, 0.5650460124015808, 0.5710592865943909, 0.5656383633613586, 0.5652691721916199, 0.5624323487281799, 0.5634751319885254, 0.5653315186500549, 0.5642306208610535, 0.563448965549469, 0.5683653950691223, 0.5650947690010071, 0.5638787150382996, 0.5595541596412659, 0.5618763566017151, 0.5631815195083618, 0.5673090815544128, 0.5612643957138062, 0.5576951503753662, 0.5585431456565857, 0.5672371983528137, 0.5613470673561096, 0.5557657480239868, 0.5640932321548462, 0.5595049262046814, 0.561640739440918, 0.5599737763404846, 0.5576527118682861, 0.5596078038215637, 0.5601688027381897, 0.5594564080238342, 0.5599772930145264, 0.5577361583709717, 0.5579362511634827, 0.5551679134368896, 0.5512875914573669, 0.5624661445617676, 0.5584272742271423, 0.5536506772041321, 0.5563569068908691, 0.556721568107605, 0.5575995445251465, 0.5567693710327148, 0.5592767000198364, 0.559421718120575, 0.5592314600944519, 0.5595801472663879, 0.5578536987304688, 0.5571936368942261, 0.5567634701728821, 0.558829665184021, 0.5564414858818054, 0.5476691126823425, 0.5520119667053223, 0.5542662739753723, 0.5493281483650208, 0.5577431917190552, 0.5537401437759399, 0.5529984831809998, 0.5547447204589844, 0.5516364574432373, 0.554309606552124, 0.5528364777565002, 0.5510573387145996, 0.5547375679016113, 0.5508711934089661, 0.548942506313324, 0.5545114874839783, 0.554457426071167, 0.5531632304191589, 0.5470920205116272, 0.5543727874755859, 0.5515391826629639, 0.5528421998023987, 0.5526552796363831, 0.5489789247512817, 0.5520086288452148, 0.5516669154167175, 0.5506653785705566, 0.5413252115249634, 0.5439460277557373, 0.548076331615448, 0.5453212857246399, 0.5463857650756836, 0.5511502623558044, 0.5528093576431274, 0.5436174869537354, 0.545839786529541, 0.5466951727867126, 0.5511714220046997, 0.5494051575660706, 0.5501013398170471, 0.5493056178092957, 0.5428208112716675, 0.5440599918365479, 0.5499991178512573, 0.5492362380027771, 0.5422239899635315, 0.5511687994003296, 0.545173168182373, 0.5427817702293396, 0.5417121648788452, 0.5410681366920471, 0.5431072115898132, 0.543839693069458, 0.5382147431373596, 0.5470505952835083, 0.5450426340103149, 0.5395638942718506, 0.5372887849807739, 0.5446377396583557, 0.5438371896743774, 0.5412180423736572, 0.5346412062644958, 0.539606511592865, 0.5391945838928223, 0.5411807298660278, 0.5358820557594299, 0.5443109273910522, 0.5429323315620422, 0.5396351218223572, 0.5427929759025574, 0.540033757686615, 0.5348957777023315, 0.5403528809547424, 0.5387360453605652, 0.5399432182312012, 0.537173867225647, 0.534887969493866, 0.5443710088729858, 0.5385084748268127, 0.5390267372131348, 0.5364577770233154, 0.5384147763252258, 0.5354673266410828, 0.5392475724220276, 0.5336424708366394, 0.5308824181556702, 0.5407699346542358, 0.5326292514801025, 0.53578120470047, 0.5326126217842102, 0.5334933400154114, 0.5358282327651978, 0.5358756184577942, 0.5302115678787231, 0.5317937731742859, 0.536442220211029, 0.5329655408859253, 0.5320017337799072, 0.5277301073074341, 0.5348379611968994, 0.5322266817092896, 0.5338118076324463, 0.5318843126296997, 0.5303796529769897, 0.5296218991279602, 0.5331452488899231, 0.5289789438247681, 0.5330991744995117, 0.5240040421485901, 0.5267295241355896, 0.5297251343727112, 0.5353320837020874, 0.5286283493041992, 0.5336192846298218, 0.5254417657852173, 0.5303859114646912, 0.5319679379463196, 0.5244607329368591, 0.5297049283981323, 0.5288647413253784, 0.5333883166313171, 0.5268921852111816, 0.5289977192878723, 0.5268765091896057, 0.5383352041244507, 0.5278170108795166, 0.5270852446556091, 0.5238843560218811, 0.5269215703010559, 0.5239356756210327, 0.5291611552238464, 0.5202576518058777, 0.5240380167961121, 0.5297472476959229, 0.5273492932319641, 0.5309415459632874, 0.5301774144172668, 0.526489794254303, 0.5208292603492737, 0.529446005821228, 0.5286350846290588, 0.5268087983131409, 0.5227745771408081, 0.5218077898025513, 0.5263691544532776, 0.5233681201934814, 0.5258423686027527, 0.5207902789115906, 0.5237523913383484, 0.5231984853744507, 0.5159440040588379, 0.5268130302429199, 0.5256189107894897, 0.5210763812065125, 0.5256893038749695, 0.5210539698600769, 0.5302549600601196, 0.5249572992324829, 0.5215097665786743, 0.5188840627670288, 0.5195464491844177, 0.5187023878097534, 0.5169369578361511, 0.5191473960876465, 0.5181924104690552, 0.5195074677467346, 0.5209457278251648, 0.5201870203018188, 0.5228164792060852, 0.5214822292327881, 0.5248761773109436, 0.520324170589447, 0.5214594602584839, 0.5218438506126404, 0.5162293314933777, 0.5190754532814026, 0.518539547920227, 0.5180718302726746, 0.5122175812721252, 0.5166428685188293, 0.5163745284080505, 0.5209929943084717, 0.5129547715187073, 0.5171604752540588, 0.5122751593589783, 0.5133997797966003, 0.5132664442062378, 0.5211129784584045, 0.5150696039199829, 0.5188899636268616, 0.5121956467628479, 0.5200704336166382, 0.5138111710548401, 0.5193685293197632, 0.5140507817268372, 0.5099533796310425, 0.5144284963607788, 0.5141612887382507, 0.5145788192749023, 0.5174644589424133, 0.5073400139808655, 0.5108199715614319, 0.5099700689315796, 0.5172011256217957, 0.5107446908950806, 0.5172028541564941, 0.5034304857254028, 0.5040852427482605, 0.5104939937591553, 0.5049309730529785, 0.5081964135169983, 0.5151477456092834, 0.5097481608390808, 0.5096715688705444, 0.5077936053276062, 0.5056487321853638, 0.5090121626853943, 0.5142089128494263, 0.5108963847160339, 0.5078083872795105, 0.5119893550872803, 0.5129027366638184, 0.5147613286972046, 0.5062586069107056, 0.5056618452072144, 0.5111514329910278, 0.5029240846633911, 0.5106807947158813, 0.5050029158592224, 0.5057426691055298, 0.5011190176010132, 0.5078557729721069, 0.5059797167778015, 0.5072174072265625, 0.5060047507286072, 0.5059742331504822, 0.5048928260803223, 0.5037114024162292, 0.505340039730072, 0.5066149234771729, 0.5067811012268066, 0.49744710326194763, 0.5071336030960083, 0.506380558013916, 0.5067804455757141, 0.5050192475318909, 0.5060117840766907, 0.5007839202880859, 0.49993467330932617, 0.5031643509864807, 0.5000905990600586, 0.5027257204055786, 0.5033445358276367, 0.5000684261322021, 0.5003050565719604, 0.4987305700778961, 0.5001570582389832, 0.4984852373600006, 0.5068832635879517, 0.5029228329658508, 0.4996508061885834, 0.49958372116088867, 0.49483534693717957, 0.49506956338882446, 0.49676480889320374, 0.4971669912338257, 0.4946870505809784, 0.5012677311897278, 0.5038356184959412, 0.4952727258205414, 0.49955064058303833, 0.4963408410549164, 0.5017009377479553, 0.494346022605896, 0.4951743483543396, 0.496527761220932, 0.5044455528259277, 0.4990135133266449, 0.4947672188282013, 0.5001935362815857, 0.4962831735610962, 0.4949078857898712, 0.5000752210617065, 0.49137136340141296, 0.4939821660518646, 0.49515751004219055, 0.5009363293647766, 0.4975535273551941, 0.49342238903045654, 0.5033191442489624, 0.49692076444625854, 0.49233201146125793, 0.4933890104293823, 0.49643582105636597, 0.4915676712989807, 0.4927506744861603, 0.49228259921073914, 0.48973503708839417, 0.49040091037750244, 0.495703786611557, 0.488447368144989, 0.4909723699092865, 0.49194449186325073, 0.4916001558303833, 0.48707711696624756, 0.4905928373336792, 0.4914303421974182, 0.4893786907196045, 0.4932452142238617, 0.49214887619018555, 0.4899321496486664, 0.4925174117088318, 0.49582409858703613, 0.49056145548820496, 0.4874878525733948, 0.4907597303390503, 0.489289790391922, 0.4897012412548065, 0.4926295280456543, 0.4908345937728882, 0.4896182417869568, 0.4869806170463562, 0.4889184236526489, 0.4866667687892914, 0.4879694879055023, 0.4831901490688324, 0.4855154752731323, 0.48524171113967896, 0.4900071322917938, 0.48679661750793457, 0.4869048595428467, 0.4895930588245392, 0.48502612113952637, 0.4886611998081207, 0.4887832701206207, 0.4830954372882843, 0.48468416929244995, 0.48949944972991943, 0.4888051152229309, 0.48302319645881653, 0.4895269274711609, 0.48185914754867554, 0.4790264666080475, 0.4856894314289093, 0.4839557111263275, 0.48613250255584717, 0.4852268695831299, 0.4819127917289734, 0.4872710108757019, 0.48066630959510803, 0.47650134563446045, 0.4805537760257721, 0.4819791615009308, 0.4769398272037506, 0.4881507456302643, 0.48421740531921387, 0.4802890121936798, 0.48159730434417725, 0.4779156446456909, 0.47748664021492004, 0.4808024764060974, 0.477774977684021, 0.4827723801136017, 0.48456618189811707, 0.4851054549217224, 0.47968629002571106, 0.47848838567733765, 0.47698041796684265, 0.48480165004730225, 0.48037436604499817, 0.4743647873401642, 0.4852210581302643, 0.48535221815109253, 0.48239603638648987, 0.4805442690849304, 0.47663044929504395, 0.47929343581199646, 0.47944095730781555, 0.47528958320617676, 0.4793071746826172, 0.47689932584762573, 0.47623497247695923, 0.4786216616630554, 0.47737324237823486, 0.4746047556400299, 0.4722897708415985, 0.47579020261764526, 0.48025840520858765, 0.47952133417129517, 0.47473952174186707, 0.4775185286998749, 0.4799289107322693, 0.4700738787651062, 0.479726642370224, 0.47322720289230347, 0.47816795110702515, 0.46868330240249634, 0.47031643986701965, 0.4679543673992157, 0.476714551448822, 0.47408977150917053, 0.4767608046531677, 0.47739115357398987, 0.47276556491851807, 0.4731783866882324, 0.46943750977516174, 0.47225287556648254, 0.4674506187438965, 0.4699319005012512, 0.47357603907585144, 0.4743756055831909, 0.471451073884964, 0.4685330092906952, 0.469262033700943, 0.4699219763278961, 0.46791502833366394, 0.47084861993789673, 0.469563364982605, 0.467842161655426, 0.4739602208137512, 0.4724769592285156, 0.46781501173973083, 0.46530550718307495, 0.46608766913414, 0.4712793231010437, 0.46732059121131897, 0.4713560938835144, 0.4685952365398407, 0.46375924348831177, 0.4664674401283264, 0.47066524624824524]
Validation Losses: [0.6840168237686157, 0.6853175759315491, 0.6862582564353943, 0.6858789324760437, 0.6858049631118774, 0.684431254863739, 0.6827297806739807, 0.6806638240814209, 0.6786636710166931, 0.6767323613166809, 0.6753228306770325, 0.6737579703330994, 0.6720995306968689, 0.670541524887085, 0.6687577366828918, 0.6675379276275635, 0.6662567853927612, 0.665243923664093, 0.664127767086029, 0.6636151075363159, 0.6631882190704346, 0.6625560522079468, 0.662282407283783, 0.6620824337005615, 0.6617529988288879, 0.6611028909683228, 0.6611821055412292, 0.6611815690994263, 0.6610307693481445, 0.6613399386405945, 0.6619939804077148, 0.6628470420837402, 0.6635257601737976, 0.6634621620178223, 0.664433479309082, 0.6653553247451782, 0.6662134528160095, 0.6665816307067871, 0.6680465936660767, 0.6681972742080688, 0.670089066028595, 0.6703454852104187, 0.6704486012458801, 0.6718791723251343, 0.6726223230361938, 0.6716489195823669, 0.6723390817642212, 0.6714795827865601, 0.6718154549598694, 0.6720840334892273, 0.671710729598999, 0.6724371314048767, 0.6725292801856995, 0.6712831854820251, 0.6705835461616516, 0.6712318658828735, 0.6727049350738525, 0.6724192500114441, 0.6710965037345886, 0.6726897358894348, 0.6702179312705994, 0.6679326891899109, 0.6713217496871948, 0.6727444529533386, 0.6718509197235107, 0.6717541813850403, 0.669309675693512, 0.6707152128219604, 0.6683399081230164, 0.669719934463501, 0.6709362268447876, 0.6687102913856506, 0.6668599247932434, 0.6675328016281128, 0.6705944538116455, 0.6632936000823975, 0.6683434247970581, 0.6657601594924927, 0.6680476665496826, 0.6652283072471619, 0.6659140586853027, 0.6633599400520325, 0.6670587658882141, 0.6648743152618408, 0.6645801067352295, 0.6638978123664856, 0.6619513034820557, 0.6685531139373779, 0.6697952151298523, 0.6643032431602478, 0.6641808748245239, 0.6628917455673218, 0.662480354309082, 0.6646726131439209, 0.6634279489517212, 0.6608961224555969, 0.6661080121994019, 0.6630999445915222, 0.6603026390075684, 0.6601932048797607, 0.6622095108032227, 0.6615482568740845, 0.6616196036338806, 0.6605355143547058, 0.6604136228561401, 0.6628972887992859, 0.6573312282562256, 0.6603648662567139, 0.6577305197715759, 0.6596866846084595, 0.6614606380462646, 0.6590811014175415, 0.6558522582054138, 0.65826416015625, 0.6589239239692688, 0.6589196920394897, 0.6584534645080566, 0.6567844748497009, 0.6556692123413086, 0.6556680202484131, 0.6545398235321045, 0.6536823511123657, 0.6544198393821716, 0.657797634601593, 0.6567997932434082, 0.6549475193023682, 0.655003547668457, 0.6549175977706909, 0.6579655408859253, 0.655958354473114, 0.6548603177070618, 0.6557376980781555, 0.6533573269844055, 0.6525997519493103, 0.654615581035614, 0.6525357365608215, 0.6525409817695618, 0.6509822010993958, 0.6507279872894287, 0.6499099731445312, 0.6512715816497803, 0.6491008996963501, 0.6508731842041016, 0.650516927242279, 0.6535954475402832, 0.6526781320571899, 0.6499632596969604, 0.6508957743644714, 0.6511032581329346, 0.6487029194831848, 0.6500429511070251, 0.6476101279258728, 0.6446034908294678, 0.6480071544647217, 0.6490209698677063, 0.6488628387451172, 0.6455981731414795, 0.6445810198783875, 0.6483921408653259, 0.6474301815032959, 0.6481577157974243, 0.6501210331916809, 0.646389365196228, 0.6479662656784058, 0.6448729634284973, 0.6436246037483215, 0.6455948352813721, 0.6409525275230408, 0.6463934183120728, 0.6440988779067993, 0.6439735889434814, 0.6414896249771118, 0.6428403258323669, 0.641575276851654, 0.6462665796279907, 0.6452926993370056, 0.6424990892410278, 0.6419443488121033, 0.6436699628829956, 0.6407865881919861, 0.6417026519775391, 0.6436605453491211, 0.6413215398788452, 0.6411468982696533, 0.6413148045539856, 0.6376303434371948, 0.6388565301895142, 0.637467622756958, 0.6418209075927734, 0.6399313807487488, 0.6365067958831787, 0.6417971849441528, 0.6419868469238281, 0.6376678943634033, 0.6388267874717712, 0.6407009363174438, 0.6401944160461426, 0.6387985944747925, 0.6352409720420837, 0.6341723799705505, 0.6372115015983582, 0.6377137899398804, 0.6347139477729797, 0.6364077925682068, 0.6381244659423828, 0.6344416737556458, 0.6360229849815369, 0.6347346305847168, 0.6370097994804382, 0.6336953043937683, 0.6350814700126648, 0.6338798403739929, 0.6345839500427246, 0.6348522901535034, 0.6349226832389832, 0.635837972164154, 0.633608341217041, 0.6335585117340088, 0.6331848502159119, 0.6300477385520935, 0.6353575587272644, 0.6330510973930359, 0.6345632076263428, 0.6311522722244263, 0.6290439367294312, 0.632554829120636, 0.6318624019622803, 0.6325652599334717, 0.6305087208747864, 0.6295440793037415, 0.6284878849983215, 0.6273324489593506, 0.6276397705078125, 0.6321633458137512, 0.6285965442657471, 0.6281704306602478, 0.6288028955459595, 0.6288553476333618, 0.6300212740898132, 0.6275358200073242, 0.6292097568511963, 0.6268347501754761, 0.624302864074707, 0.6241378784179688, 0.6263504028320312, 0.6308922171592712, 0.6261701583862305, 0.6259809732437134, 0.6239590048789978, 0.622259795665741, 0.625145673751831, 0.6249908804893494, 0.6258818507194519, 0.6262176632881165, 0.6236875057220459, 0.6228338479995728, 0.6255161762237549, 0.6231998205184937, 0.6237086057662964, 0.6233890652656555, 0.6233547329902649, 0.6247114539146423, 0.6220576763153076, 0.6234511137008667, 0.6206479072570801, 0.6213560104370117, 0.6200711727142334, 0.6198908686637878, 0.6224775314331055, 0.620335042476654, 0.6210047602653503, 0.6213586330413818, 0.6181551218032837, 0.6215113401412964, 0.6221787333488464, 0.6206493377685547, 0.6202906370162964, 0.6203800439834595, 0.6194610595703125, 0.6171295642852783, 0.6174261569976807, 0.6182631850242615, 0.6170342564582825, 0.6202332973480225, 0.6179611086845398, 0.6155424118041992, 0.6168405413627625, 0.6181806325912476, 0.6155127286911011, 0.6167428493499756, 0.6144707202911377, 0.6148515939712524, 0.6157400012016296, 0.6149004697799683, 0.616158127784729, 0.6138060688972473, 0.6132070422172546, 0.6143790483474731, 0.6142181158065796, 0.6140685081481934, 0.612964928150177, 0.6123340129852295, 0.6164177656173706, 0.6131309866905212, 0.6131522059440613, 0.6145972013473511, 0.6101657748222351, 0.6092464327812195, 0.6119132041931152, 0.6117237210273743, 0.6109042167663574, 0.6111733317375183, 0.6117382049560547, 0.6123855113983154, 0.6113166809082031, 0.6096041202545166, 0.6079992651939392, 0.6111485362052917, 0.6096420288085938, 0.6072366237640381, 0.6099735498428345, 0.6085088849067688, 0.6066669821739197, 0.6078746318817139, 0.6082451939582825, 0.6087818145751953, 0.6104811429977417, 0.6076063513755798, 0.6064328551292419, 0.6056655049324036, 0.6075195670127869, 0.6066787242889404, 0.6057499051094055, 0.6060795187950134, 0.6070544123649597, 0.6063865423202515, 0.6063317060470581, 0.6049377918243408, 0.6053881049156189, 0.6056814193725586, 0.6063682436943054, 0.6059104800224304, 0.6022700071334839, 0.6026848554611206, 0.603951096534729, 0.6042311787605286, 0.6030675768852234, 0.6033494472503662, 0.6038004755973816, 0.6003254652023315, 0.6035280227661133, 0.6009519100189209, 0.6013931632041931, 0.6025660634040833, 0.5981378555297852, 0.5998868942260742, 0.6006958484649658, 0.5984129309654236, 0.5981721878051758, 0.5987839102745056, 0.5982421040534973, 0.599791944026947, 0.5980355143547058, 0.5997136235237122, 0.598010241985321, 0.5985321998596191, 0.6007100343704224, 0.597701907157898, 0.5980721712112427, 0.5976624488830566, 0.5945886373519897, 0.5965825915336609, 0.5957729816436768, 0.5986104011535645, 0.5946779251098633, 0.5955813527107239, 0.5944427847862244, 0.5972641110420227, 0.5975554585456848, 0.595690131187439, 0.5943871736526489, 0.5933214426040649, 0.5965674519538879, 0.5945679545402527, 0.5928175449371338, 0.5947444438934326, 0.59355628490448, 0.5950647592544556, 0.5915396213531494, 0.5925629138946533, 0.5925712585449219, 0.5897647738456726, 0.59023517370224, 0.5884467363357544, 0.5917841792106628, 0.5917295813560486, 0.5896837711334229, 0.5890881419181824, 0.5904674530029297, 0.5901327133178711, 0.5900759696960449, 0.589150071144104, 0.590861976146698, 0.5918012857437134, 0.5877227783203125, 0.5873764157295227, 0.5882609486579895, 0.5878039598464966, 0.589195966720581, 0.5860053300857544, 0.5885108113288879, 0.5875482559204102, 0.5853185653686523, 0.5861876606941223, 0.5880945920944214, 0.5868513584136963, 0.5875144004821777, 0.5841866731643677, 0.5863711833953857, 0.5850168466567993, 0.5863035917282104, 0.583932638168335, 0.5833942890167236, 0.5840400457382202, 0.5847781896591187, 0.5829898715019226, 0.5838544964790344, 0.5838526487350464, 0.5836880803108215, 0.5831165313720703, 0.5829235315322876, 0.582188069820404, 0.5830675959587097, 0.5811803340911865, 0.5823018550872803, 0.5814926028251648, 0.5820438265800476, 0.5800598859786987, 0.5824090242385864, 0.5813808441162109, 0.5819594264030457, 0.5793823599815369, 0.5827891230583191, 0.5784792900085449, 0.5791811347007751, 0.5803655385971069, 0.5788359045982361, 0.5785744190216064, 0.5784290432929993, 0.5786263346672058, 0.5792619585990906, 0.5786985754966736, 0.5793560743331909, 0.5775607228279114, 0.5774319767951965, 0.575424075126648, 0.5752614140510559, 0.5764598846435547, 0.576656699180603, 0.5774313807487488, 0.5748037695884705, 0.5776543021202087, 0.5739374160766602, 0.5764894485473633, 0.5758563876152039, 0.5747771263122559, 0.573351263999939, 0.572712242603302, 0.5737566351890564, 0.5754155516624451, 0.5750735998153687, 0.5721479654312134, 0.5719279646873474, 0.5722813606262207, 0.5723068714141846, 0.5715386867523193, 0.5724909901618958, 0.5703717470169067, 0.5719322562217712, 0.5719916224479675, 0.5712993144989014, 0.5725656747817993, 0.5713418126106262, 0.5706893801689148, 0.5697783827781677, 0.5700178146362305, 0.5693243145942688, 0.5677121877670288, 0.5676470994949341, 0.5682854056358337, 0.5676044225692749, 0.5683941841125488, 0.5692726373672485, 0.5688939094543457, 0.5675023794174194, 0.567588746547699, 0.566939115524292, 0.5673437118530273, 0.5673530697822571, 0.5670768022537231, 0.5668326020240784, 0.567152738571167, 0.5686740279197693, 0.5644293427467346, 0.5673735737800598, 0.5650665760040283, 0.5664101839065552, 0.5646125674247742, 0.5652390718460083, 0.5651661157608032, 0.5653302073478699, 0.5641940236091614, 0.5635671615600586, 0.56589674949646, 0.5614778399467468, 0.5633169412612915, 0.5624313354492188, 0.5624746084213257, 0.5640097856521606, 0.5622525811195374, 0.5624198317527771, 0.5618858933448792, 0.5616885423660278, 0.5617808103561401, 0.5614706873893738, 0.5605005621910095, 0.5604437589645386, 0.5608099102973938, 0.5618326663970947, 0.5614449381828308, 0.5607719421386719, 0.5606321692466736, 0.5596564412117004, 0.5586007237434387, 0.5587844252586365, 0.5583791732788086, 0.5589691996574402, 0.5594210624694824, 0.5592053532600403, 0.5582894086837769, 0.5588278770446777, 0.5587525367736816, 0.557224690914154, 0.5574580430984497, 0.5573980808258057, 0.5573419332504272, 0.556219756603241, 0.5567328333854675, 0.5566246509552002, 0.5535872578620911, 0.5562497973442078, 0.5554917454719543, 0.5553878545761108, 0.5538055896759033, 0.5547610521316528, 0.5551685690879822, 0.556647539138794, 0.5541433095932007, 0.5527249574661255, 0.5524962544441223, 0.5516301393508911, 0.5540478229522705, 0.5526511669158936, 0.5532097220420837, 0.5523223280906677, 0.5541136860847473, 0.5518516898155212, 0.5532003045082092, 0.5526588559150696, 0.5539303421974182, 0.5527904033660889, 0.551881730556488, 0.5491291880607605, 0.5518688559532166, 0.5491207838058472, 0.5496608018875122, 0.5480643510818481, 0.5482981204986572, 0.5478631258010864, 0.5489699840545654, 0.5479992628097534, 0.5471383333206177, 0.5494494438171387, 0.5456109642982483, 0.546653151512146, 0.546038031578064, 0.5462303161621094, 0.5461454391479492, 0.5478336811065674, 0.5477676391601562, 0.5467994213104248, 0.5467517971992493, 0.5480051040649414, 0.5462902784347534, 0.5468432903289795, 0.5451785922050476, 0.5460307002067566, 0.5460635423660278, 0.543889045715332, 0.5444000363349915, 0.5444397926330566, 0.5454241037368774, 0.5434787273406982, 0.5423733592033386, 0.5426437854766846, 0.5435433387756348, 0.5433138608932495, 0.5425992012023926, 0.5422012209892273, 0.5408772230148315, 0.5425007343292236, 0.5403186678886414, 0.5413495302200317, 0.541771650314331, 0.5420565009117126, 0.5391963720321655, 0.5402758121490479, 0.5378695726394653, 0.5399332046508789, 0.5397125482559204, 0.5381073951721191, 0.5385124683380127, 0.5379703044891357, 0.5391242504119873, 0.5380095839500427, 0.5366870164871216, 0.5377196073532104, 0.5376160740852356, 0.537580668926239, 0.5369741320610046, 0.5377539396286011, 0.5362407565116882, 0.5367830991744995, 0.5359280109405518, 0.5353386402130127, 0.5372848510742188, 0.5352802276611328, 0.5332477688789368, 0.5368022918701172, 0.5354458689689636, 0.5356068015098572, 0.5345200896263123, 0.5344046950340271, 0.5355525016784668, 0.5329095721244812, 0.5333840847015381, 0.5328764915466309, 0.5333967804908752, 0.5320426225662231, 0.532608151435852, 0.531877338886261, 0.5303802490234375, 0.5310981273651123, 0.5316631197929382, 0.530423104763031, 0.532947301864624, 0.5316564440727234, 0.5312758088111877, 0.5299667716026306, 0.5294379591941833, 0.5282094478607178, 0.5284253358840942, 0.5310437679290771, 0.530810534954071, 0.5319442749023438, 0.5281509757041931, 0.5291772484779358, 0.5297827124595642, 0.5284520387649536, 0.528628408908844, 0.5288608074188232, 0.5282212495803833, 0.5290864706039429, 0.528843343257904, 0.5267629623413086, 0.5245639681816101, 0.5271451473236084, 0.5267759561538696, 0.5271515846252441, 0.5253072381019592, 0.5257480144500732, 0.5261995792388916, 0.5253770351409912, 0.5249627232551575, 0.5273176431655884, 0.5262925624847412, 0.5243813395500183, 0.52463698387146, 0.5244237780570984, 0.5255426168441772, 0.5223594903945923, 0.5244477987289429, 0.5232122540473938, 0.5240804553031921, 0.5244808197021484, 0.522784411907196, 0.5260719060897827, 0.5211077928543091, 0.5219417810440063, 0.5213496088981628, 0.5216849446296692, 0.5208163261413574, 0.5202096700668335, 0.5204717516899109, 0.5182458758354187, 0.5208379626274109, 0.5201048254966736, 0.5203539133071899, 0.5212489366531372, 0.5182890295982361, 0.5189480185508728, 0.5204311609268188, 0.5195097923278809, 0.5191413164138794, 0.5167621374130249, 0.5196800827980042, 0.5183059573173523, 0.5162051916122437, 0.5184356570243835, 0.5180962085723877, 0.517772912979126, 0.5173206329345703, 0.515285313129425, 0.5161290168762207, 0.5184306502342224, 0.5147243738174438, 0.5152614116668701, 0.5162228941917419, 0.5142977833747864, 0.5173075199127197, 0.5120962858200073, 0.5168401598930359, 0.5138413310050964, 0.5136985778808594, 0.5127501487731934, 0.5162718296051025, 0.5145012140274048, 0.5133569240570068, 0.5133268237113953, 0.5144673585891724, 0.5124207735061646, 0.5105401277542114, 0.5140252709388733, 0.5120291709899902, 0.5139147639274597, 0.5109140276908875, 0.5126347541809082, 0.5120259523391724, 0.5119199156761169, 0.5120687484741211, 0.514680802822113, 0.5089133977890015, 0.5103906393051147, 0.5092626810073853, 0.5093269944190979, 0.5117382407188416, 0.5095159411430359, 0.509135365486145, 0.509229302406311, 0.5093898773193359, 0.5082604289054871, 0.5082788467407227, 0.5099199414253235, 0.5081083178520203, 0.5084982514381409, 0.5064325332641602, 0.5089021325111389, 0.5061639547348022, 0.5084351301193237, 0.5088224411010742, 0.5077877044677734, 0.507056713104248, 0.5091347098350525, 0.5068660974502563, 0.5041540861129761, 0.5048977136611938, 0.5090407729148865, 0.5051643252372742, 0.5061294436454773, 0.5080567598342896, 0.5058844089508057, 0.5058732032775879, 0.5036061406135559, 0.5041964650154114, 0.5042645931243896, 0.5050040483474731, 0.5022156238555908, 0.5034493803977966, 0.504249632358551, 0.5034807920455933, 0.5026020407676697, 0.502358615398407, 0.5030845999717712, 0.5025246739387512, 0.5012047290802002, 0.5020679831504822, 0.5031837224960327, 0.5004362463951111, 0.5044529438018799, 0.5026063323020935, 0.5009030103683472, 0.5028499960899353, 0.5009252429008484, 0.5005519390106201, 0.49922052025794983, 0.5020953416824341, 0.49746453762054443, 0.4994369447231293, 0.5000630617141724, 0.4985404312610626, 0.5012673139572144, 0.49831631779670715, 0.501130223274231, 0.497303307056427, 0.49755939841270447, 0.4952792525291443, 0.4975520670413971, 0.49836474657058716, 0.49706941843032837, 0.4985571801662445, 0.4961838722229004, 0.49548184871673584, 0.4963764548301697, 0.4957749843597412, 0.49794667959213257, 0.49724867939949036, 0.49528002738952637, 0.4939938485622406, 0.497087299823761, 0.4958015978336334, 0.49299949407577515, 0.49537453055381775, 0.4934266209602356, 0.49543583393096924, 0.49379077553749084, 0.49458253383636475, 0.4949406087398529, 0.4942217469215393, 0.49402526021003723, 0.4937845766544342, 0.49304908514022827, 0.4926050305366516, 0.49261578917503357, 0.49111953377723694, 0.4914596378803253, 0.49083462357521057, 0.4909474849700928, 0.4922201633453369, 0.4935026168823242, 0.4936930239200592, 0.4894704222679138, 0.4915517568588257, 0.49237561225891113, 0.4910689890384674, 0.4905942678451538, 0.4922294020652771, 0.4897753596305847, 0.49006450176239014, 0.48831790685653687, 0.48811593651771545, 0.4878590703010559, 0.4903440773487091, 0.48865818977355957, 0.4875682592391968, 0.4882735013961792, 0.48730865120887756, 0.4864138662815094, 0.48674634099006653, 0.48827964067459106, 0.48555392026901245, 0.4875343143939972, 0.48826864361763, 0.4852011203765869, 0.4872264266014099, 0.48880627751350403, 0.48568451404571533, 0.48540765047073364, 0.486356258392334, 0.488198846578598, 0.48453059792518616, 0.48486003279685974, 0.48806899785995483, 0.4849979877471924, 0.48465991020202637, 0.4848206639289856, 0.48352569341659546, 0.48260682821273804, 0.4849828779697418, 0.4820650815963745, 0.48388054966926575, 0.48337674140930176, 0.48293009400367737, 0.4836711883544922, 0.4822740852832794, 0.481437623500824, 0.48388099670410156, 0.48271119594573975, 0.4833703637123108, 0.4836920499801636, 0.48136571049690247, 0.4800926744937897, 0.4821353256702423, 0.4809287488460541, 0.4825502336025238, 0.4811136722564697, 0.47981247305870056, 0.4821571707725525, 0.47859716415405273, 0.47902780771255493, 0.47896990180015564, 0.47989869117736816, 0.48003751039505005, 0.47916510701179504, 0.4809167683124542, 0.47798576951026917, 0.47842955589294434, 0.4785318672657013, 0.47784551978111267, 0.4788857400417328, 0.4780534505844116, 0.477360337972641, 0.47758471965789795, 0.4807889461517334, 0.47872838377952576, 0.478687584400177, 0.4772852063179016, 0.47605735063552856, 0.4771917164325714, 0.4763052463531494, 0.4740484356880188, 0.47529423236846924, 0.4777738153934479, 0.4776450991630554, 0.4746343195438385, 0.47661474347114563, 0.47571757435798645, 0.47420746088027954, 0.4748718738555908, 0.47349828481674194, 0.4741762578487396, 0.47268131375312805, 0.4734025001525879, 0.4720986485481262, 0.4738542139530182, 0.4739871621131897, 0.4740637242794037, 0.4724055826663971, 0.4708031713962555, 0.47217896580696106, 0.4722893536090851, 0.4738074839115143, 0.4734083116054535, 0.4725886285305023, 0.47443026304244995, 0.4712463319301605, 0.4714418947696686, 0.4696233868598938, 0.47085893154144287, 0.46994584798812866, 0.4705943465232849, 0.46906915307044983, 0.46978652477264404, 0.4696783423423767, 0.4707610607147217, 0.4674026370048523, 0.4700276851654053, 0.4682476818561554, 0.4691004753112793, 0.46936923265457153, 0.46934226155281067, 0.4684523344039917, 0.468043714761734, 0.4657750725746155, 0.46826112270355225, 0.4699491858482361, 0.4674665033817291, 0.4673756957054138, 0.46666795015335083, 0.46730664372444153, 0.4673115313053131, 0.4652666449546814, 0.4649673402309418, 0.4641517698764801, 0.4672893285751343, 0.46538034081459045, 0.4655805230140686, 0.464712917804718, 0.46435755491256714, 0.46341371536254883, 0.4643223285675049, 0.46145108342170715, 0.46446457505226135, 0.46514296531677246, 0.46351850032806396, 0.464324027299881, 0.4638831615447998, 0.46363502740859985, 0.46151894330978394, 0.4614124596118927, 0.4629553258419037]
