Enhancer: E22P1C1
Label: mm_v_all
Padding: True
Batch Size: 256
Learning Rate: 2e-06
Epochs: 1000
Subset: 1.0 (number of training samples: 117614)
Weight Decay: 0.01
Optimizer: adam
Coverage: 1
Jiggle: 3
Confusion Matrix: [[0.8851867654474225, 0.11481323455257748], [0.3260750728862974, 0.6739249271137027]]
Unnormalized Confusion Matrix: [[22821, 2960], [3579, 7397]]
Number of Epochs: 358
Train Losses: [0.6950266915818919, 0.6937099605798721, 0.6932533612717753, 0.6930822678234266, 0.6928581811811613, 0.6926979351302852, 0.692748835294143, 0.6925400320602499, 0.6924663350633953, 0.6923781191525252, 0.6921790982070176, 0.6920980260423992, 0.6919566725907118, 0.6917235283747963, 0.6915350359419118, 0.6913431768831999, 0.6911437486824782, 0.6907604945742566, 0.6904956427605256, 0.6900702336560125, 0.6897051191848257, 0.6889343055693999, 0.6886101139628369, 0.6881805986166001, 0.6875190317630768, 0.6867301202338675, 0.6860377772994664, 0.6848492605530697, 0.6839740663766861, 0.6829378299091173, 0.682115798411162, 0.680898224659588, 0.679745505426241, 0.677949991951818, 0.6761016346838163, 0.6737097510825033, 0.6709845198237377, 0.6669822589210842, 0.6624282912067745, 0.6570533441460651, 0.6513583829869395, 0.6463531632786211, 0.6404116967450018, 0.6344853681066762, 0.6289558014144068, 0.6223211464674576, 0.6165119850117228, 0.6116669052320978, 0.6045289092737696, 0.5991112816592922, 0.5930144056029941, 0.5869842112064362, 0.580659567532332, 0.5750915563624838, 0.5697586220243703, 0.563078208591627, 0.5578806147627209, 0.5513248155946316, 0.5451994048512501, 0.5404034050910369, 0.5344882684557334, 0.5267898753285408, 0.5226976850110552, 0.5180284862285075, 0.5143382187122884, 0.5077553428385568, 0.5022733340444772, 0.49940171086269874, 0.49356803706158764, 0.4881284197387488, 0.48599028593820076, 0.48226373785215876, 0.4781658289225205, 0.47379310059806573, 0.46969545004160507, 0.4653319028408631, 0.4636028741364894, 0.45898345255333445, 0.45645175628040147, 0.45385046815094743, 0.44904295134803524, 0.44853812870771986, 0.44592425278995346, 0.4419287848731746, 0.4396592428502829, 0.43655554276445635, 0.4345825024920961, 0.4321955413274143, 0.4301995787931525, 0.42951444782640624, 0.4260325932632322, 0.42601792099683183, 0.4223172675008359, 0.4222295974259791, 0.41877012317595275, 0.4177030234233193, 0.41500231519989345, 0.415862294189308, 0.41240715721379156, 0.4124715481115424, 0.40622533618108086, 0.4062053180259207, 0.407600743615109, 0.4055642289311989, 0.4037882237330727, 0.40203743810239045, 0.4005825505308483, 0.40106123355419737, 0.39960754351771394, 0.39960597585076874, 0.39693977333929226, 0.3938809160305106, 0.395867625138034, 0.3924184330779573, 0.3928264774706053, 0.39120768068925194, 0.3915698360489762, 0.3905587702341702, 0.38863459281299423, 0.3869977649139321, 0.38924184901558834, 0.3875198842390724, 0.38381533201621926, 0.38351989381987117, 0.38398975360652676, 0.38252249794161836, 0.38117074150106184, 0.37849913129340046, 0.37980668363363845, 0.3786679617736651, 0.3774594700206881, 0.37669882307881897, 0.37965203653211177, 0.3765320906172628, 0.3753273923111998, 0.37410310267106345, 0.37386905214060906, 0.3756089265579763, 0.3728219255157139, 0.37407277245884357, 0.3711257109823434, 0.3705441232608712, 0.3700791002615638, 0.3715744671614274, 0.37073170601025873, 0.3683515294738438, 0.3687159788997277, 0.36911024379989377, 0.3678445147431415, 0.3681360008923904, 0.36514119324476824, 0.36808358482692555, 0.36311177170794945, 0.36496973115464915, 0.36434680955565496, 0.36154950176892076, 0.36046661099661953, 0.36205459139917207, 0.3608461468763973, 0.36050636664680813, 0.3620362047915873, 0.3575752866009007, 0.3583004755170449, 0.3552728398986485, 0.3573013842753742, 0.3573256649400877, 0.35789288010286247, 0.35694438892862074, 0.3548865229539249, 0.35603990412276726, 0.3565749526023865, 0.3545748997641646, 0.35413695392401323, 0.3549187524811081, 0.35311704206725825, 0.35144274973351025, 0.3535456111897593, 0.35002525124860845, 0.35357581441817076, 0.35207208725421324, 0.35039560153432514, 0.35158888302419494, 0.35107724141815433, 0.34878321413112723, 0.3485334920494453, 0.34884659375833427, 0.3486088748211446, 0.3497298595050107, 0.35036246174055596, 0.347456733169763, 0.347149762770404, 0.34843421034190963, 0.3471825905468153, 0.3467349011612975, 0.3486753427464029, 0.3446897968001988, 0.3449433062387549, 0.34453261475200236, 0.34535023699636047, 0.3448796020253845, 0.34529901036749716, 0.34474937659890753, 0.3443257229483646, 0.34301379277654315, 0.34311397717050884, 0.34194011668796126, 0.34145884351885836, 0.34228851924771847, 0.3416002725777419, 0.3406864291947821, 0.3394741572115732, 0.341770143871722, 0.3380849191028139, 0.33907054850588675, 0.34086199674917306, 0.33881330425324646, 0.33914295007353246, 0.3392611488699913, 0.34008294797461963, 0.33639337699050487, 0.33814485552518264, 0.3379809173552886, 0.337641398900229, 0.3393081465493078, 0.3363407503651536, 0.3370538549578708, 0.3372053380893624, 0.3372765688792519, 0.33528223743905194, 0.33449870341497917, 0.33420750123003257, 0.3351849793739941, 0.3363503004545751, 0.3343235771941102, 0.33399359920750493, 0.3341149198620216, 0.3337647773001505, 0.3312898638455764, 0.33260097795206567, 0.33173736605955206, 0.33267393526823624, 0.3336132350823154, 0.3306861274916193, 0.3345757906527623, 0.3315442615877027, 0.3316328697878381, 0.3296321559211482, 0.33206641330667164, 0.33000207413797794, 0.32963894715775616, 0.33050640627093936, 0.331172363071338, 0.32898785734306213, 0.3301367691029673, 0.3293165547044381, 0.3287283237213674, 0.32731399432472563, 0.33014631206574646, 0.3294815572059673, 0.3283322614820107, 0.3282853220467982, 0.3252175971217777, 0.3275015490858451, 0.32688501781743506, 0.32910426226647005, 0.32719294338122656, 0.3273963509046513, 0.32429815673309825, 0.32681790136772654, 0.32623033031173376, 0.3237592988688013, 0.3269261300563812, 0.3255097707976466, 0.3273563513937204, 0.32243079650013345, 0.32313735125505405, 0.3264030977435734, 0.3234271064400673, 0.3245622818560704, 0.3234917430774025, 0.32355346789826517, 0.3230665420708449, 0.3260581729852635, 0.32552018839380015, 0.3241532882270606, 0.3258186375965243, 0.3242370118913443, 0.32154505051996396, 0.32333968385406164, 0.32213429154261297, 0.3196255167865235, 0.3208813669240993, 0.3212027781683466, 0.3227992154981779, 0.3233820507707803, 0.321259694190129, 0.3205185850353345, 0.32036518376806505, 0.3227019446051639, 0.3184287297336952, 0.31819935444256536, 0.3203674258097358, 0.3221483770272006, 0.31732679385205975, 0.3189840899861377, 0.32010410149460256, 0.32026456380667895, 0.31579393054480137, 0.3218356150647868, 0.31936441290637724, 0.3174800386895304, 0.3174336047600145, 0.3196916828336923, 0.3189992663005124, 0.3176372519653776, 0.318135327813418, 0.3166450145451919, 0.3170253181911033, 0.3178407359382381, 0.3183751029488833, 0.31785031858345736, 0.31869877139511316, 0.3179200928820216, 0.3176678849303204, 0.31774025021687796, 0.3170597929345525, 0.3187100391996943, 0.3158254821663318, 0.3183859000387399, 0.3149998588406521, 0.3145292808828147, 0.31589970355448516, 0.31419320637765136, 0.31881402575451395, 0.315776140437178, 0.31499415985915974, 0.3159863803697669, 0.31639461271140884, 0.3137914301584596, 0.31609919631610744, 0.3136517315779043, 0.315142167651135, 0.31407748305279276, 0.31317072121993356, 0.3148231495333754, 0.31084135842064153, 0.3148035047818785, 0.31279047144495925, 0.31144367229679354, 0.31266502741238344, 0.3126128316573475, 0.3156868807323601, 0.31399852429395136, 0.31439100322516067, 0.3113976787613786, 0.3099783139384311, 0.31167832625948866, 0.31251327868389045]
Validation Losses: [0.6942191782205002, 0.6932347059249878, 0.6931290642074917, 0.6928972892139269, 0.6925967848819236, 0.6925222402033598, 0.692426565937374, 0.6922119798867599, 0.6921488425006037, 0.692009068572003, 0.691827014218206, 0.6916856205981711, 0.6913799068202143, 0.6913964960886084, 0.6910319312759068, 0.6906333736751391, 0.6902802379234977, 0.6898772877195607, 0.6897101397099702, 0.6891547327456267, 0.6889066608055778, 0.6882538743641066, 0.6876535721447157, 0.6867349282554959, 0.6862339631370876, 0.6850357133409252, 0.6838397850161013, 0.6826673030853272, 0.6821415154830269, 0.6812775466753089, 0.6803780970366105, 0.6785059156625167, 0.6772889712582464, 0.6759132120920264, 0.6747299007747485, 0.6720238462738369, 0.6684951269108316, 0.6653442859649659, 0.660978961509207, 0.6550244450569153, 0.6509175808533378, 0.6470112069793369, 0.640407539450604, 0.6367768101070238, 0.6297842741012574, 0.6270371540733005, 0.6187616431194803, 0.6139975604803666, 0.60767429911572, 0.6028612494468689, 0.5968164573545042, 0.5895526476528333, 0.585520090745843, 0.5789585035780201, 0.5749478557835455, 0.57125026350436, 0.5623618074085401, 0.5585701719574306, 0.5537536875061367, 0.5477611930473991, 0.5445354658624401, 0.5384730237981548, 0.5359167674313421, 0.529352656395539, 0.524021361703458, 0.5227491663849873, 0.5172142008076543, 0.5108199373535488, 0.5095652676146963, 0.508613374699717, 0.5044495224952698, 0.4970081803591355, 0.49359106291895327, 0.4905510788378508, 0.4887800195942754, 0.48034011125564574, 0.4822156424107759, 0.4784649449846019, 0.4737368599228237, 0.4755789717902308, 0.4696794279243635, 0.4695868212243785, 0.4641379348609758, 0.46381165514821593, 0.46390084209649457, 0.46393923966780953, 0.4564205695753512, 0.45273145825966543, 0.45454627405042236, 0.45305500082347705, 0.453702937260918, 0.45101361767105436, 0.4793117642402649, 0.45013679188230765, 0.45519261256508203, 0.4494667965432872, 0.4390828277753747, 0.4439729016760121, 0.43912272997524426, 0.44584835327189903, 0.440030562877655, 0.44156575021536454, 0.43979709537132927, 0.43692009267599685, 0.4358754126921944, 0.4354263678840969, 0.4386284201041512, 0.43247759886409926, 0.4379470016645349, 0.43434717473776446, 0.4303593617418538, 0.43952304746793663, 0.4369281996851382, 0.4263424813747406, 0.42718570569287173, 0.4247607876425204, 0.42643689279970914, 0.42706943957701976, 0.43219659846761954, 0.4241027479586394, 0.4259586331637009, 0.43626550928406094, 0.4367677465729091, 0.42896273835845616, 0.4260691787885583, 0.42380417403967485, 0.4228743597217228, 0.4222435194513072, 0.42337021231651306, 0.42716039989305576, 0.42085555973260297, 0.41897111068601195, 0.4256406776283098, 0.41794988305672354, 0.432267898839453, 0.4252371624760006, 0.4238172137218973, 0.4270802933236827, 0.422536257557247, 0.42918841087299847, 0.41470189690589904, 0.41852058275886206, 0.42345382001089016, 0.43251268474952037, 0.4221133898133817, 0.4193704356317935, 0.42197530010472173, 0.43176279664039613, 0.4139649686606034, 0.4343406602092411, 0.42106726040010867, 0.41627394090528075, 0.4198987556540448, 0.4157066101613252, 0.4187673234421274, 0.4207681329353996, 0.41716935427292534, 0.41647091637487, 0.4141646753186765, 0.41416477068610813, 0.4164001298987347, 0.4152032162832177, 0.4174395289110101, 0.41156061447185016, 0.4129847796066948, 0.4127587450587231, 0.41604318903840104, 0.4111923909705618, 0.42266810380894204, 0.43319791736810104, 0.41267503292664237, 0.41752328535784844, 0.4184179290481236, 0.43139694929122924, 0.41079921955647675, 0.42049463987350466, 0.42201410557912744, 0.42000730944716413, 0.4125701569992563, 0.4163914654565894, 0.4135467544845913, 0.41075628995895386, 0.40777396689290585, 0.4125894668309585, 0.415141624212265, 0.41516403452209805, 0.41524291375409, 0.4111082654932271, 0.414530209613883, 0.4189374091832534, 0.41450012896371924, 0.4186534723509913, 0.4181294073229251, 0.4209295174349909, 0.41350262294644896, 0.4150395139403965, 0.4098609216835188, 0.41701817149701326, 0.41627981299939365, 0.41245057971581167, 0.4091723841169606, 0.4070508617421855, 0.4105460418307263, 0.41461450794468757, 0.4124316806378572, 0.4185197200464166, 0.41480879368989365, 0.4136080718558768, 0.4071283083894978, 0.4125406552915988, 0.41267562923224077, 0.4512218496073847, 0.4113120954969655, 0.4074062842389812, 0.41622524416964984, 0.4090802957182345, 0.42105679434278737, 0.41489720733269403, 0.4066149944844453, 0.4131421514179396, 0.41310336797133734, 0.40984167741692584, 0.4162294481111609, 0.41465757566949596, 0.4151726598324983, 0.41373638925345047, 0.41110344840132673, 0.40626902943072113, 0.41641555169354316, 0.4206993237785671, 0.4137240995531497, 0.4105821684650753, 0.41471530769182285, 0.417899758660275, 0.4081040670042453, 0.42104821593865105, 0.4103988344254701, 0.4102902324303337, 0.41239300707112186, 0.4162986820158751, 0.42149150293806326, 0.4099180558453435, 0.4206317093061364, 0.4126664169456648, 0.4116867011008055, 0.413833459045576, 0.41817732220110687, 0.4096054857191832, 0.42658692235532014, 0.41152308453684266, 0.41390998933626255, 0.41391620091770004, 0.41275812750277313, 0.4152669305386751, 0.4194587847460871, 0.41994894587475323, 0.41394577181857567, 0.40531979047733807, 0.4161079927631047, 0.4202209876931232, 0.4199986431909644, 0.411323634956194, 0.41129943158315574, 0.414245454383933, 0.41667756490085434, 0.4245387279469034, 0.41578652470008187, 0.41703051769215127, 0.41978639027346737, 0.41390790161879165, 0.4167258710964866, 0.41597904174224193, 0.4133030593395233, 0.42395164655602496, 0.41662522994953655, 0.4156373340150584, 0.4145461061726446, 0.46443057708118274, 0.419419220737789, 0.4173923295477162, 0.41427742087322733, 0.4115254495454871, 0.4195981538814047, 0.43643955458765443, 0.4150171704914259, 0.4252780875434046, 0.4164227682611217, 0.41441329639890917, 0.423588620579761, 0.40816526646199436, 0.42799176936564237, 0.4121154137279676, 0.41073540449142454, 0.4108923028344693, 0.4096488074116085, 0.42104725915452706, 0.4215979024119999, 0.4141188644844553, 0.4164288158002107, 0.40950209498405454, 0.4309899643711422, 0.42532018163929813, 0.41077897781911105, 0.4109883090724116, 0.4139235328073087, 0.42222201072651405, 0.414143022765284, 0.41223005782002986, 0.41788857786551764, 0.42770758608113163, 0.4298985027748605, 0.4266969908838687, 0.41209850466769676, 0.4207712461119113, 0.42655002422954724, 0.411325863910758, 0.41982114911079405, 0.41320940878080287, 0.4200116357077723, 0.41266093539155047, 0.4194377870663353, 0.4268711867539779, 0.41517115131668425, 0.42031391081602676, 0.45375983455906743, 0.42424051269241003, 0.42391593585843623, 0.421576173927473, 0.42068279411481774, 0.42319658398628235, 0.47427884625351946, 0.4259060976297959, 0.42236106758532316, 0.42011351896368937, 0.41506757658460863, 0.41154532976772473, 0.433637025045312, 0.4241507872291233, 0.41432354320650516, 0.42131108771199766, 0.40946901388790297, 0.41694029906521674, 0.42297552875850514, 0.41864507535229556, 0.4161065179368724, 0.4221825433814007, 0.43233176936273987, 0.4215612079786218, 0.4638473824314449, 0.41286548220592995, 0.42281734865644705, 0.4223312787387682, 0.41389322488204294, 0.41574285419090934, 0.4173052650430928, 0.4147517681121826, 0.4139755596285281, 0.4380355816820393]
