Enhancer: E22P3B3R2
Label: mm_v_all
Padding: True
Batch Size: 256
Learning Rate: 2e-06
Epochs: 1000
Subset: 1.0 (number of training samples: 10836)
Weight Decay: 0.01
Optimizer: adam
Coverage: 1
Jiggle: 3
Confusion Matrix: [[0.8591740013540962, 0.14082599864590387], [0.4815668202764977, 0.5184331797235023]]
Unnormalized Confusion Matrix: [[2538, 416], [209, 225]]
Number of Epochs: 463
Train Losses: [0.693561124247174, 0.6931337811226068, 0.693516265514285, 0.6936867763829786, 0.6933460679165152, 0.6935610216717387, 0.6937021834905758, 0.6932586320610934, 0.6932243025580118, 0.6932400950165682, 0.6930862734484118, 0.6930471173552579, 0.6929990898731143, 0.6929644332375637, 0.6926456232403599, 0.6927582108697226, 0.6924976484720097, 0.6928344174872997, 0.6923569122026133, 0.6927939958350603, 0.6925452102062314, 0.6925717938778012, 0.6929510956586793, 0.692640901998032, 0.6921602709348812, 0.6926076093385386, 0.6916968004648075, 0.6916316137757412, 0.6925714598145596, 0.6920514952304752, 0.691629663456318, 0.6921787996624791, 0.6919771502184313, 0.6917850874191107, 0.6917031532110169, 0.6917505028635956, 0.6919512956641442, 0.6919211301692697, 0.6915338205736737, 0.6920204273490018, 0.691571056842804, 0.6913755688556406, 0.6912587908811347, 0.6914427044779755, 0.6916499234909235, 0.6916556649429854, 0.6910416733386905, 0.691044642481693, 0.6907089796177176, 0.6913722906001779, 0.690994332003039, 0.6911798881929975, 0.6908817623936853, 0.6909938496212626, 0.690848496071128, 0.690977792407191, 0.6905174047447914, 0.6907208742097367, 0.690584447494773, 0.6900789834732233, 0.6901004508484242, 0.6905679453250974, 0.6903377826823744, 0.6900256733561672, 0.6902931817742282, 0.6902957766555077, 0.6899414561515631, 0.6901666563610698, 0.690254671629085, 0.6905307547990666, 0.6896582328995993, 0.6897044445193091, 0.6899169364640879, 0.6902141792829647, 0.6892065821692, 0.6897374751955964, 0.689107384792594, 0.689729091733001, 0.6898330103519351, 0.6895226628281349, 0.6894390014714973, 0.6896951059962428, 0.6890068095783854, 0.6888272346452226, 0.6891655478366586, 0.6891910641692406, 0.6890147924423218, 0.6890193348707154, 0.6889039624569028, 0.6886212853498237, 0.6887785556704499, 0.6880561820296354, 0.6884117514588112, 0.6888837869777236, 0.6883873135544533, 0.6884229016858477, 0.6877482256223989, 0.6879546822503556, 0.6877585302951724, 0.6877353482468184, 0.6877257574436276, 0.6880596612775048, 0.687742693479671, 0.6878869672154271, 0.6877103087513946, 0.6873457542685575, 0.6875445094219473, 0.6877538936082707, 0.6877925908842752, 0.6873361911884573, 0.6869173327157664, 0.6867354623107023, 0.6869078375572382, 0.6868791857431101, 0.6866696615551793, 0.6864102857057438, 0.6868780088979144, 0.6859175812366397, 0.6868744520253913, 0.6860631094422451, 0.6858708983243897, 0.6857817796773689, 0.6858510943346245, 0.6856586489566537, 0.6855762517729471, 0.685562925283299, 0.6854203579037689, 0.6853172141452168, 0.6854074375573979, 0.6849005402520646, 0.6841273723646651, 0.6848301887512207, 0.6849184327347334, 0.6849774288576703, 0.68461459320645, 0.684722316819568, 0.6836873930554057, 0.6840973648914072, 0.6838818871697714, 0.6831137233002241, 0.6829903721809387, 0.6832021488699802, 0.6829566137735233, 0.683335893375929, 0.6826319431149682, 0.6833175143530202, 0.6830815603566724, 0.6818909284680389, 0.6825870691343795, 0.682410994241404, 0.6819091522416403, 0.681671372679777, 0.6812510559725207, 0.681015366731688, 0.6811444551445717, 0.6802823987118033, 0.6807853676551996, 0.6807942931042161, 0.6805836683095887, 0.68031229252039, 0.6802667531856271, 0.6796001182046048, 0.679480372473251, 0.6788349983304046, 0.6781798171442609, 0.678689838841904, 0.6787370886913565, 0.6777959826380707, 0.6780149063398672, 0.6774282427721245, 0.6784421579782353, 0.6768657287885976, 0.6775787777678911, 0.6776827670807062, 0.6771377338919529, 0.6769585748051488, 0.6751817187597585, 0.6761661019436148, 0.6754371676334116, 0.6751225216444149, 0.674163184886755, 0.6752452184987623, 0.6747932156851125, 0.6747226839841798, 0.673925424731055, 0.6730064153671265, 0.6729463907175286, 0.6729903886484545, 0.6738014734068583, 0.671643478925838, 0.6721214263938194, 0.6728029389714085, 0.6712444660275482, 0.6711361948833909, 0.6716002849645393, 0.6706367135047913, 0.6697680714518525, 0.6717262988866761, 0.6704890533935192, 0.6691760892091796, 0.6687165041302525, 0.6688401629758436, 0.6688923627831215, 0.6668713175973227, 0.6688732504844666, 0.6679830218470374, 0.6681977219359819, 0.6665895678276239, 0.6654521185298299, 0.6663374277048333, 0.6676466118457706, 0.663894678271094, 0.6656620821287466, 0.6651232006937958, 0.6641548622486203, 0.6639274635980296, 0.6642532487248265, 0.6622064723524936, 0.6635926629221717, 0.6629632628241251, 0.6630615397941234, 0.6612732951031175, 0.6613277986992238, 0.6604879082635392, 0.6611730331598327, 0.6599719039229459, 0.6592870728914128, 0.6594201783801235, 0.6585119685461355, 0.6583689770033193, 0.6586768197458844, 0.6584147797074429, 0.655616445596828, 0.6569905613743982, 0.6562242355457572, 0.6559069932893266, 0.6549829605013825, 0.6554722176041714, 0.6556158481642257, 0.6529016966043517, 0.6535839272099871, 0.6514676726141642, 0.6516470216041388, 0.6535469875779263, 0.6517338128977044, 0.6544826030731201, 0.6513850993888323, 0.6519424069759457, 0.651055513426315, 0.649248460004496, 0.6483355718989705, 0.6482556656349537, 0.6496718969455985, 0.6486599653266197, 0.6469653858694919, 0.645919919013977, 0.645882994629616, 0.6463529176490251, 0.6452222147653269, 0.6447596009387526, 0.6445211144380791, 0.6441771207853805, 0.6425979262174562, 0.6436702262523563, 0.6429861437442691, 0.6422451817712118, 0.6439190562381301, 0.6428048236425533, 0.6399013316908548, 0.6399678241374881, 0.6404618662457133, 0.6400903796040734, 0.6370226934898732, 0.6409022974413495, 0.6351851127868475, 0.6355344916498938, 0.6377747100453044, 0.6348752213078875, 0.6350594564925792, 0.6325746067734652, 0.6325313199398129, 0.6327931340350661, 0.631168429241624, 0.6328021523564361, 0.6303638566372006, 0.6310341621554175, 0.6315040200255638, 0.6299041578936022, 0.6300988322080567, 0.63187016858611, 0.6283595534258111, 0.6252880637035814, 0.6269645912702694, 0.6247153406919435, 0.6254221866297167, 0.623202846493832, 0.6248609908791476, 0.6256098982899688, 0.6198463245879772, 0.6189400886380395, 0.6203566692596258, 0.6181202336799266, 0.618213318115057, 0.6212106291637864, 0.617233719936637, 0.6179747997328292, 0.6139544872350471, 0.6153689428817394, 0.617438557536103, 0.6117518377858538, 0.6135290902714396, 0.6120980700781179, 0.6098178292429725, 0.6111433755519778, 0.6051027428272159, 0.608103122822074, 0.6077005253281704, 0.6042344154313554, 0.604108567847762, 0.605436060317727, 0.6031686719073805, 0.6034149208734202, 0.6031317142553108, 0.6013938535091489, 0.5983200918796451, 0.5980552226998085, 0.5951532333396202, 0.5932962423147157, 0.5924874696620676, 0.5965369676434716, 0.5899453481962514, 0.5896044304204542, 0.5882647411767826, 0.5894941632137742, 0.5916678974794787, 0.586947037730106, 0.5861749413401581, 0.583971663962963, 0.5798967314320941, 0.5814059279685797, 0.5805012860963511, 0.5776313072027162, 0.5780330355777297, 0.5774629490320072, 0.5727427019629368, 0.5781877914140391, 0.5725340524385142, 0.5713551404864289, 0.5700947281926178, 0.5726275998492574, 0.5661542055218719, 0.5628325897593831, 0.5654904121576354, 0.5640238163083099, 0.561818097912988, 0.5614990065264147, 0.5593570761902388, 0.5603390072667321, 0.5563741340193638, 0.5508303378903588, 0.5567369696705841, 0.5532714946325435, 0.552175312541252, 0.5520785132119822, 0.5500934747762458, 0.551638665587403, 0.5481402624485104, 0.5440778094668721, 0.5461002754610639, 0.540110191633535, 0.5432343954263732, 0.5404599572336951, 0.5435509459916935, 0.5373536708743073, 0.535673086033311, 0.5370569949926332, 0.535801348298095, 0.5367833680884783, 0.5330835733302804, 0.5297428327937459, 0.5313925756964573, 0.5266078904617665, 0.5223303672879241, 0.5216048574724863, 0.5273663748142331, 0.5205002219177955, 0.522110175254733, 0.5230135009732357, 0.524084689312203, 0.5168930208960245, 0.5189999958803487, 0.5153571242509887, 0.5157418174799099, 0.5146897414395976, 0.5099850941536038, 0.5081069372421088, 0.5138898575028708, 0.5104485798713773, 0.5080058893492055, 0.5079657255217086, 0.5010644509348758, 0.502518426540286, 0.5014021514460097, 0.5024700490541236, 0.4970150728558385, 0.4959679952887602, 0.49578252711961435, 0.4932864079641741, 0.49050419829612557, 0.4901155607644902, 0.49467485103496284, 0.4875422473563704, 0.4908683258433675, 0.485074661498846, 0.48322361222533294, 0.48459492242613506, 0.4776196015435596, 0.479708684045215, 0.48014870632526485, 0.4793100495671117, 0.4788267009480055, 0.4754211611525957, 0.4714697765749554, 0.4727323318636695, 0.4719876931157223, 0.4723361959291059, 0.47139941190564355, 0.4689312112885852, 0.4629710988942967, 0.46678022797717605, 0.4628988490548245, 0.460181534983391, 0.4639162552911182, 0.4611717199170312, 0.4620821018551671, 0.4556059359117996, 0.45439825986706933, 0.4489773151486419, 0.44979588514150576, 0.44926332734351937, 0.4455938664979713, 0.4471515458683635, 0.44695597332577375, 0.4415791374306346, 0.4412961033887641, 0.43710791926051296, 0.43857511808705885, 0.43750967813092606, 0.43728306404379913, 0.43642078859861505, 0.43842216147932894, 0.4336210946704066, 0.4270727294822072, 0.43054595797560935, 0.43156516551971436, 0.4224584816500198, 0.42369688666144084, 0.42386035933051, 0.42283328951791277, 0.4216311116551244, 0.41630415237227153, 0.41697949309681737, 0.4166755225769309]
Validation Losses: [0.6931536902080883, 0.6938124082305215, 0.6947468194094572, 0.6944854259490967, 0.6938723000613126, 0.6940358877182007, 0.6939334056594155, 0.6941922307014465, 0.694214560768821, 0.6939949176528237, 0.6939675645394758, 0.6938817826184359, 0.693421027877114, 0.6935853199525313, 0.6936031200669028, 0.6934950189156965, 0.6935634613037109, 0.693590911951932, 0.6936364499005404, 0.6934237859465859, 0.6930425329641863, 0.693084180355072, 0.6932814012874257, 0.6930683526125822, 0.692894697189331, 0.6929529688575051, 0.6927475875074213, 0.692890232259577, 0.6926350593566895, 0.6928749626333063, 0.6925962675701488, 0.6925852840596979, 0.6928482922640714, 0.6926641464233398, 0.6928797689351168, 0.692427006634799, 0.6924441619352861, 0.6922657002102245, 0.6922362013296648, 0.692360216921026, 0.6921836300329729, 0.6923674290830438, 0.6921936002644625, 0.6921020692045038, 0.6918456554412842, 0.6917267333377491, 0.6917393370108171, 0.6917494156143882, 0.6917668201706626, 0.6913846189325507, 0.6915791847489097, 0.6913477290760387, 0.691149191422896, 0.691510021686554, 0.6912989128719677, 0.6912463469938799, 0.6911659890955145, 0.6910178769718517, 0.69126065752723, 0.6909379633990201, 0.6907409917224537, 0.6914186694405295, 0.6909595131874084, 0.6906670223582875, 0.6907889680428938, 0.6905961686914618, 0.6902310198003595, 0.6904564066366716, 0.6904826110059564, 0.6901931654323231, 0.6898031722415577, 0.6909019838679921, 0.6898803006518971, 0.6901849995959889, 0.6903301314874128, 0.6903368180448358, 0.6899863698265769, 0.6896586743268099, 0.6900541565634988, 0.6898127414963462, 0.6897160790183328, 0.689145337451588, 0.68962101502852, 0.6894782456484708, 0.6897328279235146, 0.6898497126319192, 0.6888147538358514, 0.6888654232025146, 0.6889148842204701, 0.6884792609648271, 0.6885543248870156, 0.6887487335638567, 0.6887675577943976, 0.6883650367910211, 0.6879188960248773, 0.687804785641757, 0.6885829351165078, 0.6886904402212664, 0.6873796311291781, 0.6874758655374701, 0.688873908736489, 0.6882467486641624, 0.6874393604018472, 0.6879366311160001, 0.6876462427052584, 0.6874578595161438, 0.687247709794478, 0.6871379017829895, 0.6866902979937467, 0.6870422688397494, 0.6865101239897988, 0.6867864457043734, 0.68658831986514, 0.6856639005921104, 0.6872576420957391, 0.6855713129043579, 0.6868023330515082, 0.6861691583286632, 0.6861883401870728, 0.6855678341605447, 0.6852607076818292, 0.685834369876168, 0.6866014003753662, 0.6845614368265326, 0.6846020709384572, 0.6859851750460538, 0.685284365307201, 0.6847318519245494, 0.6843225305730646, 0.6843687729402022, 0.684023304419084, 0.6836687814105641, 0.6837460615418174, 0.6834215359254316, 0.6838318597186696, 0.6835762587460604, 0.682645857334137, 0.683663628318093, 0.68311669067903, 0.6831901940432462, 0.6822576197710905, 0.6814775575291027, 0.6828432245688005, 0.6816060001199896, 0.6824582598426125, 0.6815205216407776, 0.6816641634160822, 0.6812177029522982, 0.681602342562242, 0.6808386661789634, 0.6820237744938243, 0.6819024356928739, 0.6813467036594044, 0.6785232912410389, 0.6788597161119635, 0.6805051781914451, 0.6813727183775469, 0.6790275519544428, 0.6802199428731744, 0.6785191568461332, 0.6799418926239014, 0.6784408092498779, 0.6787560257044706, 0.6789209517565641, 0.6774664412845265, 0.679274168881503, 0.676551802591844, 0.6769464774565264, 0.6780539859424938, 0.6743431145494635, 0.6753276044672186, 0.6767355853861029, 0.6766683621840044, 0.6765657392415133, 0.675440024245869, 0.6753088615157388, 0.6731619347225536, 0.6738447872075167, 0.6750880642370745, 0.6724764596332203, 0.6740927750414069, 0.6728899262168191, 0.6731030670079318, 0.6715936281464316, 0.6747160120443865, 0.6724594127048146, 0.6706658493388783, 0.6707404201680963, 0.6693252595988187, 0.6717259233648126, 0.672054415399378, 0.6687408198009838, 0.6683205582878806, 0.6705109314485029, 0.6706857952204618, 0.6660579334605824, 0.6688468076966025, 0.669352038340135, 0.6680239113894376, 0.6666025898673318, 0.6660115935585715, 0.6663477962667291, 0.6659369414502924, 0.6652752757072449, 0.6673803979700262, 0.6643830212679777, 0.6652347662232139, 0.6655426133762706, 0.6627792499282144, 0.6655343825166876, 0.6633794524452903, 0.6651412411169573, 0.6638169342821295, 0.6610214818607677, 0.6585946787487377, 0.6592345183545892, 0.6620552214709196, 0.6586832891811024, 0.6622936563058333, 0.6607545397498391, 0.658918483690782, 0.6556284536014904, 0.658143244006417, 0.6586934111335061, 0.6593686179681257, 0.655629575252533, 0.6591192971576344, 0.6559172922914679, 0.6559816111217845, 0.6564219919118014, 0.6563715718009255, 0.6537311673164368, 0.6556092934174971, 0.6576935323801908, 0.6511519117788835, 0.6540891365571455, 0.6500717184760354, 0.6540295860984109, 0.6546741940758445, 0.6557799794457175, 0.6520224755460565, 0.6495288393714211, 0.6498175317590887, 0.65150047974153, 0.6501110792160034, 0.6487387310374867, 0.6488851742310957, 0.6455776691436768, 0.6498702656139027, 0.6430486819960854, 0.6450018340891058, 0.6501627239313993, 0.6439775282686407, 0.6422359022227201, 0.6483678384260698, 0.6439066149971702, 0.6448454640128396, 0.6475512439554388, 0.6425040906125848, 0.6448706225915388, 0.646759260784496, 0.6445932334119623, 0.640788116238334, 0.6386811083013361, 0.6411287025971846, 0.6415896415710449, 0.637834527275779, 0.6403054215691306, 0.6348991285670887, 0.639406063339927, 0.6376851092685353, 0.6417108774185181, 0.6392979350957003, 0.638155151497234, 0.6363007263703779, 0.6391966288739984, 0.6357453790577975, 0.6353914466771212, 0.6357242194089022, 0.6341481100429188, 0.6328732100400057, 0.6350881619886919, 0.6294561516154896, 0.6308554681864652, 0.6330370957201178, 0.630406526002017, 0.625896459276026, 0.6287464553659613, 0.635370980609547, 0.6260472319342874, 0.6218707290562716, 0.6250884587114508, 0.6267118941653859, 0.6275065053593029, 0.6279082027348605, 0.6266496235674078, 0.6274566975506869, 0.6259426366199147, 0.6244265545498241, 0.623687662861564, 0.6212779933756049, 0.6239727627147328, 0.6272121451117776, 0.6260433359579607, 0.6234846169298346, 0.6218413602222096, 0.6253305348482999, 0.622462576085871, 0.6246213804591786, 0.6206315376541831, 0.6182390559803356, 0.6195850101384249, 0.6183894059874795, 0.6206477121873335, 0.6178139773282137, 0.6259805939414285, 0.6208214326338335, 0.6131715015931563, 0.6203401738947089, 0.6214093295010653, 0.6171580769798972, 0.6189931631088257, 0.6150423179973256, 0.6143219037489458, 0.618612831289118, 0.6102091561664235, 0.614481969313188, 0.6120929013599049, 0.6149687712842767, 0.605928821997209, 0.6118507927114313, 0.6125695597041737, 0.6163058606061068, 0.6106472015380859, 0.616447622125799, 0.6127159595489502, 0.6057917855002664, 0.618588691407984, 0.6114772937514565, 0.6040201132947748, 0.6106958389282227, 0.6144137707623568, 0.6028351025147871, 0.6090335575017062, 0.6167780756950378, 0.6131759611043063, 0.6061088117686185, 0.6136430935426191, 0.596623648296703, 0.6053618571975015, 0.6057689677585255, 0.6102808226238597, 0.6101835532621904, 0.6036871021444147, 0.6050426363945007, 0.614139502698725, 0.5999925190752203, 0.6106137091463263, 0.6129499673843384, 0.6055328141559254, 0.6124677549708973, 0.6187719106674194, 0.5953759388490156, 0.6003440618515015, 0.6027932275425304, 0.6043946417895231, 0.6080865643241189, 0.6158774495124817, 0.6067318970506842, 0.607407114722512, 0.6074198050932451, 0.6061969616196372, 0.6124596920880404, 0.6103681434284557, 0.6134709932587363, 0.6095954504880038, 0.6052220192822543, 0.5984626683321866, 0.614336761561307, 0.6092614423144947, 0.6049387129870328, 0.6091780337420377, 0.606385198506442, 0.6126660596240651, 0.6049549362876199, 0.6220540512691844, 0.6026952104134993, 0.6139386025342074, 0.6196854493834756, 0.6177744702859358, 0.6057820807803761, 0.6162788922136481, 0.6085553602738814, 0.6002729589288885, 0.6116335988044739, 0.6116946014490995, 0.6167130741206083, 0.6150161840698936, 0.6085684299468994, 0.6061607165770098, 0.6219669472087513, 0.6139506968584928, 0.6150610880418257, 0.6117692752317949, 0.6182032335888256, 0.6128712404857982, 0.611616622317921, 0.6135044477202676, 0.6137811758301475, 0.613979697227478, 0.6228733658790588, 0.6351050463589755, 0.6151831150054932, 0.6316418918696317, 0.6296196579933167, 0.6159677776423368, 0.6111834428527139, 0.623699117790569, 0.6104293628172441, 0.6275214607065375, 0.6186075102199208, 0.6234420375390486, 0.6185735572468151, 0.6173093969171698, 0.6229234066876498, 0.6298898187550631, 0.6142121228304777, 0.627406960183924, 0.6166237430139021, 0.6267918727614663, 0.609017404642972, 0.6407813917506825, 0.6247742934660478, 0.6287624619223855, 0.6288525841452859, 0.6139181039550088, 0.631595335223458, 0.6338185288689353, 0.6188727021217346, 0.6296735026619651, 0.6450423760847612, 0.6237020004879344, 0.6338654973290183, 0.6302019953727722, 0.6458815986459906, 0.6414723287929188, 0.6408343477682634, 0.6514147899367593, 0.6353810971433466, 0.6359138868071816, 0.6324452324347063, 0.6305240013382651, 0.6451438665390015, 0.6476151238788258, 0.6408786123449152, 0.6439008929512717, 0.6391537839716132, 0.6295319903980602, 0.6407653851942583, 0.6393129663033918, 0.6441274772990834, 0.642564367164265, 0.643308861689134]
Validation ROC AUC: 0.6835948252133223
Validation Confusion Matrix: [[297, 49], [24, 18]]
Validation Precision: 0.26865671641791045
Validation Recall: 0.42857142857142855
Validation F1 Score: 0.3302752293577982
Validation Accuracy: 0.8118556701030928
Test ROC AUC: 0.7595933343525455
Test Confusion Matrix: [[366, 56], [30, 32]]
Test Precision: 0.36363636363636365
Test Recall: 0.5161290322580645
Test F1 Score: 0.4266666666666667
Test Accuracy: 0.8223140495867769
Validation Set Size: 388
Test Set Size: 484
