Enhancer: E22P1D10
Label: mm_v_all
Padding: True
Batch Size: 256
Learning Rate: 2e-06
Epochs: 1000
Subset: 1.0 (number of training samples: 236544)
Weight Decay: 0.01
Optimizer: adam
Coverage: 1
Jiggle: 3
Confusion Matrix: [[0.9187057663728794, 0.08129423362712064], [0.26609657947686116, 0.7339034205231388]]
Unnormalized Confusion Matrix: [[62438, 5525], [1587, 4377]]
Number of Epochs: 212
Train Losses: [0.6902833935760316, 0.6827026804288229, 0.669453045829034, 0.6506986227128413, 0.633119363353882, 0.6151497831721326, 0.5940528119152243, 0.5748807008003259, 0.5558031803214705, 0.5415126036578443, 0.5274449554614691, 0.5150669268715433, 0.5036080314483478, 0.49413402952673113, 0.4884678911724132, 0.48254539656303663, 0.47574547504062775, 0.47231167183939, 0.46869847065571585, 0.4660890685531484, 0.46321726819395503, 0.4609499192792616, 0.45491435875495273, 0.45308860313969773, 0.44950265830858444, 0.44658829594329325, 0.4434733145358242, 0.4385199042690265, 0.4365051170061161, 0.43356456323748543, 0.4299982419777742, 0.42702034225453545, 0.4228889093899624, 0.420234802481416, 0.418958357370003, 0.41365046034772673, 0.41210073090734933, 0.4066623230646183, 0.4058513519116294, 0.4027389229892136, 0.400391167505479, 0.3952533614648369, 0.3911994697276132, 0.38864896162634804, 0.385166216044973, 0.3840847510473553, 0.38171512717421435, 0.3788498744562075, 0.37729910461159494, 0.3723003606259565, 0.37022564989147766, 0.36483853232937974, 0.3659027772612902, 0.36218642788531974, 0.362322769478544, 0.3594495514770607, 0.3546441666362606, 0.35094987592978394, 0.3511175070748185, 0.34762881921999383, 0.3459553047047033, 0.3426565177964442, 0.34163969701954294, 0.3396596997911796, 0.3389443290375528, 0.334539413726304, 0.3347270692904274, 0.3311441262692084, 0.3276958197871328, 0.32902607712007703, 0.3259150748548312, 0.325248928990586, 0.32045292809154047, 0.32084000426711456, 0.3209930324515739, 0.31699916093057884, 0.31675519608767516, 0.3155068192163329, 0.3145024141707978, 0.3124752587989553, 0.311175060543147, 0.3110636371264468, 0.30720962250193995, 0.3056760771256505, 0.30599095203079185, 0.30527773663982166, 0.3034561118877037, 0.3027224690850937, 0.30166879843001243, 0.2979955843839294, 0.29761682455609373, 0.29690994681927546, 0.29674063447169413, 0.2970812056874816, 0.29471361056550754, 0.29399254000483654, 0.29285193071801424, 0.2925152206124165, 0.29098950965063913, 0.2902564329470133, 0.2903362030558514, 0.2872298153931702, 0.2872325216956211, 0.2859882324514709, 0.2851278305989065, 0.2848632239547127, 0.28452639254334167, 0.2845466985685743, 0.28300181394080065, 0.28095433999707686, 0.2822446819088418, 0.2787457106239868, 0.27751420862424425, 0.2788404535937619, 0.2777321424125593, 0.2777938693116754, 0.2766722866950871, 0.27565535854596596, 0.27337182830874024, 0.2731964505757346, 0.2738907207367998, 0.2721359033250447, 0.27138170403190504, 0.27282590543230373, 0.27033563425917645, 0.2686598456073633, 0.2695488530610289, 0.26671953652521746, 0.26848513444329236, 0.2657737679360233, 0.26703256965328603, 0.2658416290336099, 0.2654949813532881, 0.26428498184203586, 0.26372114489927434, 0.26245013527668914, 0.26359192007805876, 0.2623185922605393, 0.2637828327715397, 0.2602896433791299, 0.259999708631338, 0.25888913973069294, 0.2597414710079179, 0.2593314047918949, 0.2599788282985811, 0.25815319568241313, 0.2568969500303526, 0.2559629701142445, 0.2564321717819868, 0.2550830216634841, 0.25560398251463323, 0.25556882435367223, 0.255279720813294, 0.25288678552487714, 0.2526336772069012, 0.2539108244629649, 0.2518820728768002, 0.25185340660668554, 0.25095851125913266, 0.25130599817801347, 0.25056497318855614, 0.24955160048229869, 0.2513243253161381, 0.2467392235026731, 0.24859507836691744, 0.24944443113747097, 0.24702759241902983, 0.24757348233229154, 0.24698947844180194, 0.24581033409093367, 0.24729920646328946, 0.2463446506077335, 0.24703895134520737, 0.24543031085750242, 0.24529561687470514, 0.24485481598160483, 0.2444865441199763, 0.24290411396847142, 0.24566968628789956, 0.24404554656057648, 0.24393389722356548, 0.2419957977062438, 0.24132586947896265, 0.2421347222802959, 0.2410893639735071, 0.24109143978267006, 0.2385127019798343, 0.2396751724151306, 0.2401115820456893, 0.23700266573336218, 0.2388055148933615, 0.23973633239279576, 0.23867975517268822, 0.2381320290622257, 0.23849885307607196, 0.23670620888923155, 0.235820677163668, 0.2376953251821138, 0.23497468805609845, 0.23732677648787376, 0.23606138466756582, 0.23592909667399023, 0.23617561338912874, 0.234225989387923, 0.2363854744894938, 0.23467127054736212, 0.23478429635494819, 0.23562376454343528, 0.2352480904977301, 0.23269583380002995, 0.23312061554167693, 0.23343479012449583]
Validation Losses: [0.6869192963530277, 0.6769217286130478, 0.6609353497624397, 0.6423143970555273, 0.6265669095105139, 0.6079458774163805, 0.5901509325565963, 0.5722282099826582, 0.5586988003603344, 0.5471620059989649, 0.5354930892072874, 0.5254958495497704, 0.5166321673013013, 0.5095610153572313, 0.5009644671246923, 0.49856218477261477, 0.5004454652040169, 0.4969907268111048, 0.4920064167215906, 0.4921689115721604, 0.4901782062290044, 0.4893746991352788, 0.4882955773380296, 0.4825214246480629, 0.48256990056613397, 0.48396107747123157, 0.4790797057593691, 0.4783455900334079, 0.47736728345525675, 0.47605097332391244, 0.47713900190489045, 0.47549715638160706, 0.4732829319505856, 0.46916758108498724, 0.46595736374628954, 0.4664903385885831, 0.46866932948087825, 0.4658364175722517, 0.46355029850684365, 0.4642115546840018, 0.4605802172345334, 0.4587421882255324, 0.4633789473566516, 0.4635139811655571, 0.4637478568173688, 0.45445855283017816, 0.4576290946068435, 0.4540462690437662, 0.4599263084859684, 0.4508618287228305, 0.45986128598451614, 0.45660187599473984, 0.4535550681938385, 0.44679871124440224, 0.45243378304715814, 0.461985461285402, 0.45260762339779015, 0.45024709467744006, 0.4542718507863324, 0.4522858937752658, 0.447370452999041, 0.44341618169484465, 0.45142959019747275, 0.445277228437621, 0.4406028291017845, 0.44656110773312635, 0.4473735945748872, 0.4494994479263651, 0.44505966685969256, 0.45123185988130243, 0.44682230585222615, 0.44282521320314244, 0.44319334266514615, 0.4515651161300725, 0.4443951728272027, 0.4414743001347986, 0.4418138663830428, 0.4504903197802346, 0.4467071630060673, 0.4439567145088623, 0.4493078499518592, 0.44891606091425335, 0.46439054762494975, 0.4407011039298156, 0.4522957854486745, 0.4450278828113243, 0.4507971402129223, 0.45278985888279716, 0.45701001912098504, 0.4459350039732867, 0.4525361770185931, 0.4461455674649313, 0.45576372299471807, 0.454549812808119, 0.4479307722428749, 0.445058895853059, 0.44938409469764806, 0.46522866305092286, 0.45125353940088175, 0.44554424799721815, 0.44351961335231516, 0.44501981306178817, 0.43826062591939136, 0.44366745085551823, 0.43714165340723665, 0.4562512257232748, 0.4402825477822074, 0.45844577085869065, 0.45745963975787163, 0.44339783027254304, 0.4429944122916666, 0.43682533229604875, 0.4545515504633558, 0.44684304977799283, 0.4806071161453066, 0.4638849039529932, 0.454520114922318, 0.4495659950992157, 0.4425755799587431, 0.4607958133203973, 0.4428469518777625, 0.4622060849234976, 0.4477018553378253, 0.45075314414912254, 0.4587598052518121, 0.45040353528898336, 0.4590926707304757, 0.44748676426965617, 0.4487173418867691, 0.45255134601531355, 0.44700757529715013, 0.4459836043032079, 0.4501389578498643, 0.45733743122425574, 0.4425419145103159, 0.4398327226718438, 0.4898039448107111, 0.45490617266502875, 0.45554967391593704, 0.45798678066709947, 0.44670816510915756, 0.46746618159372233, 0.4739140030638925, 0.4521092728165717, 0.49161798070217, 0.4536559162982579, 0.456405994064849, 0.4477886702736904, 0.4513100444756705, 0.4649000955295974, 0.458716934643172, 0.45097334772862235, 0.46289230899178774, 0.45423716383761376, 0.4732595516432976, 0.4710838061211438, 0.45505531318485737, 0.4461228372208003, 0.46268606041397514, 0.45371037670250597, 0.4455748792609264, 0.45445717973955746, 0.4690115062584137, 0.4442995892484383, 0.4484413306004015, 0.4648098115777147, 0.4480088385271615, 0.46636017272248864, 0.4683839022342501, 0.49102318363970726, 0.458185365359331, 0.45305756896991156, 0.47425943805739795, 0.4592867584834839, 0.45472870497354145, 0.46025648674574393, 0.4712278963034523, 0.4416078092080766, 0.4660806568532154, 0.5019583194677172, 0.4667727989626342, 0.4745733207412835, 0.47412910993243085, 0.4656080634429537, 0.4499107064871952, 0.4683001581579447, 0.48105728350065907, 0.4703272581100464, 0.4570900287864537, 0.4695065175664836, 0.4522394855217687, 0.44721110948714715, 0.4474081826107255, 0.45901650434424135, 0.4716206732495078, 0.4582117451515434, 0.4476040916453148, 0.4647525794290263, 0.4665870667788489, 0.4985183194793504, 0.4573770752337215, 0.46981523898911887, 0.46691304098429354, 0.46186949351224404, 0.5055390511607302, 0.461253987946387, 0.47019748376875087, 0.4797028612730832, 0.47963933364070693, 0.4566935666933142, 0.458874454529121, 0.4750688790247358]
