Enhancer: E23G1
Label: mm_v_all
Padding: True
Batch Size: 256
Learning Rate: 2e-06
Epochs: 1000
Subset: 1.0 (number of training samples: 616)
Weight Decay: 0.01
Optimizer: adam
Coverage: 1
Jiggle: 3
Confusion Matrix: [[0.9404761904761905, 0.05952380952380952], [0.8571428571428571, 0.14285714285714285]]
Unnormalized Confusion Matrix: [[158, 10], [24, 4]]
Number of Epochs: 173
Train Losses: [0.6965702176094055, 0.6980359554290771, 0.6925767660140991, 0.7031474709510803, 0.693483829498291, 0.6936061779657999, 0.6989048918088278, 0.6968227426211039, 0.6940015355745951, 0.6936907370885214, 0.6913523276646932, 0.6931705872217814, 0.6944610277811686, 0.6945123076438904, 0.6936952074368795, 0.6915794809659322, 0.7002036968866984, 0.7007451057434082, 0.6929488380750021, 0.6940594514211019, 0.696522037188212, 0.690123438835144, 0.6944552461306254, 0.6920600334803263, 0.6925209760665894, 0.6944438020388285, 0.693321684996287, 0.6866404414176941, 0.6892481446266174, 0.6941103140513102, 0.6924323439598083, 0.6902783513069153, 0.6918991804122925, 0.6961329181989034, 0.6926321983337402, 0.6888540983200073, 0.6956048806508383, 0.6931468645731608, 0.6879598100980123, 0.6838623483975729, 0.6898397008577982, 0.6914098461469015, 0.6873058279355367, 0.6919872760772705, 0.6859521071116129, 0.6919464071591696, 0.6833488345146179, 0.6912647485733032, 0.6941545009613037, 0.6981982191403707, 0.6912280321121216, 0.6969353556632996, 0.6930534442265829, 0.6895795663197836, 0.6911220153172811, 0.6880396008491516, 0.6895319620768229, 0.6902493834495544, 0.6950443784395853, 0.690090556939443, 0.6915624539057413, 0.6929076115290324, 0.6929704348246256, 0.6930879553159078, 0.6911223729451498, 0.6865885853767395, 0.6895174980163574, 0.6924413045247396, 0.6893155574798584, 0.6899339159329733, 0.6937623421351115, 0.686711311340332, 0.6899288892745972, 0.6928548812866211, 0.686346173286438, 0.6891034841537476, 0.6883765061696371, 0.6889694333076477, 0.6845295627911886, 0.6871813933054606, 0.6883242925008138, 0.6906007726987203, 0.6845593253771464, 0.6859450737635294, 0.6895781755447388, 0.6870440642038981, 0.684549868106842, 0.6879046360651652, 0.6867348154385885, 0.6894131302833557, 0.6839282711346945, 0.6848937074343363, 0.6868911981582642, 0.6889407833417257, 0.6810746987660726, 0.6815804640452067, 0.6895067890485128, 0.6832405726114908, 0.6902386347452799, 0.6882188320159912, 0.6863437294960022, 0.6825008988380432, 0.6892075141270956, 0.684760332107544, 0.6823358138402303, 0.6881204644838969, 0.693055272102356, 0.6865561803181967, 0.6848848462104797, 0.6817765831947327, 0.6849862933158875, 0.6870931386947632, 0.6901941696802775, 0.6901407440503439, 0.6830425063769022, 0.686229387919108, 0.6884831388791403, 0.6887759566307068, 0.6884718934694926, 0.6821200052897135, 0.6794746120770773, 0.6898772120475769, 0.6821236411730448, 0.6813030441602071, 0.6839082439740499, 0.6903717716534933, 0.6825907429059347, 0.6839316487312317, 0.6821051041285197, 0.6827295422554016, 0.6877953807512919, 0.690202534198761, 0.6840459704399109, 0.683927853902181, 0.6842020352681478, 0.6816791296005249, 0.6878165404001871, 0.6770785848299662, 0.6835430860519409, 0.6828290422757467, 0.6865532994270325, 0.677473247051239, 0.6853681206703186, 0.6844580173492432, 0.6855700612068176, 0.6885520219802856, 0.6890843907992045, 0.682080884774526, 0.678862988948822, 0.6820854942003886, 0.6776051918665568, 0.6813787420590719, 0.6922326485315958, 0.681519071261088, 0.676903227965037, 0.6837213834126791, 0.6765591700871786, 0.679600457350413, 0.678012748559316, 0.6781596938769022, 0.6844213803609213, 0.6759992043177286, 0.6823771595954895, 0.6807790398597717, 0.6793148914972941, 0.675640344619751, 0.6825400193532308, 0.67880247036616, 0.6813346743583679, 0.6792147556940714, 0.6763620773951212, 0.6760179797808329, 0.6768269141515096]
Validation Losses: [0.6957854628562927, 0.6928762793540955, 0.698279082775116, 0.6968116164207458, 0.6958904266357422, 0.6920836567878723, 0.6944360136985779, 0.7016839981079102, 0.6926429867744446, 0.6979417204856873, 0.7002779841423035, 0.6947556138038635, 0.6977697014808655, 0.7001398801803589, 0.6962757706642151, 0.6989040970802307, 0.691822350025177, 0.6962491273880005, 0.6942347288131714, 0.7123849391937256, 0.7101491093635559, 0.7065079212188721, 0.7034168243408203, 0.6955503821372986, 0.6969481706619263, 0.6994215250015259, 0.6937784552574158, 0.7173733115196228, 0.7067546248435974, 0.7040262222290039, 0.7025591731071472, 0.7029322385787964, 0.705986738204956, 0.7061743140220642, 0.6978745460510254, 0.7016476392745972, 0.697468638420105, 0.6909515857696533, 0.7060940265655518, 0.7049383521080017, 0.6963594555854797, 0.6999842524528503, 0.7014307975769043, 0.692827582359314, 0.7098042964935303, 0.6993114948272705, 0.6943113207817078, 0.7058548927307129, 0.7021050453186035, 0.6917215585708618, 0.7012969255447388, 0.699540913105011, 0.7046148777008057, 0.6932839155197144, 0.7008023262023926, 0.7038990259170532, 0.6953016519546509, 0.7026521563529968, 0.7058985233306885, 0.7117347121238708, 0.7090557217597961, 0.7052168846130371, 0.7051486372947693, 0.6996757388114929, 0.7047745585441589, 0.6957947015762329, 0.7016869783401489, 0.694832980632782, 0.7049809098243713, 0.7159647345542908, 0.6984467506408691, 0.7137451767921448, 0.6873626708984375, 0.6942453384399414, 0.6916698217391968, 0.7077233195304871, 0.6935035586357117, 0.6938861608505249, 0.6988962292671204, 0.6890879273414612, 0.7037512063980103, 0.694898784160614, 0.7210450768470764, 0.7020286321640015, 0.7109191417694092, 0.6967803835868835, 0.709232747554779, 0.7031570672988892, 0.703521192073822, 0.7095752954483032, 0.7087736129760742, 0.7028710246086121, 0.6929426789283752, 0.7029954791069031, 0.7137009501457214, 0.6962347030639648, 0.6992139220237732, 0.7044483423233032, 0.6937817931175232, 0.7139263153076172, 0.7066280245780945, 0.7129555344581604, 0.7047241926193237, 0.7148272395133972, 0.7069833278656006, 0.6976674795150757, 0.700251042842865, 0.7014968991279602, 0.7041267156600952, 0.7023403644561768, 0.7032181024551392, 0.7071558833122253, 0.7018097043037415, 0.7063418626785278, 0.7035496830940247, 0.717982828617096, 0.7094433307647705, 0.7062150835990906, 0.7046482563018799, 0.7006980776786804, 0.7006002068519592, 0.7124884128570557, 0.6976215839385986, 0.705636203289032, 0.7055082321166992, 0.6987913250923157, 0.7074761390686035, 0.7046543955802917, 0.7036120891571045, 0.7150015830993652, 0.7179456353187561, 0.7024075388908386, 0.7081632614135742, 0.7065634727478027, 0.7086110711097717, 0.7168534398078918, 0.7113739252090454, 0.7009771466255188, 0.7054311037063599, 0.7062391042709351, 0.7001813054084778, 0.7088624238967896, 0.7229276895523071, 0.7053824067115784, 0.7101210951805115, 0.7125560641288757, 0.7135854363441467, 0.7152940630912781, 0.707084059715271, 0.6995349526405334, 0.7239731550216675, 0.699535071849823, 0.7172048091888428, 0.708403468132019, 0.7145822644233704, 0.7147877812385559, 0.7130983471870422, 0.7110709547996521, 0.7143214344978333, 0.704939067363739, 0.7144104242324829, 0.7038188576698303, 0.7071537971496582, 0.7069332003593445, 0.715887725353241, 0.7162042260169983, 0.7100616097450256, 0.7032134532928467, 0.7038029432296753, 0.7171053290367126, 0.7023599147796631, 0.719231367111206, 0.7119802236557007]
