Enhancer: E22P3B4
Label: mm_v_all
Padding: True
Batch Size: 256
Learning Rate: 2e-06
Epochs: 1000
Subset: 1.0 (number of training samples: 462644)
Weight Decay: 0.01
Optimizer: adam
Coverage: 1
Jiggle: 3
Confusion Matrix: [[0.8311538074640378, 0.16884619253596217], [0.38915618060695784, 0.6108438193930422]]
Unnormalized Confusion Matrix: [[115675, 23499], [2103, 3301]]
Number of Epochs: 144
Train Losses: [0.6932378977669024, 0.6926643617978666, 0.6920563439484191, 0.6912518060576599, 0.6898725702699307, 0.6883675958796412, 0.6867970574680156, 0.6853703147674028, 0.6839783630144279, 0.6815038131203799, 0.6782591066661134, 0.6742334602219341, 0.6685488471283322, 0.6606236752287477, 0.6513663714965888, 0.6403858987367259, 0.6303653363962617, 0.6190726573422419, 0.6081860361835071, 0.5974138005249268, 0.5866635832770736, 0.5763294101091085, 0.5671493592218751, 0.5570093963657861, 0.548631188632772, 0.5397583415517501, 0.5306350995118903, 0.5230752470350899, 0.5157803567043976, 0.5084900912227093, 0.5010092078122945, 0.4937731353153961, 0.4872120896074097, 0.4824182194847185, 0.47678916138160016, 0.47152908246931247, 0.4662948999784689, 0.45932510460570325, 0.45521757308294813, 0.4502229829673218, 0.4477885654443397, 0.44298338804361037, 0.43908888963669274, 0.43397282678798765, 0.43153987505135283, 0.42476905338400234, 0.4247043185034948, 0.4204284227824053, 0.41704700323464594, 0.41314821119988915, 0.41041531178078294, 0.4071532924189768, 0.4042504151739114, 0.40161068615528334, 0.39875037041781225, 0.3961867148270913, 0.39424709215826165, 0.3905660295776561, 0.3883146786716132, 0.3851423966739557, 0.38359596126968354, 0.38233702659475066, 0.37984478289047174, 0.378411554756154, 0.3757417354304179, 0.37163944718782355, 0.37262137103990645, 0.37035559445817384, 0.3684413769010422, 0.3665094535336294, 0.36376374603900236, 0.36194085385815233, 0.36099873623291473, 0.3598367211664409, 0.35607627952323023, 0.35562629466134626, 0.35346549483988665, 0.35384180083607153, 0.3511355071765395, 0.34863162950604365, 0.34795289527855616, 0.3463739548702683, 0.3464795479105901, 0.3455457299848837, 0.34377944635936114, 0.34210848134934113, 0.34194489148140483, 0.3400086748158246, 0.33911490428005964, 0.338563924226745, 0.3362788569050289, 0.3343181682964869, 0.3345278749918252, 0.3338327490502095, 0.3326349731749006, 0.3324460657395884, 0.3310214044377867, 0.3290654901761265, 0.32881714705278914, 0.32889322691753636, 0.3270006213930592, 0.3268071621227845, 0.3261913150977508, 0.3246944642469155, 0.3253402587240644, 0.3225978569630369, 0.3228687614334368, 0.3219314378694491, 0.3225073489253368, 0.3206478196270434, 0.3212605164987983, 0.31965948459980764, 0.31954811269466854, 0.31919647781260774, 0.3183486196583351, 0.31745310368395485, 0.31613973053419486, 0.31646703745741234, 0.31500369779337034, 0.3158150745918397, 0.31647892100159575, 0.31418136171007577, 0.31413144692448913, 0.3140768210889887, 0.31317678842264995, 0.31435797909950525, 0.31136935547126077, 0.3132066310721293, 0.3119113360803607, 0.3119578118378346, 0.3113581087621572, 0.3112414286644981, 0.311264914509931, 0.31115581356483485, 0.3107927902725286, 0.31054958583276093, 0.30965919291551136, 0.30787682393153687, 0.3093871529898153, 0.3089347741591324, 0.3087574193188179, 0.3080911309318205, 0.30850156337286516, 0.3083593322672939]
Validation Losses: [0.6928729846150474, 0.692461647291099, 0.6919208143928409, 0.6912205649160705, 0.6902166587852798, 0.6895382095754674, 0.6885456019534474, 0.6877369371663152, 0.6861906825704912, 0.6845411465758771, 0.6817728993112007, 0.6773321007469059, 0.6725699945097476, 0.6644191086556004, 0.6569231776273357, 0.6482807830371687, 0.6406794971069404, 0.6329074272539763, 0.6238728760354286, 0.620682813293111, 0.6132039889297655, 0.6076530100761262, 0.600476838977991, 0.5967607387399252, 0.5915557827174136, 0.5871108416962413, 0.5849639108750673, 0.5791071516222659, 0.5803735572679908, 0.575419961746815, 0.5806375652287914, 0.5727000437610972, 0.5711658002264732, 0.5690228817737208, 0.5651921362212274, 0.5688769235811403, 0.5679367172111452, 0.5694021043260541, 0.56962355707599, 0.5767849116726259, 0.567751337732889, 0.5766741490997045, 0.5650376423665907, 0.5630874072687816, 0.5738823516047107, 0.5821415015817744, 0.5729846426211627, 0.5750171718871699, 0.5802778248897696, 0.570703870625095, 0.5958344522962528, 0.5823050967491834, 0.584286851758978, 0.5834572334337024, 0.5885975156473903, 0.5824131409151364, 0.5789336684794553, 0.5828279509349207, 0.5896880493491097, 0.5885433130691536, 0.5859461285635433, 0.5897770671717888, 0.595350625768172, 0.6208140995782033, 0.5951594902878314, 0.6105091810490177, 0.6076304583554775, 0.5958721327175082, 0.5938137482225367, 0.6179357256773299, 0.6191128396091208, 0.6030023576675263, 0.6012741711023635, 0.6173583651538443, 0.5932154027102268, 0.6200255884797172, 0.651312807426516, 0.6154983681255737, 0.6147309090052031, 0.6065581314991005, 0.6366197215640439, 0.6577155553134142, 0.6206684394088466, 0.6480510865824413, 0.6627857394318665, 0.645244493223397, 0.619260474446073, 0.6602284694667411, 0.6430620940781273, 0.6533945426344872, 0.638978110543922, 0.6505717311417107, 0.6552830243532637, 0.631606923136036, 0.6398817422115697, 0.6723549624459934, 0.6553006344928151, 0.6285506951070465, 0.6280693266771536, 0.6537949781106637, 0.647246874539198, 0.6325861567680815, 0.652008486136926, 0.7009217694269873, 0.6464910983907438, 0.6684536171697937, 0.6624108730296118, 0.6754977232323284, 0.7059541295851226, 0.6420338562632029, 0.6636633683094936, 0.7077186290932967, 0.6420934782487101, 0.6810231069020466, 0.6690337564961045, 0.6738455095122345, 0.6639814203423736, 0.7313239495311163, 0.6698159524033555, 0.6925756675479686, 0.6926090755557592, 0.6551570382002181, 0.6848145269055282, 0.6820556208886931, 0.6742131381699469, 0.6756374899924329, 0.6711933350404807, 0.6799209895914635, 0.6977356540418305, 0.6853330988535838, 0.6460737173931789, 0.6589146365238502, 0.7091954556186643, 0.6769827861437755, 0.7176308910139894, 0.6760906991177955, 0.6842364001590594, 0.7088010741018616, 0.6928058389936929, 0.6811629227173012, 0.6626580513815964, 0.6801017736439157, 0.6778520178214639, 0.6809427056428605]
