Enhancer: E22P1G5
Label: mm_v_all
Padding: True
Batch Size: 256
Learning Rate: 2e-06
Epochs: 1000
Subset: 1.0 (number of training samples: 350)
Weight Decay: 0.01
Optimizer: adam
Coverage: 1
Jiggle: 3
Confusion Matrix: [[1.0]]
Unnormalized Confusion Matrix: [[112]]
Number of Epochs: 1000
Train Losses: [0.6193490028381348, 0.6195060908794403, 0.619314581155777, 0.6205248236656189, 0.6177896559238434, 0.6159185171127319, 0.616622120141983, 0.6171615421772003, 0.6147821247577667, 0.6150173246860504, 0.6171901226043701, 0.6148107945919037, 0.61207315325737, 0.6159820258617401, 0.6119770705699921, 0.6123983263969421, 0.6133273839950562, 0.6109344065189362, 0.6115844249725342, 0.6119990944862366, 0.6099144518375397, 0.6087610423564911, 0.6087922751903534, 0.6085961163043976, 0.6079159080982208, 0.60687455534935, 0.6090841591358185, 0.6081894934177399, 0.6082285046577454, 0.6063370108604431, 0.6051906645298004, 0.6030232012271881, 0.6038632690906525, 0.6051552593708038, 0.6045181453227997, 0.6028003990650177, 0.6015551388263702, 0.6019128859043121, 0.6013059318065643, 0.6009177267551422, 0.6018583178520203, 0.6003530621528625, 0.6006693840026855, 0.5984313189983368, 0.5994700789451599, 0.5988529622554779, 0.5962236821651459, 0.5970707833766937, 0.5974308550357819, 0.5980682075023651, 0.5953035652637482, 0.5957368016242981, 0.5946686863899231, 0.5943885147571564, 0.5936400890350342, 0.5910314321517944, 0.591564804315567, 0.5935939848423004, 0.5928791165351868, 0.5903750658035278, 0.5881741642951965, 0.5916820764541626, 0.590238094329834, 0.5886067748069763, 0.5915172398090363, 0.5893790125846863, 0.586692750453949, 0.5881579518318176, 0.586765706539154, 0.5869134068489075, 0.5867185294628143, 0.5866189002990723, 0.5855801701545715, 0.5824180841445923, 0.5854863226413727, 0.5837114453315735, 0.5830968916416168, 0.5835936367511749, 0.5831763744354248, 0.5825060904026031, 0.581885039806366, 0.5808868110179901, 0.5792441070079803, 0.5789465308189392, 0.579807460308075, 0.5802211761474609, 0.5790483951568604, 0.5782640278339386, 0.5800597369670868, 0.5775273144245148, 0.5763373970985413, 0.5761926472187042, 0.575357586145401, 0.576949954032898, 0.5748566687107086, 0.5753846764564514, 0.5727332830429077, 0.5729069709777832, 0.5716025531291962, 0.5720995962619781, 0.5720316469669342, 0.5740481615066528, 0.5694624185562134, 0.5718744099140167, 0.5706284046173096, 0.5716424286365509, 0.5675091743469238, 0.5690157413482666, 0.56916344165802, 0.5665118098258972, 0.5665887594223022, 0.5668325424194336, 0.5664729475975037, 0.5665500462055206, 0.5666947364807129, 0.5657123923301697, 0.5646308362483978, 0.5639427602291107, 0.5642809569835663, 0.5642671287059784, 0.562452644109726, 0.5631134510040283, 0.5629249215126038, 0.5623093247413635, 0.5620818436145782, 0.5621350109577179, 0.5609045028686523, 0.5595274269580841, 0.5595196783542633, 0.5592084527015686, 0.5580260455608368, 0.557780921459198, 0.5572107136249542, 0.5559122264385223, 0.555109977722168, 0.5535655915737152, 0.5553723275661469, 0.5532868206501007, 0.5541320145130157, 0.5546177327632904, 0.5540517568588257, 0.5541071593761444, 0.5534250736236572, 0.5529820621013641, 0.5535208284854889, 0.5520429313182831, 0.5521263480186462, 0.5507006943225861, 0.5514801740646362, 0.5510376989841461, 0.5484686493873596, 0.5502182841300964, 0.548848956823349, 0.547407478094101, 0.5485917031764984, 0.5492124259471893, 0.5479976236820221, 0.5472913086414337, 0.5466228425502777, 0.5448125302791595, 0.5426500737667084, 0.5441672503948212, 0.5452107489109039, 0.5442339479923248, 0.5431731045246124, 0.543178141117096, 0.543723076581955, 0.540860652923584, 0.5421238243579865, 0.5400332808494568, 0.539388120174408, 0.538460373878479, 0.53978231549263, 0.5390475392341614, 0.5377728343009949, 0.5370101928710938, 0.5372127890586853, 0.5376535654067993, 0.5364523828029633, 0.5363506376743317, 0.5355435907840729, 0.5352534651756287, 0.5337267816066742, 0.5354468822479248, 0.5317702293395996, 0.5328587889671326, 0.5325259566307068, 0.5324614644050598, 0.5301716923713684, 0.5327394902706146, 0.5305703282356262, 0.5299189984798431, 0.5303398072719574, 0.5289880931377411, 0.5318167209625244, 0.5268422365188599, 0.5286337733268738, 0.5273899734020233, 0.5268291532993317, 0.5277854204177856, 0.5281219184398651, 0.5276893973350525, 0.524806559085846, 0.5269396007061005, 0.5245377719402313, 0.524296224117279, 0.5233080387115479, 0.524485319852829, 0.5225884914398193, 0.5216630101203918, 0.5227494239807129, 0.5219291150569916, 0.5215648710727692, 0.5205091834068298, 0.5213238894939423, 0.5191418528556824, 0.520406037569046, 0.5194143056869507, 0.5183563828468323, 0.515291154384613, 0.5173727571964264, 0.5169883072376251, 0.5158235728740692, 0.5148026943206787, 0.5155905187129974, 0.5157426595687866, 0.5139093101024628, 0.5153247117996216, 0.5154562890529633, 0.513472318649292, 0.5146833658218384, 0.5113998055458069, 0.5132265388965607, 0.5115974247455597, 0.513286679983139, 0.5116178691387177, 0.5101342797279358, 0.5108134746551514, 0.5096356570720673, 0.5111110508441925, 0.5080410838127136, 0.5076228678226471, 0.5071828067302704, 0.5085372030735016, 0.5066881477832794, 0.5062656402587891, 0.5042498409748077, 0.50648233294487, 0.5047912895679474, 0.5020676851272583, 0.5049875676631927, 0.503001481294632, 0.5037496984004974, 0.5020460784435272, 0.5018195509910583, 0.5038448572158813, 0.5024158656597137, 0.5011945813894272, 0.5011424422264099, 0.499419167637825, 0.5012497007846832, 0.497925341129303, 0.49841737747192383, 0.4987102150917053, 0.4972929507493973, 0.49546492099761963, 0.49961449205875397, 0.49563317000865936, 0.4953327178955078, 0.49546779692173004, 0.49629993736743927, 0.49738872051239014, 0.4929463565349579, 0.4919397532939911, 0.4925260543823242, 0.49286597967147827, 0.4911803901195526, 0.4927876889705658, 0.49249352514743805, 0.49154527485370636, 0.4888360947370529, 0.48992908000946045, 0.4893055111169815, 0.4892478287220001, 0.48813337087631226, 0.4886401742696762, 0.48973581194877625, 0.4864744693040848, 0.4870743751525879, 0.48627470433712006, 0.485788956284523, 0.48493240773677826, 0.4837943911552429, 0.4853958338499069, 0.48319011926651, 0.4841817170381546, 0.48711326718330383, 0.48299209773540497, 0.48158931732177734, 0.48165877163410187, 0.4818534106016159, 0.48164473474025726, 0.4830647259950638, 0.4824194014072418, 0.4799318462610245, 0.4801914244890213, 0.47824761271476746, 0.4804373234510422, 0.4788775146007538, 0.47928886115550995, 0.4775944650173187, 0.47700388729572296, 0.4772965908050537, 0.4768272787332535, 0.4770817756652832, 0.4768936336040497, 0.4730409234762192, 0.4741607755422592, 0.47475366294384, 0.4733467698097229, 0.4716022461652756, 0.4721677452325821, 0.4718024581670761, 0.4729712903499603, 0.4719746261835098, 0.47166384756565094, 0.4704727679491043, 0.4691426604986191, 0.4715581685304642, 0.46891629695892334, 0.47044382989406586, 0.46672922372817993, 0.46640849113464355, 0.4668468087911606, 0.4669155180454254, 0.46695464849472046, 0.4650971293449402, 0.4672372490167618, 0.4656468778848648, 0.46658946573734283, 0.46456481516361237, 0.4632929861545563, 0.4625360816717148, 0.4622254967689514, 0.4618115574121475, 0.462197482585907, 0.46290741860866547, 0.4622669368982315, 0.4609317481517792, 0.46148325502872467, 0.46104246377944946, 0.4603670835494995, 0.45719923079013824, 0.4579533487558365, 0.4582487642765045, 0.4592377543449402, 0.45965445041656494, 0.45840001106262207, 0.4576493799686432, 0.4580904692411423, 0.4545798748731613, 0.45591188967227936, 0.4547252207994461, 0.4542400985956192, 0.4543554484844208, 0.45504528284072876, 0.4538622945547104, 0.453334242105484, 0.4541887193918228, 0.4532102048397064, 0.45228536427021027, 0.4505542665719986, 0.45177438855171204, 0.45285747945308685, 0.451485738158226, 0.45184218883514404, 0.45003320276737213, 0.44979389011859894, 0.44874224066734314, 0.44827771186828613, 0.4473709613084793, 0.44716426730155945, 0.4471914768218994, 0.44660529494285583, 0.4442494958639145, 0.4447294920682907, 0.4454577565193176, 0.4436608999967575, 0.44571004807949066, 0.4442225694656372, 0.4419977217912674, 0.4427356570959091, 0.4405706822872162, 0.4443714916706085, 0.44149574637413025, 0.4415172338485718, 0.44115690886974335, 0.4404059499502182, 0.4405326247215271, 0.4390004277229309, 0.4402738958597183, 0.4381722956895828, 0.4386940896511078, 0.4366426020860672, 0.43822503089904785, 0.43600377440452576, 0.4365444779396057, 0.4356246590614319, 0.43693557381629944, 0.4359707534313202, 0.43509484827518463, 0.434204638004303, 0.4341821074485779, 0.4340960681438446, 0.4340045154094696, 0.43310752511024475, 0.4332694709300995, 0.43178775906562805, 0.4323031008243561, 0.43156009912490845, 0.43210121989250183, 0.4298005849123001, 0.43190059065818787, 0.43003489077091217, 0.4275207817554474, 0.4284525364637375, 0.431313619017601, 0.4272253066301346, 0.4273836612701416, 0.4294256418943405, 0.42907243967056274, 0.4243854582309723, 0.42711713910102844, 0.4277042895555496, 0.42555369436740875, 0.4238709360361099, 0.4252762794494629, 0.4245973825454712, 0.4243094474077225, 0.42272767424583435, 0.42208467423915863, 0.42357417941093445, 0.4219929873943329, 0.4239385426044464, 0.4216281473636627, 0.4199785888195038, 0.42020662128925323, 0.4202525168657303, 0.42002734541893005, 0.4206675738096237, 0.4189509004354477, 0.41839858889579773, 0.42067281901836395, 0.41829290986061096, 0.42002858221530914, 0.4161694496870041, 0.41731248795986176, 0.41708090901374817, 0.4164069592952728, 0.41448546946048737, 0.41586339473724365, 0.4165385663509369, 0.41479675471782684, 0.41431596875190735, 0.4136558920145035, 0.41576579213142395, 0.4126138836145401, 0.4133087694644928, 0.4125059098005295, 0.41285082697868347, 0.41148239374160767, 0.4117752015590668, 0.4097830802202225, 0.41066060960292816, 0.4107130616903305, 0.40837495028972626, 0.4103911519050598, 0.40896598994731903, 0.40932370722293854, 0.4067463129758835, 0.40703749656677246, 0.40800976753234863, 0.4074209928512573, 0.40710532665252686, 0.4061151444911957, 0.40504564344882965, 0.4035830795764923, 0.40480273962020874, 0.40548042953014374, 0.40316207706928253, 0.4050970524549484, 0.40307123959064484, 0.40308788418769836, 0.4026302099227905, 0.4045327454805374, 0.4021376669406891, 0.4022645503282547, 0.40169966220855713, 0.40009573101997375, 0.3990508168935776, 0.3992439806461334, 0.40057194232940674, 0.39912934601306915, 0.3995569348335266, 0.3997579514980316, 0.39817774295806885, 0.3995749354362488, 0.39839334785938263, 0.39774060249328613, 0.39732834696769714, 0.39616158604621887, 0.39724503457546234, 0.39543285965919495, 0.3968050479888916, 0.39363710582256317, 0.3927013874053955, 0.3936751186847687, 0.3927345275878906, 0.3933393210172653, 0.3931899219751358, 0.39241693913936615, 0.3922575116157532, 0.3939976990222931, 0.39122046530246735, 0.39031246304512024, 0.39096035063266754, 0.38991646468639374, 0.39024588465690613, 0.39033904671669006, 0.38988685607910156, 0.39024126529693604, 0.38919147849082947, 0.389054536819458, 0.3882855623960495, 0.38773636519908905, 0.38672517240047455, 0.3880639672279358, 0.38780148327350616, 0.38562412559986115, 0.38520100712776184, 0.38451574742794037, 0.38388705253601074, 0.38340893387794495, 0.3848950266838074, 0.3839607983827591, 0.3843972980976105, 0.38268956542015076, 0.38298429548740387, 0.38311976194381714, 0.3815404623746872, 0.38185596466064453, 0.3810351490974426, 0.380867063999176, 0.3814929872751236, 0.38174842298030853, 0.3799498379230499, 0.38089846074581146, 0.3801596909761429, 0.38047970831394196, 0.3771744817495346, 0.3785446435213089, 0.3792526125907898, 0.3775777667760849, 0.37658141553401947, 0.3761954605579376, 0.37579798698425293, 0.37547682225704193, 0.37419310212135315, 0.3763831555843353, 0.37561197578907013, 0.374900683760643, 0.37333859503269196, 0.3740452229976654, 0.3751893639564514, 0.3742566704750061, 0.37467263638973236, 0.3740025609731674, 0.3723217397928238, 0.37248505651950836, 0.3712521642446518, 0.3709520250558853, 0.37089352309703827, 0.3707740306854248, 0.37121519446372986, 0.3710039108991623, 0.36974485218524933, 0.369442343711853, 0.368945449590683, 0.36662863194942474, 0.3702682554721832, 0.3678598701953888, 0.3679988831281662, 0.3674682676792145, 0.3658425360918045, 0.36856018006801605, 0.3673187345266342, 0.36847901344299316, 0.3624364286661148, 0.36508119106292725, 0.36519573628902435, 0.3665735721588135, 0.36217358708381653, 0.36246635019779205, 0.362406849861145, 0.3644489198923111, 0.3619832694530487, 0.3650502413511276, 0.3626619577407837, 0.36218082904815674, 0.36092324554920197, 0.36012642085552216, 0.3608386069536209, 0.3592853993177414, 0.36075395345687866, 0.3592607229948044, 0.3598482459783554, 0.35935792326927185, 0.3569524735212326, 0.35923337936401367, 0.35800737142562866, 0.3589675724506378, 0.35677166283130646, 0.3601702004671097, 0.35872015357017517, 0.3560165762901306, 0.35562631487846375, 0.3553876727819443, 0.35447975993156433, 0.35355086624622345, 0.35518084466457367, 0.35435372591018677, 0.3548472672700882, 0.35533665120601654, 0.35445623099803925, 0.35249562561511993, 0.3534345477819443, 0.35245877504348755, 0.352877601981163, 0.3532339483499527, 0.35193826258182526, 0.3527436703443527, 0.3508359342813492, 0.35146279633045197, 0.3493426591157913, 0.34939444065093994, 0.3517407923936844, 0.34852711856365204, 0.3505530208349228, 0.34838855266571045, 0.3481435924768448, 0.34987984597682953, 0.34587007761001587, 0.34966498613357544, 0.3484021723270416, 0.34994882345199585, 0.3455328047275543, 0.3458442986011505, 0.34536103904247284, 0.34578055143356323, 0.3440943658351898, 0.3438725769519806, 0.3435564935207367, 0.3450802266597748, 0.34424082934856415, 0.3438060134649277, 0.34424372017383575, 0.34425440430641174, 0.3423202484846115, 0.34220439195632935, 0.3442020118236542, 0.3398406505584717, 0.3409726172685623, 0.3398234099149704, 0.33993133902549744, 0.34078551828861237, 0.3404831141233444, 0.3401076942682266, 0.3399326056241989, 0.3400634825229645, 0.33744050562381744, 0.3387758433818817, 0.33852651715278625, 0.3383115828037262, 0.33863814175128937, 0.33785486221313477, 0.3366570621728897, 0.33778052031993866, 0.334913432598114, 0.3368878662586212, 0.33610109984874725, 0.3369978070259094, 0.3349210172891617, 0.3343640863895416, 0.33341626822948456, 0.3334777057170868, 0.33315953612327576, 0.3330882489681244, 0.3326391577720642, 0.33264414966106415, 0.3316482752561569, 0.33275917172431946, 0.33318565785884857, 0.3323516696691513, 0.3324282765388489, 0.3315138518810272, 0.33084285259246826, 0.331268310546875, 0.3301241397857666, 0.32904307544231415, 0.3291935473680496, 0.327463835477829, 0.3298775851726532, 0.32976534962654114, 0.32953692972660065, 0.32870790362358093, 0.3289773315191269, 0.3266972303390503, 0.32765257358551025, 0.3261251896619797, 0.3260119557380676, 0.328225240111351, 0.3264697194099426, 0.32668454945087433, 0.32616764307022095, 0.3248109519481659, 0.3249627649784088, 0.32534900307655334, 0.3240383565425873, 0.32448507845401764, 0.3255070447921753, 0.3249617964029312, 0.3242586553096771, 0.32284095883369446, 0.3236439675092697, 0.3234586864709854, 0.3215015381574631, 0.3213745802640915, 0.3216555267572403, 0.32004593312740326, 0.32114632427692413, 0.32152019441127777, 0.3196304738521576, 0.3209194242954254, 0.3203319162130356, 0.31865236163139343, 0.3201741725206375, 0.31932638585567474, 0.3192649483680725, 0.31784866750240326, 0.31852632761001587, 0.3178296685218811, 0.3165154308080673, 0.3174930810928345, 0.3164123147726059, 0.31690558791160583, 0.3167579472064972, 0.3149551749229431, 0.3164968192577362, 0.31463518738746643, 0.31504881381988525, 0.31470856070518494, 0.3174181580543518, 0.31335635483264923, 0.31414006650447845, 0.3134682774543762, 0.31495608389377594, 0.31453123688697815, 0.31240078806877136, 0.3116622865200043, 0.31394168734550476, 0.31295329332351685, 0.3117074817419052, 0.311287060379982, 0.3126015216112137, 0.3120693564414978, 0.31140610575675964, 0.30970367789268494, 0.3086014688014984, 0.3091137856245041, 0.31111888587474823, 0.309660866856575, 0.3074056953191757, 0.3085230588912964, 0.30974480509757996, 0.30917680263519287, 0.30792243778705597, 0.30785565078258514, 0.30833886563777924, 0.3077653795480728, 0.30524399876594543, 0.3059553802013397, 0.307264119386673, 0.30764807760715485, 0.30598168075084686, 0.303783118724823, 0.3055409789085388, 0.30504532158374786, 0.3051294982433319, 0.3051197677850723, 0.3056378811597824, 0.30554963648319244, 0.30365411937236786, 0.30346745252609253, 0.30241042375564575, 0.3016584813594818, 0.3005986958742142, 0.30098481476306915, 0.299966037273407, 0.3036818504333496, 0.30007290840148926, 0.3019431084394455, 0.3012055456638336, 0.3018452972173691, 0.29835957288742065, 0.3007141947746277, 0.2997937351465225, 0.299036905169487, 0.2984698414802551, 0.29932378232479095, 0.2989791929721832, 0.2995986193418503, 0.2967941164970398, 0.2962394654750824, 0.2981821894645691, 0.2980373799800873, 0.2983933389186859, 0.2947317808866501, 0.296655535697937, 0.2947283983230591, 0.29567523300647736, 0.2956278771162033, 0.2948727607727051, 0.2940295487642288, 0.2955469936132431, 0.2965572774410248, 0.2963823527097702, 0.2947692722082138, 0.29250696301460266, 0.29329559206962585, 0.2939470261335373, 0.2930718660354614, 0.2927441895008087, 0.29304075241088867, 0.2925771176815033, 0.2904351055622101, 0.2914389669895172, 0.29122164845466614, 0.29072490334510803, 0.2916925698518753, 0.28836385905742645, 0.29066963493824005, 0.28873544931411743, 0.2890114337205887, 0.2902505695819855, 0.29091571271419525, 0.2894715964794159, 0.28746746480464935, 0.28903235495090485, 0.2879902422428131, 0.28781262040138245, 0.2888278365135193, 0.2866886705160141, 0.28687548637390137, 0.2880041152238846, 0.28611135482788086, 0.2852958142757416, 0.28750546276569366, 0.28621235489845276, 0.2859404683113098, 0.28565604984760284, 0.2877383977174759, 0.2849758416414261, 0.2859400659799576, 0.2847839444875717, 0.2832908183336258, 0.28443557024002075, 0.2834665924310684, 0.2840863764286041, 0.28128305077552795, 0.283655509352684, 0.28275537490844727, 0.2826390117406845, 0.2832944542169571, 0.2816302925348282, 0.2829301655292511, 0.28229494392871857, 0.2806603014469147, 0.28003689646720886, 0.2808081656694412, 0.2814105600118637, 0.27949339151382446, 0.2802906334400177, 0.2807328701019287, 0.27919770777225494, 0.2789475917816162, 0.27951304614543915, 0.2791757583618164, 0.27861660718917847, 0.27861686050891876, 0.27903924882411957, 0.2781897783279419, 0.27882979810237885, 0.278164878487587, 0.2794624865055084, 0.27623945474624634, 0.27650831639766693, 0.27612464129924774, 0.27594922482967377, 0.2744966596364975, 0.27354878187179565, 0.27585192024707794, 0.2741525173187256, 0.27349333465099335, 0.2740633934736252, 0.2748723030090332, 0.2747347801923752, 0.2738463580608368, 0.2728857845067978, 0.27322135865688324, 0.2738294005393982, 0.2731907069683075, 0.2735734283924103, 0.2718557119369507, 0.27164068818092346, 0.27242356538772583, 0.27032269537448883, 0.2722921818494797, 0.2707943469285965, 0.2704380303621292, 0.27153901755809784, 0.2713623195886612, 0.2708745747804642, 0.27010710537433624, 0.26869121193885803, 0.270291805267334, 0.26943376660346985, 0.2687108814716339, 0.26930250227451324, 0.2685275226831436, 0.26971955597400665, 0.2681957930326462, 0.2670452296733856, 0.26750636100769043, 0.26753371953964233, 0.26757726073265076, 0.26598598062992096, 0.2678320109844208, 0.2677129805088043, 0.2670394629240036, 0.2669459581375122, 0.2660263031721115, 0.26536738872528076, 0.2655085474252701, 0.26603665947914124, 0.2644476145505905, 0.26478293538093567, 0.2636158615350723, 0.2657199800014496, 0.2638826072216034, 0.2644476294517517, 0.26296214759349823, 0.2639192044734955, 0.2617344409227371, 0.2634169012308121, 0.2621125280857086, 0.2643638402223587, 0.26178328692913055, 0.2640894949436188, 0.26355060935020447, 0.26277290284633636, 0.2624334990978241, 0.26237162947654724, 0.2615947276353836, 0.2623155564069748, 0.26083946228027344, 0.2613338530063629, 0.25964488089084625, 0.25953878462314606, 0.2595188766717911, 0.2609250694513321, 0.2582506984472275, 0.2569630742073059, 0.25884515047073364, 0.2588059902191162, 0.25935404002666473, 0.2591477781534195, 0.25709550082683563, 0.2573041170835495, 0.2573804706335068, 0.2578551024198532, 0.2573646456003189, 0.2574118971824646, 0.2558278292417526, 0.2578665316104889, 0.25641822814941406, 0.25565728545188904, 0.2561831921339035, 0.2562807500362396, 0.2549981623888016, 0.25553420186042786]
Validation Losses: [0.6629630327224731, 0.6615082025527954, 0.6606388092041016, 0.6591407656669617, 0.6573157906532288, 0.6554785966873169, 0.6522681713104248, 0.6483872532844543, 0.6454688310623169, 0.6434443593025208, 0.6412259936332703, 0.6393784284591675, 0.6377403736114502, 0.6353530287742615, 0.6328436732292175, 0.629608690738678, 0.6267690062522888, 0.6235057711601257, 0.6214888691902161, 0.6198360323905945, 0.6177856922149658, 0.6182563304901123, 0.6175071001052856, 0.6172182559967041, 0.6168684959411621, 0.6156027913093567, 0.6150066256523132, 0.6149322986602783, 0.6132869124412537, 0.6115473508834839, 0.6105360388755798, 0.6093940734863281, 0.6088982820510864, 0.6080412268638611, 0.6070846915245056, 0.6058627367019653, 0.6050860285758972, 0.6046465039253235, 0.6039437651634216, 0.6043521761894226, 0.6033111810684204, 0.6029707789421082, 0.6020203232765198, 0.6018391847610474, 0.6010369062423706, 0.6008005142211914, 0.600162923336029, 0.5999940633773804, 0.5993611812591553, 0.5986221432685852, 0.5979710221290588, 0.5977009534835815, 0.5972821116447449, 0.5970079898834229, 0.5957387685775757, 0.5952812433242798, 0.594786524772644, 0.5945907831192017, 0.5944799780845642, 0.5936641097068787, 0.5934596657752991, 0.5925577282905579, 0.592810869216919, 0.5920256972312927, 0.591550350189209, 0.5907975435256958, 0.5906773209571838, 0.5903207063674927, 0.5896653532981873, 0.5886511206626892, 0.58885258436203, 0.5880478024482727, 0.5874291062355042, 0.5863526463508606, 0.5870038866996765, 0.5859776139259338, 0.5858495831489563, 0.5860193371772766, 0.5848844647407532, 0.5847985744476318, 0.5838777422904968, 0.5833086967468262, 0.583878219127655, 0.5828001499176025, 0.5821297764778137, 0.5813363790512085, 0.5815238952636719, 0.5809924006462097, 0.5801997780799866, 0.5795976519584656, 0.5793071985244751, 0.579862654209137, 0.578035831451416, 0.577815592288971, 0.5778383016586304, 0.5775840282440186, 0.5767424702644348, 0.576319694519043, 0.5758520364761353, 0.5754291415214539, 0.5751976370811462, 0.5747905373573303, 0.5737709999084473, 0.5727978348731995, 0.5736821293830872, 0.5720692276954651, 0.5724023580551147, 0.572276771068573, 0.5716955065727234, 0.5718581676483154, 0.570241391658783, 0.5696814656257629, 0.5693381428718567, 0.5688427090644836, 0.5684998035430908, 0.5685226321220398, 0.5681547522544861, 0.5666431188583374, 0.5678399205207825, 0.5669827461242676, 0.5656331181526184, 0.565730094909668, 0.5653885006904602, 0.5643413662910461, 0.5644158124923706, 0.5638726353645325, 0.5641061067581177, 0.5639370083808899, 0.5631895065307617, 0.5620200634002686, 0.5613322854042053, 0.5604367852210999, 0.5601382851600647, 0.5604931712150574, 0.5593776702880859, 0.5594491958618164, 0.5583109855651855, 0.5575144290924072, 0.5571796298027039, 0.5578153729438782, 0.5566383004188538, 0.5567941665649414, 0.5569906234741211, 0.5553659200668335, 0.5554920434951782, 0.5547084808349609, 0.5540777444839478, 0.5536098480224609, 0.5536695718765259, 0.5529879927635193, 0.5522318482398987, 0.5522512793540955, 0.5513857007026672, 0.5513760447502136, 0.5506004095077515, 0.5498731136322021, 0.5498430132865906, 0.5482630729675293, 0.5486701726913452, 0.5478547811508179, 0.5484742522239685, 0.5476144552230835, 0.5466374754905701, 0.5469005107879639, 0.5450635552406311, 0.5454661250114441, 0.5447739362716675, 0.5437339544296265, 0.5439471006393433, 0.5437366366386414, 0.5435717105865479, 0.542635977268219, 0.5420961380004883, 0.5422554016113281, 0.541477620601654, 0.5408217310905457, 0.5407489538192749, 0.5395135283470154, 0.5395445227622986, 0.5398780107498169, 0.5386735200881958, 0.5395671129226685, 0.5375267267227173, 0.5374329090118408, 0.5369913578033447, 0.5357110500335693, 0.5357688665390015, 0.5354894399642944, 0.535250186920166, 0.5342965126037598, 0.5329902768135071, 0.5331878662109375, 0.5334529876708984, 0.5323187708854675, 0.5324227213859558, 0.5309849381446838, 0.5305947065353394, 0.5306012630462646, 0.5309851765632629, 0.5294151902198792, 0.5288578867912292, 0.5291833877563477, 0.528107225894928, 0.5271101593971252, 0.5274293422698975, 0.5270883440971375, 0.5269716382026672, 0.5257750153541565, 0.5255656838417053, 0.5253901481628418, 0.5247591733932495, 0.5244453549385071, 0.5243203043937683, 0.5222691297531128, 0.5227463245391846, 0.5217857360839844, 0.521733283996582, 0.5215245485305786, 0.5203956365585327, 0.5196526646614075, 0.5194739699363708, 0.5197833776473999, 0.5187264680862427, 0.5179741382598877, 0.5170949101448059, 0.5182011723518372, 0.5171383023262024, 0.5167086124420166, 0.5147433280944824, 0.5152777433395386, 0.5161081552505493, 0.5145160555839539, 0.5147019028663635, 0.5122501254081726, 0.5134758353233337, 0.5127039551734924, 0.5118756294250488, 0.5127395987510681, 0.510988712310791, 0.5114156007766724, 0.5106462240219116, 0.5096314549446106, 0.5087134838104248, 0.5087352395057678, 0.5079489946365356, 0.5078889727592468, 0.5075245499610901, 0.5074213147163391, 0.5061334371566772, 0.506087601184845, 0.505721926689148, 0.5051334500312805, 0.5050565600395203, 0.5046520233154297, 0.5035578012466431, 0.5034286975860596, 0.5032612085342407, 0.503490686416626, 0.5025575160980225, 0.5008503794670105, 0.5006858110427856, 0.49932509660720825, 0.4996628165245056, 0.49919062852859497, 0.4987889528274536, 0.4992592930793762, 0.49845150113105774, 0.49736568331718445, 0.49777108430862427, 0.4967897832393646, 0.49599072337150574, 0.49635693430900574, 0.49512234330177307, 0.49487724900245667, 0.49418121576309204, 0.4942379295825958, 0.49384865164756775, 0.49310076236724854, 0.4926353096961975, 0.49210718274116516, 0.49178266525268555, 0.49160611629486084, 0.48981913924217224, 0.4898166060447693, 0.48969319462776184, 0.48917126655578613, 0.4878769814968109, 0.4873560965061188, 0.4877270758152008, 0.48787614703178406, 0.48597022891044617, 0.48631539940834045, 0.48560184240341187, 0.48497647047042847, 0.48518556356430054, 0.4843454658985138, 0.4834657609462738, 0.48353999853134155, 0.4843870997428894, 0.4827966094017029, 0.48291486501693726, 0.48178932070732117, 0.48423877358436584, 0.48118364810943604, 0.4801166355609894, 0.479530930519104, 0.47924739122390747, 0.47902002930641174, 0.47896984219551086, 0.47775864601135254, 0.47767892479896545, 0.477495402097702, 0.47628697752952576, 0.47590333223342896, 0.4760741889476776, 0.4743528366088867, 0.47432446479797363, 0.47440120577812195, 0.475154846906662, 0.47344523668289185, 0.4732067883014679, 0.47271889448165894, 0.4715380072593689, 0.4715415835380554, 0.4709378778934479, 0.4704964756965637, 0.4709216356277466, 0.4699839651584625, 0.4696967303752899, 0.4689237177371979, 0.4688066840171814, 0.4680992364883423, 0.46806076169013977, 0.46657195687294006, 0.46716973185539246, 0.4650495946407318, 0.46595603227615356, 0.464796781539917, 0.46491333842277527, 0.4646342396736145, 0.46357598900794983, 0.46337589621543884, 0.46319061517715454, 0.462785929441452, 0.462337464094162, 0.4609718322753906, 0.46095800399780273, 0.45987409353256226, 0.4593494236469269, 0.46016764640808105, 0.45929980278015137, 0.45892050862312317, 0.458259254693985, 0.4578467309474945, 0.45754384994506836, 0.4569191634654999, 0.45595794916152954, 0.4564579725265503, 0.45662540197372437, 0.4550509750843048, 0.45540761947631836, 0.45487523078918457, 0.45343610644340515, 0.4528408348560333, 0.45237112045288086, 0.4521985352039337, 0.4522264301776886, 0.4514610767364502, 0.45206931233406067, 0.45026588439941406, 0.4507320523262024, 0.4502255916595459, 0.44930151104927063, 0.44959646463394165, 0.44779983162879944, 0.44790118932724, 0.4489647150039673, 0.4478982388973236, 0.44708251953125, 0.4461020231246948, 0.44503918290138245, 0.445777952671051, 0.44483715295791626, 0.4448186159133911, 0.4447057545185089, 0.44201067090034485, 0.4433234930038452, 0.4427362084388733, 0.44258251786231995, 0.4418672025203705, 0.4411085546016693, 0.44220492243766785, 0.44078508019447327, 0.43977126479148865, 0.4395267367362976, 0.43882015347480774, 0.43815237283706665, 0.43799158930778503, 0.4385650157928467, 0.4387115240097046, 0.43851175904273987, 0.436360627412796, 0.43689343333244324, 0.43541061878204346, 0.4344874620437622, 0.4351893663406372, 0.4358125627040863, 0.4343627393245697, 0.43474236130714417, 0.43386298418045044, 0.4333174228668213, 0.4333057701587677, 0.4316455125808716, 0.4319323003292084, 0.43168875575065613, 0.43076545000076294, 0.43074628710746765, 0.43051421642303467, 0.4297458529472351, 0.4296727180480957, 0.42827847599983215, 0.42821890115737915, 0.42809733748435974, 0.428977906703949, 0.4268367886543274, 0.4275798797607422, 0.425800085067749, 0.42544615268707275, 0.42654722929000854, 0.42468392848968506, 0.42435455322265625, 0.4252157211303711, 0.424450546503067, 0.42332351207733154, 0.422877699136734, 0.4233132004737854, 0.4222375452518463, 0.4213103652000427, 0.4225427806377411, 0.4221126139163971, 0.4198484420776367, 0.4204513728618622, 0.4200955927371979, 0.41951051354408264, 0.41862940788269043, 0.4176482558250427, 0.4169321656227112, 0.4179907739162445, 0.41834864020347595, 0.4170435965061188, 0.41595232486724854, 0.4169211983680725, 0.41492632031440735, 0.41491758823394775, 0.41484326124191284, 0.41511937975883484, 0.4142491817474365, 0.4137471616268158, 0.4136050045490265, 0.4134473502635956, 0.4129844903945923, 0.4116537272930145, 0.4125203788280487, 0.410905659198761, 0.4105277955532074, 0.4106515944004059, 0.4093701243400574, 0.40938934683799744, 0.40982627868652344, 0.40803226828575134, 0.4083770513534546, 0.40881314873695374, 0.40811848640441895, 0.40754663944244385, 0.4069139361381531, 0.4064077138900757, 0.4049683213233948, 0.4048680067062378, 0.40449848771095276, 0.4039095938205719, 0.4045693278312683, 0.40492063760757446, 0.4042953848838806, 0.4033121168613434, 0.4034031629562378, 0.40239885449409485, 0.4021831154823303, 0.4018426537513733, 0.4008799195289612, 0.40118443965911865, 0.39902380108833313, 0.3996037542819977, 0.3993341624736786, 0.3994497060775757, 0.39923617243766785, 0.39891019463539124, 0.3978918790817261, 0.398533433675766, 0.39868658781051636, 0.39680078625679016, 0.39625442028045654, 0.39525559544563293, 0.3956226110458374, 0.39505788683891296, 0.3948686718940735, 0.39507827162742615, 0.3941701650619507, 0.3932538330554962, 0.39291778206825256, 0.39246201515197754, 0.39126747846603394, 0.3918972611427307, 0.3917052745819092, 0.3919333219528198, 0.39065393805503845, 0.3910326361656189, 0.3903624713420868, 0.38921037316322327, 0.389940470457077, 0.3892699182033539, 0.38880065083503723, 0.3880419433116913, 0.3871907889842987, 0.38773593306541443, 0.3866282105445862, 0.3868555426597595, 0.38667070865631104, 0.3861367404460907, 0.3872728645801544, 0.38587337732315063, 0.38545629382133484, 0.3856523334980011, 0.3846617639064789, 0.3850805461406708, 0.3847334682941437, 0.3834792971611023, 0.3830789625644684, 0.38370174169540405, 0.38346806168556213, 0.38211503624916077, 0.3818209767341614, 0.38117173314094543, 0.38129720091819763, 0.3814023435115814, 0.38058507442474365, 0.3801279664039612, 0.38077637553215027, 0.37763676047325134, 0.3792998492717743, 0.3780217170715332, 0.37792885303497314, 0.37801846861839294, 0.37873196601867676, 0.3768690526485443, 0.37681126594543457, 0.3759447932243347, 0.3767111599445343, 0.3753489553928375, 0.3759918212890625, 0.3753450810909271, 0.3738129138946533, 0.3740803599357605, 0.3734267055988312, 0.37332257628440857, 0.3737034201622009, 0.3736371099948883, 0.37187322974205017, 0.37304219603538513, 0.37148794531822205, 0.37173745036125183, 0.37135982513427734, 0.3697408437728882, 0.37027648091316223, 0.36935845017433167, 0.3694446384906769, 0.3694353997707367, 0.36845630407333374, 0.3692626953125, 0.36795708537101746, 0.3674912452697754, 0.36644914746284485, 0.3666766881942749, 0.36609330773353577, 0.3669707775115967, 0.3670117259025574, 0.3662174940109253, 0.36478981375694275, 0.36481863260269165, 0.3648976981639862, 0.3633614480495453, 0.36366400122642517, 0.3620852530002594, 0.36355751752853394, 0.36362484097480774, 0.36253002285957336, 0.36065900325775146, 0.3620125949382782, 0.36149483919143677, 0.3610227108001709, 0.3604952394962311, 0.36076438426971436, 0.3610150218009949, 0.35981425642967224, 0.3596658408641815, 0.3594481945037842, 0.3588017225265503, 0.3589588403701782, 0.35893669724464417, 0.3571509122848511, 0.35807347297668457, 0.3568362295627594, 0.3567637503147125, 0.35728514194488525, 0.35608431696891785, 0.35546934604644775, 0.35531026124954224, 0.3555305600166321, 0.35487550497055054, 0.35467106103897095, 0.3542384207248688, 0.3543524444103241, 0.3537655472755432, 0.3544861674308777, 0.35292497277259827, 0.3532777428627014, 0.3509275019168854, 0.3524221181869507, 0.3523280620574951, 0.35129109025001526, 0.35076674818992615, 0.35018548369407654, 0.3502218425273895, 0.35018712282180786, 0.34940946102142334, 0.3502521812915802, 0.34867385029792786, 0.3480004072189331, 0.34887582063674927, 0.34690043330192566, 0.34782329201698303, 0.34736257791519165, 0.3473033905029297, 0.3470765948295593, 0.34694012999534607, 0.34637388586997986, 0.3452109396457672, 0.3446826636791229, 0.34530574083328247, 0.3452162444591522, 0.3450770974159241, 0.3444422483444214, 0.3436967730522156, 0.34400832653045654, 0.34337860345840454, 0.34247222542762756, 0.34221282601356506, 0.3422457277774811, 0.34196731448173523, 0.34102731943130493, 0.3415781557559967, 0.34092167019844055, 0.3415054380893707, 0.34110286831855774, 0.34038275480270386, 0.3413114547729492, 0.3392564356327057, 0.33908694982528687, 0.3384911119937897, 0.337566077709198, 0.33787283301353455, 0.33788207173347473, 0.33660459518432617, 0.3362354636192322, 0.3363882601261139, 0.33603471517562866, 0.33698076009750366, 0.33589258790016174, 0.33487668633461, 0.33455121517181396, 0.3354993760585785, 0.33498093485832214, 0.33530479669570923, 0.33403700590133667, 0.33382174372673035, 0.332588791847229, 0.33305659890174866, 0.3317694365978241, 0.33162933588027954, 0.3326665461063385, 0.3319064676761627, 0.3323831558227539, 0.33095431327819824, 0.33078745007514954, 0.33005189895629883, 0.33090025186538696, 0.33012834191322327, 0.32866406440734863, 0.32905077934265137, 0.3291715681552887, 0.3278103470802307, 0.32926464080810547, 0.3280833661556244, 0.32828661799430847, 0.3277018368244171, 0.3263166844844818, 0.3269389867782593, 0.32610395550727844, 0.3270455598831177, 0.326966255903244, 0.32415199279785156, 0.3253159523010254, 0.32435372471809387, 0.3248855471611023, 0.32416993379592896, 0.3248465359210968, 0.32373660802841187, 0.32247626781463623, 0.32336148619651794, 0.32273781299591064, 0.32242530584335327, 0.3230917453765869, 0.3230571150779724, 0.3213850259780884, 0.32254716753959656, 0.3208576738834381, 0.3201031982898712, 0.32062000036239624, 0.3210851848125458, 0.3199459910392761, 0.3195323348045349, 0.31964147090911865, 0.31988295912742615, 0.31865620613098145, 0.3179608881473541, 0.3185847997665405, 0.31821751594543457, 0.31799831986427307, 0.3164141774177551, 0.3169519305229187, 0.31553348898887634, 0.3156929612159729, 0.3165682256221771, 0.31555959582328796, 0.31540194153785706, 0.31457066535949707, 0.3142150640487671, 0.3145669400691986, 0.31553012132644653, 0.3139180839061737, 0.31361013650894165, 0.3129329979419708, 0.3135020136833191, 0.3138251006603241, 0.3128927946090698, 0.3106365501880646, 0.3114964962005615, 0.3117971420288086, 0.3115220367908478, 0.3107629716396332, 0.31033408641815186, 0.3103826940059662, 0.3091578185558319, 0.3092069923877716, 0.31028077006340027, 0.308620810508728, 0.3081960380077362, 0.3083643615245819, 0.3091714084148407, 0.30792173743247986, 0.30886104702949524, 0.3072143793106079, 0.3074522614479065, 0.30718794465065, 0.30603015422821045, 0.30582380294799805, 0.30658677220344543, 0.30587533116340637, 0.30589279532432556, 0.3051633834838867, 0.30588290095329285, 0.3044240474700928, 0.30440419912338257, 0.3041094243526459, 0.30373600125312805, 0.30351266264915466, 0.30325186252593994, 0.3033331632614136, 0.3029986023902893, 0.30188021063804626, 0.3019801080226898, 0.30216410756111145, 0.30190134048461914, 0.3022715151309967, 0.30181315541267395, 0.3008747696876526, 0.30030128359794617, 0.29979610443115234, 0.30018529295921326, 0.2999340295791626, 0.2991582155227661, 0.2984597980976105, 0.29869595170021057, 0.2979716360569, 0.2985711395740509, 0.2974548935890198, 0.298406720161438, 0.2958066463470459, 0.29718244075775146, 0.29710298776626587, 0.2968812882900238, 0.29644691944122314, 0.29528433084487915, 0.2965969443321228, 0.2948806583881378, 0.2959993779659271, 0.29451727867126465, 0.2952237129211426, 0.2952640652656555, 0.29384830594062805, 0.2943398654460907, 0.2934679687023163, 0.2930329442024231, 0.2931278944015503, 0.2938668131828308, 0.292598694562912, 0.29244464635849, 0.2918313145637512, 0.29219555854797363, 0.2915244698524475, 0.291364848613739, 0.29046371579170227, 0.2907869815826416, 0.2909933626651764, 0.29026347398757935, 0.28978413343429565, 0.2887864112854004, 0.2896461486816406, 0.29057788848876953, 0.2888820469379425, 0.28888943791389465, 0.2888798117637634, 0.28818026185035706, 0.28785577416419983, 0.28808820247650146, 0.28696364164352417, 0.2873741686344147, 0.2881203293800354, 0.28659284114837646, 0.28622308373451233, 0.2863674759864807, 0.2853069603443146, 0.28502750396728516, 0.28576305508613586, 0.2842591404914856, 0.2854505479335785, 0.2833435833454132, 0.2850077748298645, 0.2852168083190918, 0.28291115164756775, 0.2836308777332306, 0.28250718116760254, 0.2829955220222473, 0.2832411229610443, 0.2820444703102112, 0.28185272216796875, 0.28161683678627014, 0.2819902300834656, 0.2807847857475281, 0.2817186415195465, 0.2815040051937103, 0.28157854080200195, 0.2798992991447449, 0.2794802486896515, 0.27963152527809143, 0.2806660830974579, 0.2806756794452667, 0.27972611784935, 0.27901098132133484, 0.27935996651649475, 0.27910444140434265, 0.27908506989479065, 0.27748847007751465, 0.2780858278274536, 0.27703678607940674, 0.27767810225486755, 0.27752918004989624, 0.2765004336833954, 0.2761380076408386, 0.2762308716773987, 0.27560487389564514, 0.2752426266670227, 0.27497467398643494, 0.2755114436149597, 0.27441611886024475, 0.27527108788490295, 0.27464744448661804, 0.2742781639099121, 0.2751982510089874, 0.2748875617980957, 0.2742578983306885, 0.27321603894233704, 0.2731565237045288, 0.27404919266700745, 0.2725812494754791, 0.2722313404083252, 0.2716811001300812, 0.27144086360931396, 0.2719931900501251, 0.2718057930469513, 0.27041611075401306, 0.27102944254875183, 0.27106451988220215, 0.27104219794273376, 0.27094587683677673, 0.2709461748600006, 0.26971015334129333, 0.26999160647392273, 0.2691524624824524, 0.26832103729248047, 0.269204318523407, 0.26817435026168823, 0.26724186539649963, 0.26779696345329285, 0.26689764857292175, 0.2676246464252472, 0.2669106125831604, 0.26703840494155884, 0.2678719162940979, 0.26635539531707764, 0.26656943559646606, 0.26632389426231384, 0.2660699188709259, 0.2667815387248993, 0.2656216025352478, 0.26591959595680237, 0.2650774419307709, 0.26399433612823486, 0.2652520537376404, 0.2644191384315491, 0.26387909054756165, 0.26371458172798157, 0.26509889960289, 0.2640048861503601, 0.26349109411239624, 0.26223820447921753, 0.2624852955341339, 0.2618183195590973, 0.2620105743408203, 0.26179882884025574, 0.2621365189552307, 0.2621082365512848, 0.2612121105194092, 0.25975367426872253, 0.26041367650032043, 0.26025474071502686, 0.25968217849731445, 0.2605798542499542, 0.25936442613601685, 0.2604624032974243, 0.2586873173713684, 0.2590774893760681, 0.25922298431396484, 0.25910791754722595, 0.2583991587162018, 0.25832048058509827, 0.25808772444725037, 0.25718921422958374, 0.25737687945365906, 0.2578890025615692, 0.25717583298683167, 0.25793224573135376, 0.256224662065506, 0.25679904222488403, 0.25663453340530396, 0.25670933723449707, 0.25574836134910583, 0.25539934635162354, 0.2557471990585327, 0.25555118918418884, 0.25460314750671387, 0.254507452249527, 0.2545488774776459, 0.25478270649909973, 0.2537902891635895, 0.2533148229122162, 0.25379931926727295, 0.25287336111068726, 0.25399652123451233, 0.25372830033302307, 0.2525580823421478, 0.25268983840942383, 0.2515929937362671, 0.2520548403263092, 0.25222742557525635, 0.25255534052848816, 0.25059014558792114, 0.25121933221817017, 0.25169920921325684, 0.25107479095458984, 0.25078243017196655]
