Enhancer: E22P1E6
Label: mm_v_all
Padding: True
Batch Size: 256
Learning Rate: 2e-06
Epochs: 1000
Subset: 1.0 (number of training samples: 8029)
Weight Decay: 0.01
Optimizer: adam
Coverage: 1
Jiggle: 3
Confusion Matrix: [[0.8907563025210085, 0.1092436974789916], [0.47619047619047616, 0.5238095238095238]]
Unnormalized Confusion Matrix: [[1696, 208], [290, 319]]
Number of Epochs: 784
Train Losses: [0.6931602880358696, 0.6928963400423527, 0.6926342137157917, 0.6926394570618868, 0.6930344607681036, 0.6928578559309244, 0.693176381289959, 0.6928698029369116, 0.6932405605912209, 0.6928018536418676, 0.6926961988210678, 0.6925683468580246, 0.6929456628859043, 0.6924809273332357, 0.6923814937472343, 0.6929674576967955, 0.6927453968673944, 0.692050913348794, 0.69263069704175, 0.6927963197231293, 0.6928693652153015, 0.6924023907631636, 0.6923416517674923, 0.6925258804112673, 0.6923017110675573, 0.6923710871487856, 0.6923486515879631, 0.6926684901118279, 0.6924646440893412, 0.6924888025969267, 0.6916225254535675, 0.6920126061886549, 0.6923180557787418, 0.692198658362031, 0.6924972124397755, 0.692070085555315, 0.6921067032963037, 0.6922675967216492, 0.6914967410266399, 0.6917532738298178, 0.6916356813162565, 0.6918051708489656, 0.6917493715882301, 0.6920949202030897, 0.6922581233084202, 0.6917607057839632, 0.6916200425475836, 0.6916749719530344, 0.6916495952755213, 0.6918564736843109, 0.6919252034276724, 0.6916285455226898, 0.6915211081504822, 0.6912936735898256, 0.6915343105792999, 0.6912717204540968, 0.6916394233703613, 0.6913150269538164, 0.6913531720638275, 0.6909664738923311, 0.6913966350257397, 0.6913920231163502, 0.6916788015514612, 0.6912676747888327, 0.6909550223499537, 0.6912540700286627, 0.691395903006196, 0.6909357700496912, 0.6909028198570013, 0.6908096373081207, 0.691372487694025, 0.6912867706269026, 0.6907932870090008, 0.6905990093946457, 0.6904094237834215, 0.6905140392482281, 0.6904346887022257, 0.6905294880270958, 0.6906333789229393, 0.6909721437841654, 0.6905392128974199, 0.6903228797018528, 0.6905875876545906, 0.6906795799732208, 0.6908251754939556, 0.6907209027558565, 0.6907988302409649, 0.6903294622898102, 0.6902177929878235, 0.6909503191709518, 0.6905029620975256, 0.6902156695723534, 0.6903563793748617, 0.6906871441751719, 0.6902552954852581, 0.6902892906218767, 0.691050760447979, 0.6899391524493694, 0.6897511854767799, 0.6898715700954199, 0.6900943610817194, 0.6899107433855534, 0.6897208355367184, 0.6896941103041172, 0.6898930110037327, 0.6894342452287674, 0.6895714402198792, 0.689331566914916, 0.6897176504135132, 0.6898678168654442, 0.689496660605073, 0.6889273691922426, 0.689112102612853, 0.6897443700581789, 0.6894064787775278, 0.6897196564823389, 0.6898020338267088, 0.6888087801635265, 0.6892684269696474, 0.689349977299571, 0.688936335965991, 0.6886357516050339, 0.689458692446351, 0.6889160443097353, 0.6888543982058764, 0.6886705793440342, 0.6884420551359653, 0.6889287326484919, 0.688923167064786, 0.6888846512883902, 0.6881217490881681, 0.6890121810138226, 0.6887254063040018, 0.6885130982846022, 0.688098855316639, 0.6882327776402235, 0.6887577064335346, 0.6882384587079287, 0.6886329688131809, 0.688754403963685, 0.687797125428915, 0.6882635168731213, 0.6881508752703667, 0.6881483774632215, 0.6880365163087845, 0.6876450087875128, 0.6872524376958609, 0.6879602912813425, 0.68746467679739, 0.6872742976993322, 0.687479306012392, 0.6865937747061253, 0.6876418329775333, 0.6870666276663542, 0.687008386477828, 0.6874619517475367, 0.6869636625051498, 0.6869913972914219, 0.6869211420416832, 0.6863355468958616, 0.6865633819252253, 0.68700304441154, 0.6861975360661745, 0.6872543226927519, 0.686636732891202, 0.6862968783825636, 0.6860713455826044, 0.6865441128611565, 0.6854657288640738, 0.6856361329555511, 0.6865878757089376, 0.6849570199847221, 0.6856898218393326, 0.6853213775902987, 0.6847816705703735, 0.6848598569631577, 0.6854131761938334, 0.6851435825228691, 0.6849465686827898, 0.6853295248001814, 0.6839726828038692, 0.6843693871051073, 0.6849177945405245, 0.6851090639829636, 0.6840917952358723, 0.6841739360243082, 0.6837675217539072, 0.684145288541913, 0.6840498261153698, 0.6840417310595512, 0.6840139720588923, 0.6833389457315207, 0.6833892595022917, 0.6834345832467079, 0.6827601548284292, 0.6823336370289326, 0.6835745200514793, 0.6821914948523045, 0.6823898013681173, 0.6826568637043238, 0.682425094768405, 0.6826580613851547, 0.6823497395962477, 0.6818985883146524, 0.6809234190732241, 0.6813724264502525, 0.6809147335588932, 0.6815666444599628, 0.6810498628765345, 0.6799565646797419, 0.6811661925166845, 0.6812188029289246, 0.6805992443114519, 0.6799644287675619, 0.6807849388569593, 0.6790707241743803, 0.6806670166552067, 0.6797919552773237, 0.6787783801555634, 0.6787095163017511, 0.6788708679378033, 0.6785823088139296, 0.6778697855770588, 0.6781052015721798, 0.677583385258913, 0.6780224107205868, 0.6761464849114418, 0.6773627232760191, 0.6764630731195211, 0.6771945338696241, 0.6768083889037371, 0.675818894058466, 0.676218792796135, 0.6753848511725664, 0.6754254307597876, 0.6746897120028734, 0.6740418933331966, 0.6740183737128973, 0.6734546180814505, 0.675025736913085, 0.6736266892403364, 0.6736908927559853, 0.6733420491218567, 0.672567505389452, 0.6724366098642349, 0.6714109256863594, 0.6711089126765728, 0.669784190133214, 0.6697797700762749, 0.6706991214305162, 0.6690033059567213, 0.6680169906467199, 0.669526930898428, 0.6668395325541496, 0.6670800503343344, 0.6685286518186331, 0.6670044530183077, 0.667853232473135, 0.66580362431705, 0.665608474984765, 0.664413794875145, 0.6655347179621458, 0.6636592466384172, 0.6640137005597353, 0.6636927556246519, 0.6616929266601801, 0.6629342902451754, 0.6610625740140676, 0.6611785069108009, 0.6603641081601381, 0.6600514743477106, 0.6610891781747341, 0.6604379415512085, 0.6584587972611189, 0.6587797086685896, 0.6566773131489754, 0.6588434390723705, 0.6556557267904282, 0.6550013832747936, 0.654520720243454, 0.6554715130478144, 0.6552160829305649, 0.6534282490611076, 0.6503623109310865, 0.6513831838965416, 0.6504489909857512, 0.6509483549743891, 0.6489191297441721, 0.6490675918757915, 0.6479528546333313, 0.6475198697298765, 0.6467994283884764, 0.6476291548460722, 0.6460053082555532, 0.6481192521750927, 0.6440639477223158, 0.6447937339544296, 0.6446360591799021, 0.6441211048513651, 0.6448018252849579, 0.6407760940492153, 0.6377277784049511, 0.6417511980980635, 0.6417258493602276, 0.6398775279521942, 0.6363307889550924, 0.638324499130249, 0.6365489885210991, 0.6386656817048788, 0.6383888702839613, 0.6374219581484795, 0.6343417000025511, 0.6338490545749664, 0.6343555618077517, 0.6352055668830872, 0.6326112542301416, 0.6289686542004347, 0.6292787306010723, 0.6322041545063257, 0.6305021401494741, 0.6300581190735102, 0.6277470290660858, 0.6262347120791674, 0.6265359241515398, 0.6273615285754204, 0.6276680920273066, 0.6246133130043745, 0.6275092102587223, 0.6238565128296614, 0.6234769187867641, 0.6240297164767981, 0.6247902754694223, 0.6230193972587585, 0.6234075091779232, 0.619537677615881, 0.6241580825299025, 0.6203471813350916, 0.6205126158893108, 0.6184285506606102, 0.6169030293822289, 0.6190978102385998, 0.6165557689964771, 0.6156370285898447, 0.6170589085668325, 0.6153305619955063, 0.6115429829806089, 0.6099342182278633, 0.6094602700322866, 0.6118515394628048, 0.6090940535068512, 0.6126103308051825, 0.6083021778613329, 0.6075186599045992, 0.6110963299870491, 0.6069101914763451, 0.6093386877328157, 0.6033942569047213, 0.6078627333045006, 0.6032057739794254, 0.604903731495142, 0.6037112176418304, 0.603454515337944, 0.6067822854965925, 0.600636214017868, 0.6025921069085598, 0.6002591606229544, 0.5995097141712904, 0.6005768030881882, 0.600614856928587, 0.5977184101939201, 0.5991682037711143, 0.5960082188248634, 0.596944160759449, 0.5898832716047764, 0.5932861119508743, 0.5910748913884163, 0.5893875248730183, 0.5901570618152618, 0.590383755043149, 0.587484784424305, 0.5882002376019955, 0.5847055017948151, 0.5861395839601755, 0.5890455059707165, 0.5824901666492224, 0.5852082818746567, 0.5817259270697832, 0.584837106987834, 0.5778549592941999, 0.5808628462255001, 0.577134171500802, 0.5794968064874411, 0.5797723103314638, 0.578260300680995, 0.5766093097627163, 0.5785649456083775, 0.5768622551113367, 0.5762465093284845, 0.566463939845562, 0.5697403252124786, 0.5684776734560728, 0.5711165871471167, 0.5700238849967718, 0.5678063128143549, 0.5661291237920523, 0.5667230244725943, 0.5667634382843971, 0.5662473626434803, 0.5667739100754261, 0.564869673922658, 0.5587313510477543, 0.5637081917375326, 0.5623104739934206, 0.5614405013620853, 0.5613261759281158, 0.5512597113847733, 0.5617296136915684, 0.5570468157529831, 0.5575945116579533, 0.5566464718431234, 0.5586122665554285, 0.5515253655612469, 0.5549704898148775, 0.5535172149538994, 0.5500384606420994, 0.5500383395701647, 0.5480789598077536, 0.5516476817429066, 0.551614573225379, 0.5507908798754215, 0.5453250911086798, 0.5457002408802509, 0.5479825772345066, 0.5471987556666136, 0.5439500994980335, 0.5458441339433193, 0.5429756827652454, 0.5431317575275898, 0.5401220116764307, 0.539734834805131, 0.5376573968678713, 0.5398377943783998, 0.5391143579035997, 0.5381780788302422, 0.5336712561547756, 0.533166466280818, 0.5400141626596451, 0.5358567405492067, 0.5324002206325531, 0.5357633586972952, 0.5337389372289181, 0.5347412191331387, 0.5247849281877279, 0.5277082705870271, 0.5302137713879347, 0.5295174773782492, 0.5284412112087011, 0.5258757136762142, 0.5216390313580632, 0.5219897925853729, 0.5252557992935181, 0.5193725451827049, 0.5234609488397837, 0.5255439896136522, 0.5243366044014692, 0.5188828278332949, 0.5215664766728878, 0.521790542639792, 0.5184991965070367, 0.5200746282935143, 0.5185486041009426, 0.5171468770131469, 0.5172738246619701, 0.5099045764654875, 0.5127976359799504, 0.5083287917077541, 0.5139161692932248, 0.5109763601794839, 0.5072185778990388, 0.508528302423656, 0.505745199508965, 0.5089864525943995, 0.5081925513222814, 0.5077627310529351, 0.5064609237015247, 0.50085524097085, 0.5047758873552084, 0.5056735370308161, 0.5009876238182187, 0.5002471460029483, 0.4986625211313367, 0.5026704957708716, 0.5008281012997031, 0.49415034893900156, 0.4976065829396248, 0.4924226077273488, 0.49775687977671623, 0.49843415431678295, 0.4898510240018368, 0.49487407971173525, 0.49301541969180107, 0.49265784211456776, 0.4892620351165533, 0.48713736422359943, 0.48491107020527124, 0.4886539978906512, 0.48496539797633886, 0.48469962272793055, 0.48674408718943596, 0.4886146718636155, 0.4815500704571605, 0.48617379181087017, 0.48076559975743294, 0.48280547745525837, 0.4820858230814338, 0.4767985735088587, 0.4781620241701603, 0.4773368714377284, 0.4749738499522209, 0.47700448147952557, 0.4777779495343566, 0.4793811608105898, 0.47052255272865295, 0.47065508645027876, 0.47161086555570364, 0.47339143697172403, 0.46634241100400686, 0.4668512409552932, 0.4686636934056878, 0.46849852055311203, 0.4638009946793318, 0.46477575320750475, 0.4675001632422209, 0.46688769944012165, 0.4656536150723696, 0.4607511730864644, 0.45760904625058174, 0.4594838311895728, 0.45834020897746086, 0.46187527384608984, 0.4551953263580799, 0.4566223993897438, 0.453667426481843, 0.45578446332365274, 0.45532449427992105, 0.44709434174001217, 0.45530715212225914, 0.45380853302776814, 0.4501431817188859, 0.4542079335078597, 0.44601987209171057, 0.44995713513344526, 0.44898792263120413, 0.4472231948748231, 0.44745013769716024, 0.4422212913632393, 0.4377717301249504, 0.4452543128281832, 0.4401555676013231, 0.4424475524574518, 0.4405489144846797, 0.4404890611767769, 0.4356500515714288, 0.43698808923363686, 0.43284428119659424, 0.4338682107627392, 0.435801618732512, 0.43174234218895435, 0.4337826957926154, 0.43232573941349983, 0.42764539923518896, 0.43122674990445375, 0.4318489246070385, 0.4321711650118232, 0.43123109731823206, 0.4273210484534502, 0.42574581038206816, 0.42466743756085634, 0.42496858816593885, 0.42249901313334703, 0.42236492689698935, 0.4247866328805685, 0.42036622669547796, 0.42296754475682974, 0.42098694015294313, 0.41671091224998236, 0.41357767302542925, 0.41896237153559923, 0.4131707642227411, 0.41680281329900026, 0.4129601279273629, 0.4157733991742134, 0.4126908518373966, 0.4053603457286954, 0.4093763493001461, 0.40938522573560476, 0.4066179692745209, 0.40763700660318136, 0.4072547126561403, 0.4096829164773226, 0.4043487161397934, 0.403900527395308, 0.4023004621267319, 0.40222940873354673, 0.39950148947536945, 0.3996975990012288, 0.3968265037983656, 0.3969832807779312, 0.3934582583606243, 0.40127803664654493, 0.3964604465290904, 0.3965507037937641, 0.39390100724995136, 0.3963521886616945, 0.3903265995904803, 0.3931761896237731, 0.3860242869704962, 0.39031124766916037, 0.3914504926651716, 0.3839807715266943, 0.38412666507065296, 0.38664097245782614, 0.38812441285699606, 0.38170372135937214, 0.38153816666454077, 0.383013553917408, 0.37702969275414944, 0.3851814344525337, 0.3790386924520135, 0.3816206241026521, 0.3800640618428588, 0.3755524754524231, 0.3782739145681262, 0.37508996296674013, 0.37701418343931437, 0.3770348131656647, 0.37161844223737717, 0.3659197138622403, 0.3657472971826792, 0.3678699443116784, 0.3668572185561061, 0.3642948530614376, 0.36728264577686787, 0.3660515658557415, 0.3663657894358039, 0.3652600599452853, 0.36375583708286285, 0.3646638933569193, 0.3650771342217922, 0.362603678368032, 0.358382279984653, 0.3607124509289861, 0.35842492897063494, 0.3571399301290512, 0.3554620277136564, 0.3566342620179057, 0.3554367804899812, 0.35048721730709076, 0.3527848683297634, 0.3547230865806341, 0.35478310473263264, 0.3539961213245988, 0.3464793050661683, 0.3479425488039851, 0.3530965866521001, 0.3494938435032964, 0.3507561692968011, 0.3458380922675133, 0.3464066619053483, 0.34372979775071144, 0.34079894609749317, 0.33924707770347595, 0.34043734427541494, 0.3391700480133295, 0.3386972052976489, 0.3435465758666396, 0.34044810850173235, 0.34006447717547417, 0.3372747851535678, 0.3344935132190585, 0.33096307422965765, 0.33593664411455393, 0.3362065553665161, 0.3344812486320734, 0.32970688957720995, 0.33595009334385395, 0.3285952527076006, 0.3263062573969364, 0.3272177688777447, 0.3302774764597416, 0.3301785197108984, 0.32350277714431286, 0.3278542272746563, 0.32582639902830124, 0.32573140878230333, 0.3263704450801015, 0.321225518360734, 0.31986114010214806, 0.3200940890237689, 0.3199808271601796, 0.31662392988801, 0.31712030712515116, 0.3155774502083659, 0.3131592283025384, 0.31854990404099226, 0.3128661438822746, 0.30981807224452496, 0.31089257914572954, 0.30850801803171635, 0.30788153037428856, 0.3145263697952032, 0.31435501389205456, 0.3103743698447943, 0.3133168248459697, 0.30719327460974455, 0.30927904695272446, 0.3059334708377719, 0.30719332583248615, 0.3044008081778884, 0.3083409760147333, 0.3086323654279113, 0.30450701899826527, 0.30286251474171877, 0.3011088948696852, 0.300626577809453, 0.30279080104082823, 0.30376286059617996, 0.30642952118068933, 0.29952577874064445, 0.30079673416912556, 0.29921910259872675, 0.2993585094809532, 0.2959730178117752, 0.2919915127567947, 0.29628972616046667, 0.29472183529287577, 0.29703246243298054, 0.2929586609825492, 0.29164121206849813, 0.29248806182295084, 0.29014214500784874, 0.288274765945971, 0.29302292224019766, 0.289815834723413, 0.29243867099285126, 0.28694053646177053, 0.29142929147928953, 0.28757812548428774, 0.28429135028272867, 0.28803002182394266, 0.28508913051337004, 0.28283285070210695, 0.28627198934555054, 0.2828542720526457, 0.28265128936618567, 0.27876738365739584, 0.2811814323067665, 0.2771050725132227, 0.2783951312303543, 0.27849812200292945, 0.27823703922331333, 0.27626764262095094, 0.2802091781049967, 0.28160472493618727, 0.2747434237971902, 0.27705285884439945, 0.277523014228791, 0.2710536103695631, 0.27261667558923364, 0.2683509816415608, 0.27206146344542503, 0.2686369400471449, 0.27326021855697036, 0.26760344859212637, 0.27029626443982124, 0.27366045862436295, 0.27036462957039475, 0.27339111641049385, 0.26616649981588125, 0.26618098095059395, 0.2675465499050915, 0.2606801646761596, 0.2635558699257672, 0.2660744423046708]
Validation Losses: [0.6940672993659973, 0.6930522546172142, 0.6934188306331635, 0.6930344179272652, 0.6928428113460541, 0.6925148963928223, 0.6926713585853577, 0.6925036162137985, 0.6923836544156075, 0.6924114376306534, 0.6927104666829109, 0.6922937780618668, 0.6925015822052956, 0.6923256367444992, 0.6922578066587448, 0.6926631703972816, 0.6920124739408493, 0.6927658915519714, 0.6923731416463852, 0.6924819573760033, 0.692158930003643, 0.6920144110918045, 0.6920407637953758, 0.692245252430439, 0.6920305341482162, 0.6918563172221184, 0.6920140907168388, 0.6919757351279259, 0.6920119598507881, 0.6923269554972649, 0.6917085945606232, 0.6916564181447029, 0.6919054910540581, 0.6922192275524139, 0.6916698887944221, 0.691963329911232, 0.6918968036770821, 0.6919934153556824, 0.6916761696338654, 0.6918089836835861, 0.691641591489315, 0.6923237890005112, 0.6913255751132965, 0.6914834082126617, 0.6912578195333481, 0.691758818924427, 0.6916907280683517, 0.6913393288850784, 0.6917519345879555, 0.6914260387420654, 0.6918161287903786, 0.6917309761047363, 0.6914002969861031, 0.6914288997650146, 0.6910430565476418, 0.691556952893734, 0.6916619688272476, 0.6909906044602394, 0.6909675300121307, 0.691229335963726, 0.6911674067378044, 0.691285990178585, 0.6910071074962616, 0.6910894885659218, 0.6906765773892403, 0.6909115761518478, 0.6910735815763474, 0.6908380091190338, 0.6910730823874474, 0.6910039186477661, 0.6911364421248436, 0.6911279261112213, 0.6907628253102303, 0.6901780739426613, 0.6913080662488937, 0.6905340328812599, 0.6908980011940002, 0.6910710781812668, 0.690438762307167, 0.69098149985075, 0.6911746338009834, 0.6906168982386589, 0.6902554780244827, 0.6907478123903275, 0.6901261210441589, 0.6905641555786133, 0.6904289722442627, 0.6906966418027878, 0.6903518810868263, 0.6899655684828758, 0.6904546692967415, 0.6901852190494537, 0.6907965317368507, 0.6903032660484314, 0.6900318041443825, 0.6899147257208824, 0.6904255226254463, 0.6899832710623741, 0.6901570186018944, 0.6905029937624931, 0.6901301369071007, 0.689044639468193, 0.6891875490546227, 0.6897481828927994, 0.6895519271492958, 0.6902232766151428, 0.6898375079035759, 0.6895713582634926, 0.689424566924572, 0.6890077814459801, 0.6892534270882607, 0.6899995058774948, 0.6895083039999008, 0.6890336349606514, 0.6887868121266365, 0.6894181817770004, 0.6892723888158798, 0.6889101266860962, 0.6891204416751862, 0.6897724866867065, 0.6888236775994301, 0.6892679780721664, 0.6887576580047607, 0.6886300593614578, 0.6885370686650276, 0.6890506595373154, 0.688337154686451, 0.6888073980808258, 0.6884762719273567, 0.6885620430111885, 0.6885372996330261, 0.6888235062360764, 0.6886581778526306, 0.6883824616670609, 0.6895169913768768, 0.6875464841723442, 0.6873704940080643, 0.6884739547967911, 0.6883958280086517, 0.6884454935789108, 0.6885698363184929, 0.6874703541398048, 0.6882282942533493, 0.6878629848361015, 0.6884766668081284, 0.6873970255255699, 0.6885900497436523, 0.6877525523304939, 0.6874058321118355, 0.6871044635772705, 0.6875174939632416, 0.6872971728444099, 0.6878255903720856, 0.6873604506254196, 0.6874836832284927, 0.6871399134397507, 0.6869408190250397, 0.6864315494894981, 0.6870536059141159, 0.6870368719100952, 0.6865507215261459, 0.6877541467547417, 0.6866209879517555, 0.686952754855156, 0.6863153204321861, 0.6862897872924805, 0.6871016025543213, 0.6864577904343605, 0.6872445791959763, 0.6862292140722275, 0.6865687891840935, 0.6860291510820389, 0.6855635866522789, 0.685212530195713, 0.6853137314319611, 0.6861615628004074, 0.6860381588339806, 0.6862663701176643, 0.6854481399059296, 0.6846230253577232, 0.6850779727101326, 0.6859176754951477, 0.6847951039671898, 0.6859216094017029, 0.6841590479016304, 0.6845340579748154, 0.6835353970527649, 0.6849492788314819, 0.6857617124915123, 0.6844530999660492, 0.6844151616096497, 0.6837098225951195, 0.6844467595219612, 0.6841731742024422, 0.6839946433901787, 0.6837978959083557, 0.6848778426647186, 0.6839357018470764, 0.6839040666818619, 0.6829964816570282, 0.6829609125852585, 0.684366799890995, 0.6819717884063721, 0.683418795466423, 0.6831506490707397, 0.6830415278673172, 0.6811872348189354, 0.6834813728928566, 0.6832799836993217, 0.6821161657571793, 0.6820318251848221, 0.6833892986178398, 0.6818825379014015, 0.6818472966551781, 0.6816963106393814, 0.6814261600375175, 0.6813829764723778, 0.6813620254397392, 0.6820786744356155, 0.6795512065291405, 0.6814830750226974, 0.6813938096165657, 0.680684819817543, 0.6805907860398293, 0.6793091371655464, 0.6792137622833252, 0.6807478293776512, 0.6793864220380783, 0.6805336698889732, 0.6790308952331543, 0.679235503077507, 0.6784883663058281, 0.6795037165284157, 0.6779816299676895, 0.6791796386241913, 0.6799053251743317, 0.6792956590652466, 0.6779071167111397, 0.6774151474237442, 0.6783771589398384, 0.6780909821391106, 0.6773710548877716, 0.6779573485255241, 0.6773952320218086, 0.674373522400856, 0.6763661950826645, 0.6760016605257988, 0.6760525107383728, 0.6765903308987617, 0.6739946752786636, 0.6759887635707855, 0.6768876388669014, 0.677631214261055, 0.6745095476508141, 0.674305222928524, 0.6723226383328438, 0.6732178404927254, 0.6733562350273132, 0.6716694757342339, 0.6721606999635696, 0.6728253439068794, 0.6727970317006111, 0.6737685948610306, 0.6738587394356728, 0.6722953096032143, 0.6724086403846741, 0.671535886824131, 0.6673403605818748, 0.6682585328817368, 0.6675202697515488, 0.6684877797961235, 0.6713005155324936, 0.6708347573876381, 0.6682426780462265, 0.6667898967862129, 0.6657672822475433, 0.6689343824982643, 0.6676888540387154, 0.6685498207807541, 0.6681664362549782, 0.6653556898236275, 0.6708954200148582, 0.6634059846401215, 0.6671155020594597, 0.664521113038063, 0.6657747700810432, 0.6656145602464676, 0.6618461012840271, 0.6674453169107437, 0.6648764163255692, 0.6641961187124252, 0.6605008170008659, 0.660332128405571, 0.6600406616926193, 0.6612207815051079, 0.658801332116127, 0.6632653251290321, 0.6604805067181587, 0.6592574790120125, 0.6586408093571663, 0.6553930640220642, 0.6615109443664551, 0.6607116237282753, 0.6608711704611778, 0.6560288742184639, 0.6559886559844017, 0.659298412501812, 0.6582118272781372, 0.6562693864107132, 0.6565406024456024, 0.6556966602802277, 0.6571828126907349, 0.6578772142529488, 0.6576512008905411, 0.6553494110703468, 0.6538536846637726, 0.6597301363945007, 0.6508149802684784, 0.6463877782225609, 0.6565937027335167, 0.6500743180513382, 0.6528792977333069, 0.6468478590250015, 0.6552538871765137, 0.647980660200119, 0.6436687707901001, 0.6486001014709473, 0.6490064412355423, 0.6451907679438591, 0.6510473340749741, 0.6507653146982193, 0.6453940868377686, 0.6485595554113388, 0.6432106196880341, 0.649475060403347, 0.639991968870163, 0.6420286223292351, 0.6466269865632057, 0.6470581665635109, 0.6440832614898682, 0.6464300081133842, 0.6422836259007454, 0.6430612057447433, 0.642793819308281, 0.6445915549993515, 0.6418268829584122, 0.6419545188546181, 0.6466874033212662, 0.6378969848155975, 0.6354996562004089, 0.6329913437366486, 0.6374171823263168, 0.638404943048954, 0.6351310759782791, 0.6356819942593575, 0.6353350207209587, 0.6411374285817146, 0.6329138949513435, 0.634606659412384, 0.6320638954639435, 0.6329363584518433, 0.6246039569377899, 0.6316816881299019, 0.6260656863451004, 0.6309434548020363, 0.6312950477004051, 0.6260805577039719, 0.6304194554686546, 0.6288730055093765, 0.633277490735054, 0.6225462034344673, 0.6366685554385185, 0.6239652633666992, 0.6261419653892517, 0.6300085559487343, 0.6246212050318718, 0.6228005066514015, 0.6196727529168129, 0.6239331588149071, 0.6251464411616325, 0.6210166215896606, 0.6197904422879219, 0.6204286739230156, 0.6154946312308311, 0.6294731944799423, 0.6197823882102966, 0.6214014068245888, 0.6125101298093796, 0.6144653260707855, 0.6206576004624367, 0.6055441498756409, 0.6162635013461113, 0.6078074350953102, 0.617589183151722, 0.6086077988147736, 0.607569694519043, 0.6067120209336281, 0.6119289249181747, 0.6156287789344788, 0.6103257313370705, 0.6061653271317482, 0.6060610190033913, 0.6039388999342918, 0.6023997664451599, 0.6046935543417931, 0.6097003370523453, 0.6162769868969917, 0.6023198813199997, 0.6061427369713783, 0.6073747277259827, 0.6102635264396667, 0.5935510843992233, 0.6092735826969147, 0.5987567082047462, 0.6076932176947594, 0.5999895334243774, 0.5975627154111862, 0.6018991768360138, 0.6020388081669807, 0.5998533591628075, 0.5987111553549767, 0.5924652591347694, 0.6055532619357109, 0.5979901105165482, 0.5952839553356171, 0.5991774126887321, 0.599674254655838, 0.6004035100340843, 0.5934596583247185, 0.598412349820137, 0.5941179767251015, 0.5873925313353539, 0.5949817299842834, 0.6029116287827492, 0.5988674908876419, 0.5798419341444969, 0.5891610011458397, 0.5951424092054367, 0.5929820239543915, 0.5830831229686737, 0.597516842186451, 0.5937308892607689, 0.5874222218990326, 0.5865594893693924, 0.584331825375557, 0.581463560461998, 0.5966927111148834, 0.5850375220179558, 0.5878548175096512, 0.5792910233139992, 0.5800904259085655, 0.5830537527799606, 0.5831435099244118, 0.5918934345245361, 0.5834068283438683, 0.5820106267929077, 0.5876180827617645, 0.5733550935983658, 0.5851411521434784, 0.5791604071855545, 0.5850865393877029, 0.5779971927404404, 0.5769772380590439, 0.5821143537759781, 0.5726131573319435, 0.5926569178700447, 0.5841722264885902, 0.5813259333372116, 0.5742559731006622, 0.5781154781579971, 0.5732451602816582, 0.581709124147892, 0.5741803199052811, 0.5827249363064766, 0.5709640309214592, 0.5887478962540627, 0.5744650289416313, 0.5727971717715263, 0.5709137469530106, 0.5741352736949921, 0.5819650068879128, 0.5674292296171188, 0.573365718126297, 0.5753532573580742, 0.5700415819883347, 0.5605417937040329, 0.5694273710250854, 0.5641942694783211, 0.5762663781642914, 0.5663696080446243, 0.5680965259671211, 0.5691559165716171, 0.5634700953960419, 0.575033076107502, 0.5650898069143295, 0.5725902244448662, 0.5589974299073219, 0.5602471381425858, 0.5662126913666725, 0.5626427456736565, 0.5758172646164894, 0.5607834979891777, 0.5613544061779976, 0.5535352453589439, 0.5538201332092285, 0.571451298892498, 0.5751805305480957, 0.5623306632041931, 0.5583765581250191, 0.5576224699616432, 0.5653366148471832, 0.5660253241658211, 0.5560435801744461, 0.55584666877985, 0.5608359351754189, 0.5576750487089157, 0.5558106005191803, 0.5729324892163277, 0.5614879578351974, 0.5566973090171814, 0.5592372938990593, 0.5487799644470215, 0.5603233575820923, 0.5838856995105743, 0.5586618408560753, 0.5609307363629341, 0.5509215593338013, 0.5433519184589386, 0.5575722232460976, 0.5592160895466805, 0.543338768184185, 0.5528780966997147, 0.5572311133146286, 0.5522433370351791, 0.5340719223022461, 0.5539785847067833, 0.5534855350852013, 0.5457642003893852, 0.5582824796438217, 0.5489808470010757, 0.5518152341246605, 0.5444747656583786, 0.5495688021183014, 0.5533648431301117, 0.5425894781947136, 0.5468664094805717, 0.5512289479374886, 0.5407194718718529, 0.5455751866102219, 0.5494261682033539, 0.5432668924331665, 0.5515042841434479, 0.5554532259702682, 0.5513984933495522, 0.5296999514102936, 0.5487065240740776, 0.5446086376905441, 0.5416584089398384, 0.5441169068217278, 0.5497498363256454, 0.5540784001350403, 0.5370336398482323, 0.5441034659743309, 0.5369065925478935, 0.5533901453018188, 0.5426232889294624, 0.5349365323781967, 0.5529074296355247, 0.5267356336116791, 0.5342023596167564, 0.5471303313970566, 0.5465755090117455, 0.5408917218446732, 0.5392064899206161, 0.5350862629711628, 0.5431420877575874, 0.5426190048456192, 0.5439523234963417, 0.546594575047493, 0.548738606274128, 0.5339739471673965, 0.5358015559613705, 0.534209918230772, 0.5443913862109184, 0.5487006455659866, 0.5215812362730503, 0.5309367775917053, 0.5423144549131393, 0.5320976972579956, 0.5366234108805656, 0.5467076078057289, 0.5324752740561962, 0.5411578714847565, 0.5375550352036953, 0.5395774990320206, 0.5473458766937256, 0.5466444715857506, 0.5319839268922806, 0.5406261757016182, 0.5352211371064186, 0.5345610454678535, 0.5551993101835251, 0.5405366718769073, 0.5297187194228172, 0.53638556599617, 0.5370420664548874, 0.530315488576889, 0.5461398586630821, 0.5450422391295433, 0.5347662195563316, 0.5374709665775299, 0.5246533825993538, 0.5222184881567955, 0.5173852369189262, 0.5188522934913635, 0.5346226245164871, 0.5384216718375683, 0.553641676902771, 0.5316895581781864, 0.5376146137714386, 0.5157362967729568, 0.5300958752632141, 0.5313878655433655, 0.5366857126355171, 0.5388474985957146, 0.5255837216973305, 0.5415082573890686, 0.5223078057169914, 0.5409512221813202, 0.5240858942270279, 0.5256295874714851, 0.5294244810938835, 0.5341346263885498, 0.5295259356498718, 0.5255355797708035, 0.5271849744021893, 0.5433331876993179, 0.5418315902352333, 0.548706591129303, 0.5309522114694118, 0.525069884955883, 0.5368216186761856, 0.5115617923438549, 0.5503571778535843, 0.5241265594959259, 0.5300582647323608, 0.5285256169736385, 0.5174804627895355, 0.5328491516411304, 0.5171831585466862, 0.5489881858229637, 0.5358662158250809, 0.513137686997652, 0.5397847145795822, 0.5278784930706024, 0.5213671810925007, 0.5139878317713737, 0.5307132825255394, 0.5230490118265152, 0.5367384217679501, 0.5313879400491714, 0.5223513506352901, 0.5379671826958656, 0.5270466022193432, 0.5258452594280243, 0.5277259647846222, 0.5276459008455276, 0.5262632220983505, 0.5108320191502571, 0.5329187363386154, 0.5289256907999516, 0.5357968658208847, 0.5121891349554062, 0.5260863937437534, 0.5496603772044182, 0.5203701630234718, 0.5208936892449856, 0.5437784418463707, 0.5253776721656322, 0.5164088010787964, 0.5355925671756268, 0.5218785889446735, 0.5327163189649582, 0.5097567923367023, 0.5417072623968124, 0.5331897586584091, 0.514938335865736, 0.5283942520618439, 0.5404007025063038, 0.5393646582961082, 0.5321302115917206, 0.5326047949492931, 0.5336948297917843, 0.5453239604830742, 0.5302412696182728, 0.5150125063955784, 0.5432153865695, 0.5467594116926193, 0.5140399783849716, 0.5308864302933216, 0.5272971764206886, 0.5213152691721916, 0.5325212180614471, 0.5466873794794083, 0.5201152786612511, 0.5211281329393387, 0.5294181145727634, 0.5495957434177399, 0.520994957536459, 0.5302152037620544, 0.5235195755958557, 0.516571793705225, 0.5209080949425697, 0.541748620569706, 0.5437848754227161, 0.5354784280061722, 0.5143120363354683, 0.5217754580080509, 0.5474069863557816, 0.5123429074883461, 0.5437560118734837, 0.5239959321916103, 0.5403536111116409, 0.520750604569912, 0.5146687403321266, 0.5175347328186035, 0.5388147011399269, 0.5343730673193932, 0.5396596528589725, 0.5381279326975346, 0.5227699913084507, 0.550642304122448, 0.5427577570080757, 0.5332966819405556, 0.5411143824458122, 0.5177980251610279, 0.5483210235834122, 0.5320064499974251, 0.54369031265378, 0.5322657600045204, 0.5322918780148029, 0.5412118397653103, 0.5193458981812, 0.5581130832433701, 0.5316755250096321, 0.5326733998954296, 0.5331059582531452, 0.5251529589295387, 0.5221558101475239, 0.5278656706213951, 0.5248762965202332, 0.5358669795095921, 0.541393019258976, 0.5154780447483063, 0.5335145033895969, 0.521154098212719, 0.5422356799244881, 0.5255775786936283, 0.5405294671654701, 0.5242900252342224, 0.5558548793196678, 0.539455771446228, 0.5171688683331013, 0.5345177426934242, 0.5305623300373554, 0.5241317413747311, 0.540547139942646, 0.5410104095935822, 0.5270412713289261, 0.5238628387451172, 0.5450033247470856, 0.5164864584803581, 0.5501518808305264, 0.5388295538723469, 0.5389724560081959, 0.5353671424090862, 0.5446610003709793, 0.5128629878163338, 0.5469891503453255, 0.5455258339643478, 0.5392783135175705, 0.5627422966063023, 0.5330978035926819, 0.5500570945441723]
Validation ROC AUC: 0.8275471698113208
Validation Confusion Matrix: [[191, 21], [34, 41]]
Validation Precision: 0.6612903225806451
Validation Recall: 0.5466666666666666
Validation F1 Score: 0.5985401459854014
Validation Accuracy: 0.8083623693379791
Test ROC AUC: 0.7857505070993915
Test Confusion Matrix: [[243, 29], [42, 45]]
Test Precision: 0.6081081081081081
Test Recall: 0.5172413793103449
Test F1 Score: 0.5590062111801243
Test Accuracy: 0.8022284122562674
Validation Set Size: 287
Test Set Size: 359
